gene	0.04uM	0.12uM	0.37uM	1.11uM	10uM	3.33uM	
PSME1	11.225	11.5345	11.9127	11.9069	11.5802	11.7479	
CISD1	10.6939	10.5809	10.6258	10.5662	10.7985	10.5889	
VDAC1	6.03885	6.1318	6.7897	6.9922	6.8029	6.2979	
SORBS3	8.02875	8.1155	7.9632	7.4286	7.43195	7.7395	
SPDEF	7.3077	4.95	5.3938	6.2216	6.31985	5.5255	
ATF1	7.53075	8.2553	8.2543	8.0325	6.7529	7.7594	
SPAG4	6.6135	4.5562	4.2806	4.2736	4.06775	4.2655	
E2F2	4.85425	4.4958	4.1661	4.0562	4.19705	4.3105	
RHEB	11.5704	11.5958	11.7186	11.6669	11.2194	11.4887	
IGF1R	7.0372	7.2206	7.3155	7.8646	7.9111	7.1569	
SLC5A6	8.81405	8.4284	7.8976	7.5743	8.0029	8.0661	
FOXO3	5.8263	5.6541	5.6077	5.6788	6.47275	5.4155	
RGS2	7.7699	7.5279	7.579	7.316	5.6364	6.3618	
GSTM2	5.18895	5.7501	6.0251	5.664	5.3618	5.173	
SCYL3	5.3276	6.4281	5.5408	5.05	5.4793	5.8087	
RHOA	8.968	9.677	9.3078	9.1108	8.29505	8.7828	
TBX2	5.2915	5.5382	5.3346	5.1505	5.27875	5.0786	
DNAJA3	13.5808	12.5226	12.6219	13.2457	13.1462	13.3745	
IL1B	5.6765	6.2098	6.3528	7.6411	8.5436	7.6543	
ASAH1	5.7155	6.0125	6.3569	6.9283	6.73745	6.0432	
DCUN1D4	7.44205	7.5234	7.4146	6.7508	6.8414	7.1675	
DYRK3	7.2631	6.7677	7.127	7.3948	7.68595	7.4949	
RALA	8.55585	8.5873	8.8329	8.5127	8.48	8.0767	
ARHGEF12	5.8724	7.0863	6.4886	5.7922	6.32275	6.6569	
POLG2	7.19295	6.5402	7.1065	7.6601	7.4581	6.4617	
SOX2	7.5735	6.6693	6.4239	6.6837	7.56085	6.4771	
TRAPPC3	9.8778	9.8996	10.2475	10.2971	10.3761	10.3491	
SERPINE1	5.20805	4.4419	5.2759	4.1346	4.09465	4.9527	
TCFL5	4.65755	5.8288	4.0261	5.7791	5.0741	4.0803	
CRK	8.9822	9.4931	9.2397	8.888	9.3547	9.1654	
HLA-DMA	6.82505	7.4343	7.3246	7.3373	7.7149	7.4376	
EGF	4.24745	4.3489	4.2189	4.1096	4.13415	4.3489	
RBM34	9.69265	10.1296	10.168	10.4818	10.654	10.3307	
ITGB1BP1	10.1763	10.105	10.0547	10.105	9.3861	9.745	
SPTLC2	4.472	4.9441	4.8756	4.8136	4.2754	4.583	
ACLY	9.71845	10.6689	10.4589	10.4676	11.0908	10.5358	
APP	13.1469	12.9101	13.1675	13.1696	13.2409	12.9101	
RAD51C	7.31015	7.0823	7.281	7.2778	6.21625	7.2409	
TSKU	4.84365	5.5609	5.5382	5.5018	5.9853	5.46	
SMC1A	9.1696	8.8281	9.0198	8.9643	8.15495	8.4243	
TMEM2	9.2215	10.0976	10.1155	10.5358	11.264	10.6136	
NOS3	4.16395	3.9436	4.1987	4.307	4.3781	4.2884	
YME1L1	8.91195	9.6175	9.4572	8.6997	8.9698	9.1258	
ACAA1	8.0834	6.7331	6.5773	6.907	6.99695	6.6399	
CSNK1A1	8.1224	8.9117	8.7211	8.5596	8.2604	8.4894	
HSPA8	11.4667	12.3747	12.2159	12.2327	11.3783	11.8056	
NFATC4	5.50895	4.7855	4.8864	5.4736	5.87025	5.6287	
CCNB1	12.5057	12.5779	12.5779	12.3832	11.8078	12.2402	
TBP	7.70685	8.3897	8.3593	8.1257	7.65725	7.8961	
SLC2A6	8.76965	7.6102	7.7821	8.546	9.83145	9.399	
WFS1	7.27225	6.0789	5.8863	6.3521	5.8521	5.9474	
EZH2	9.10845	8.8501	8.9279	8.4365	7.2924	7.5851	
UBE3B	7.735	7.941	7.7935	7.9994	8.9559	8.2729	
ICAM3	5.91825	7.2039	7.1443	6.5994	6.263	7.0669	
NPDC1	8.998	8.8158	7.6287	9.2194	9.94695	9.5331	
ALDH7A1	8.31495	8.4331	8.612	7.9465	8.1851	8.42	
BRCA1	6.22035	6.714	6.8277	6.3181	5.04325	4.8756	
NFATC3	10.6887	9.0672	11.7417	11.4787	8.72675	11.5056	
PSMD4	10.7378	11.6449	11.7663	11.4287	11.3853	11.516	
PCNA	13.4246	13.7418	13.6236	13.6324	12.9411	13.1417	
PHKG2	7.3029	6.9826	6.8918	7.026	6.9933	7.3905	
ETV1	6.71985	7.6003	7.4361	7.4727	7.68515	7.4043	
POLR2I	10.0695	10.214	10.079	9.825	9.87655	9.9128	
KDM5B	7.2389	7.092	7.1518	6.9745	8.04965	7.4558	
PSMB8	8.98685	9.3892	9.6001	9.6281	9.71745	9.7521	
AKAP8L	6.41525	6.8527	6.7278	6.9449	7.82945	7.0334	
COG4	8.95875	8.8844	8.812	8.8032	9.0095	8.8102	
MCM3	10.1012	10.254	10.1129	9.66	9.1107	8.7716	
PLEKHJ1	9.5174	7.7636	7.972	7.8845	8.1757	7.9215	
HAT1	8.76325	9.489	9.4025	8.7826	7.6141	8.8901	
TERT	7.18835	6.0311	5.9705	6.0384	6.5581	6.184	
G3BP1	11.039	11.5451	11.4287	11.4596	11.0307	11.358	
SNX13	8.4004	7.647	7.4949	8.0731	8.2625	8.1972	
PAK4	8.64385	8.6176	8.5785	8.2902	8.0676	8.042	
TPD52L2	8.3742	8.0747	7.9994	7.8452	8.16015	8.5309	
DPH2	8.6235	8.8748	8.6901	9.0346	9.41275	9.2576	
PIH1D1	9.1886	8.8032	9.0344	8.6739	8.82735	8.5746	
PRKCQ	6.20585	5.229	5.2673	6.5898	6.13195	5.6779	
SNX6	8.7755	9.0544	9.2898	9.3418	9.4147	9.3904	
EED	7.87815	8.6271	8.552	7.8728	6.93115	7.649	
SHB	8.5822	6.2414	6.7298	8.2662	8.97175	7.0159	
UTP14A	9.40125	10.1714	10.087	10.1804	10.4839	10.4131	
WIPF2	9.0648	8.7877	8.3459	8.6745	9.22625	8.7559	
NENF	10.4915	10.7114	10.9884	10.9191	10.9651	11.024	
TSEN2	8.4758	8.9546	8.7338	9.0463	8.87755	8.8834	
RPN1	12.5402	12.3024	12.5142	12.3747	12.2438	12.3125	
SUV39H1	7.8872	8.0946	8.0973	7.5609	6.57535	6.7225	
C2CD2L	5.75405	5.4675	5.5749	5.913	6.1833	5.9499	
LYPLA1	8.2838	10.1931	10.0261	9.827	8.87795	9.711	
BIRC2	8.60705	8.8	9.077	9.0879	8.5196	8.7133	
GABPB1	8.09485	8.3696	8.3436	8.384	7.79685	8.0583	
MAP2K5	7.85345	7.4821	7.6203	8.1124	8.16735	8.1438	
POLR2K	10.2561	10.8653	10.9604	11.024	10.1906	10.7559	
PTK2B	6.60295	5.4675	5.7601	6.6617	6.89085	5.7601	
PUF60	12.5213	12.8373	12.8909	12.6924	12.7751	12.7137	
DHRS7	8.58275	7.9382	8.5777	9.3478	8.58995	8.484	
PAF1	8.53165	9.1319	9.0022	8.7423	9.1085	8.8818	
ARID5B	6.87315	6.6778	6.5378	6.6333	6.94255	6.7012	
POLR1C	9.1307	8.5728	8.552	8.8219	8.86055	9.0929	
PAK1	6.54875	6.3283	6.3076	6.0734	6.3292	6.1029	
RUVBL1	11.8211	12.0291	12.0893	11.6498	11.4696	11.7743	
AKT1	10.1748	9.6319	9.5859	9.4307	9.2857	9.2514	
CDC42	10.893	11.733	11.6298	11.2442	10.5276	11.2514	
IGHMBP2	5.97635	5.977	5.8546	5.6444	5.92855	5.5294	
SENP6	9.0062	9.1707	8.8645	9.0015	9.53145	9.256	
ADO	5.94635	6.4079	6.5591	6.3731	6.4384	6.6185	
HSPB1	12.1027	12.0629	12.1879	11.7743	11.8519	12.1445	
EBP	7.4187	8.7959	8.5617	8.185	8.8492	8.4679	
TCTN1	7.43845	6.45	6.7278	6.8965	7.2448	7.1949	
AKR7A2	11.0941	11.4035	11.46	11.35	10.9587	11.3844	
CASK	5.77615	5.9422	5.7072	5.8103	5.5281	5.0966	
PPP2R5E	9.4664	9.0391	8.9301	9.3239	10.0462	9.1717	
RRP8	6.7522	6.3039	6.4794	6.2436	6.3165	6.3774	
LAMA3	3.46075	3.4603	8.3787	3.4122	3.4525	8.4892	
PIK3C3	8.9197	8.7681	8.9352	8.9408	9.3642	9.2194	
BHLHE40	4.1219	4.7444	4.8589	4.5325	4.69065	5.2891	
CCNE2	6.3348	6.859	6.8732	6.2428	4.84735	4.4735	
BDH1	5.84705	6.714	6.5939	6.6731	6.39325	6.6901	
FEZ2	5.82935	6.206	6.0254	5.821	6.1846	6.1282	
IKBKAP	9.4143	8.8276	8.937	9.2168	9.4909	8.9995	
SH3BP5	7.0083	7.1375	7.2301	7.6682	7.46815	7.6003	
PPP2R5A	8.74265	8.8329	9.0254	8.8645	9.52385	9.3028	
SGCB	7.45765	8.1963	8.4156	7.5662	6.99305	8.2499	
EML3	9.84685	8.2916	8.4374	8.1845	8.33165	8.2979	
ENOPH1	8.7339	10.3307	10.1228	10.1688	9.64895	10.0737	
BIRC5	11.5521	12.0184	11.952	11.0398	9.6071	10.6161	
CNOT4	6.48825	6.2835	6.3005	6.3039	6.25525	6.1954	
EPRS	11.2652	11.3671	11.3312	11.32	11.2744	11.0894	
SNAP25	5.0026	4.6768	4.7362	4.5011	4.13815	4.3702	
JMJD6	11.1843	11.516	11.2925	11.2265	11.2879	11.1787	
PAX8	5.2511	4.5333	4.7601	5.1959	5.3832	5.2232	
CBLB	5.5701	5.4843	5.7351	5.827	6.68205	6.1847	
SLC35F2	7.87765	8.1454	8.3952	8.3747	7.8683	8.0349	
ANO10	6.2568	6.6968	6.9921	6.7146	6.8163	6.5591	
PDS5A	9.16345	9.6998	9.3986	9.3707	9.28355	9.0111	
DFFB	6.81365	5.7949	5.8383	6.3539	6.59445	5.9964	
STUB1	13.252	13.3648	13.5287	13.3648	9.61095	13.3648	
PGAM1	12.528	13.1055	13.0487	12.6534	12.0982	12.6871	
TGFB3	5.0946	5.1128	5.0477	5.3872	6.6475	4.978	
BAD	9.241	8.9116	9.2493	8.9358	7.75115	9.0878	
XBP1	6.51845	7.494	7.475	7.3311	7.12255	7.092	
NMT1	8.12845	7.5843	7.4766	7.4418	7.9456	7.5614	
PSMD10	7.46935	9.6347	9.4216	9.1919	8.2292	9.0488	
ARFIP2	10.1237	10.8427	10.7375	10.9399	11.3482	11.2547	
RAB11FIP2	7.9889	7.9047	8.0349	8.3256	8.63205	8.3026	
FPGS	8.83135	9.5637	8.8281	9.6178	8.99345	9.3273	
STAMBP	8.8674	8.9546	9.2462	9.1353	9.17595	9.4816	
PRKX	6.906	5.9499	6.2482	6.339	6.63985	6.45	
RNH1	10.4801	9.6574	9.779	9.985	10.432	10.2415	
ATG3	8.31295	8.4798	8.8408	8.7933	8.1931	8.3626	
FAH	7.44885	8.018	7.9698	7.7935	7.434	8.4816	
NCK1	8.24035	8.1015	8.2415	8.2862	8.24315	8.4985	
PLP2	9.3284	9.4884	9.5641	9.5491	9.406	9.417	
CFLAR	5.9359	3.7866	3.8184	4.4393	5.27025	3.9168	
SOX4	4.4859	5.2394	4.8124	4.9427	5.00035	5.0244	
HEATR1	10.6671	11.2265	11.128	11.0396	10.985	11.1532	
TESK1	9.28765	7.0556	7.3905	8.3206	8.99025	7.8853	
HN1L	8.42665	8.8954	8.7406	8.5983	7.6478	8.051	
WDR7	6.7721	5.8178	5.977	6.0948	6.91515	5.9004	
AKAP8	9.48235	8.7445	8.6796	8.7737	9.11725	8.5576	
RRAGA	10.4857	10.3378	10.374	10.3658	10.8265	10.6732	
ELOVL6	8.9367	8.7011	8.7065	8.8901	9.56395	9.1398	
SLC1A4	4.90305	5.3071	5.2184	5.2431	7.1989	6.2405	
ACBD3	6.8397	7.66	7.6846	7.8961	8.46585	8.4331	
GRWD1	8.7473	8.8427	8.5533	7.4851	7.7926	8.04	
PMAIP1	6.9191	7.1076	7.2749	7.1004	6.1728	7.2972	
STAT1	7.5553	6.58	6.4645	7.6128	7.39655	6.7503	
FOXJ3	9.26575	9.4345	9.2437	9.4547	9.6791	8.9756	
TWF2	10.7386	10.6321	10.4856	10.546	10.1009	10.5408	
HDAC6	7.1935	7.4944	7.1841	6.7678	7.4498	7.0522	
MTERFD1	10.5517	10.5143	10.361	10.3861	9.89325	10.2706	
CCND1	5.63835	7.2749	6.8426	6.6023	6.2304	7.1918	
CHIC2	8.53035	8.7933	8.9541	9.1854	8.8276	9.1465	
PXN	13.0291	12.8582	12.9101	12.9603	12.8886	12.9639	
USP7	6.5493	7.3721	7.2653	6.3306	7.00025	6.6486	
NOSIP	7.7851	8.8587	8.8533	8.8243	9.16445	8.783	
PHKB	6.8731	7.0053	7.1604	7.3802	7.2327	7.1413	
DLD	11.2507	11.6826	11.7844	11.6635	11.2383	11.4746	
NFKBIB	6.54415	6.6696	6.6161	6.3682	6.90435	6.5689	
CASC3	9.65125	9.9534	9.8907	9.7706	10.0231	9.8652	
IDE	5.83445	5.992	6.1698	5.7138	5.6229	5.626	
CD40	11.7472	7.3789	8.5526	8.6567	8.5326	8.6812	
MLEC	12.2553	12.284	12.1624	12.0115	11.8786	11.9738	
GLI2	5.2966	4.9983	4.8864	4.8581	5.0486	4.6728	
PRPF4	10.5072	10.4917	10.5489	10.3226	9.6454	9.7205	
MELK	10.8001	10.8092	10.9291	10.5282	8.7874	9.6982	
USP22	12.5094	13.0489	12.8582	12.7485	12.5082	12.5919	
DAXX	8.5779	8.5495	8.2812	8.4284	8.40095	8.2226	
TMED10	10.2264	10.5415	10.5707	10.4917	10.3434	10.5797	
CHERP	10.1641	10.3401	10.2343	10.2205	10.4514	10.2605	
SMAD3	7.63375	8.4221	8.338	8.2481	8.0109	8.4529	
OXA1L	11.4815	11.9959	11.8851	11.95	12.4981	12.1879	
PIK3CA	8.81215	6.9988	7.433	8.4127	8.7733	7.6884	
SNX7	9.2152	8.6395	8.8587	9.0704	9.8806	9.0641	
TRAPPC6A	7.27335	6.167	6.639	7.7791	8.2158	7.6102	
ATP2C1	8.5729	8.2446	8.0629	8.0802	8.3021	8.2137	
CDCA4	6.76435	7.8214	7.6463	7.6128	6.935	7.4676	
TBC1D9B	7.55975	7.6846	7.1328	7.6111	8.0708	7.7516	
USP14	7.86615	6.2528	6.5761	6.553	7.01875	6.5507	
APPBP2	6.24735	6.2561	6.0844	6.1847	6.1502	6.047	
CDC20	13.8051	14.1292	14.0891	13.7436	12.6712	13.0979	
NARFL	8.44795	6.7964	7.0461	7.8932	8.3955	7.5835	
RPS6	14.3967	14.4517	14.4517	14.6578	14.6332	14.6578	
DDX42	8.10995	8.3747	8.4875	8.2662	8.46395	8.2662	
ECH1	11.6383	11.6669	11.7743	12.0629	12.3188	12.1135	
HDAC2	10.5034	10.6025	10.4688	9.7014	9.90125	10.1323	
IKBKE	6.8292	5.3994	5.4535	9.0463	5.4139	5.3099	
CCL2	6.40305	5.5716	5.5857	6.1382	5.48005	5.8087	
DFFA	9.2648	9.3921	9.1303	9.1913	9.38955	9.3185	
MRPL19	10.2787	10.4301	10.4763	10.4528	10.5637	10.5146	
WDTC1	7.5953	7.9433	8.3071	8.484	9.24365	8.4592	
PLSCR3	8.968	8.5417	8.8765	9.1031	9.06345	9.1364	
SUZ12	10.3751	10.6411	10.6566	10.5716	10.3542	10.4171	
CSNK2A2	8.5298	7.8226	7.8514	8.3054	8.851	8.5918	
H2AFV	7.80445	8.0873	7.2111	7.7076	7.55225	8.0747	
NUSAP1	8.3124	10.2845	10.4676	10.0139	8.6819	9.3797	
TICAM1	6.79465	6.9347	6.6974	6.5884	7.09665	7.0338	
FAM69A	9.86995	7.0228	8.6215	8.9416	8.2523	7.7694	
KIAA0100	7.8773	8.8587	8.2979	8.118	8.522	8.33	
PAICS	8.5495	10.184	9.8068	8.7708	7.95035	8.6183	
SRC	5.7477	6.0948	6.184	5.517	5.77865	6.0796	
BMP4	7.2436	4.8298	5.1931	6.264	6.39925	6.1785	
CDK2	9.8532	9.6842	9.6941	9.4366	8.99615	9.1373	
EDN1	7.6659	5.7949	6.1318	7.2149	7.2457	6.653	
XPO7	8.5474	9.5381	9.66	9.2897	8.94125	8.8748	
FAIM	8.7159	8.2395	8.2682	7.7895	8.7489	8.1605	
KIAA0494	7.9129	7.6981	7.5251	8.5966	7.7986	7.6601	
PXMP2	9.34605	9.8736	9.9271	9.4994	9.05	9.3344	
SQSTM1	12.0829	12.6131	12.7651	13.6236	14.2659	13.4551	
HIF1A	12.5499	12.7441	12.6522	12.6219	12.8399	12.7441	
TIMM17B	11.7591	11.4497	11.8756	12.1445	11.4588	11.6669	
STXBP2	4.018	3.8322	3.5921	3.8322	4.4273	4.5096	
WRB	5.76285	6.0643	6.0936	5.8369	5.7383	5.5828	
ETFB	11.7954	12.4149	12.4832	12.4783	12.8208	12.5522	
MNAT1	7.58495	8.5041	8.5808	8.5054	10.216	8.2481	
CAMSAP2	10.2368	9.3563	9.5034	9.649	10.6044	10.0007	
HPRT1	9.8241	11.2736	11.35	11.0591	8.7728	10.176	
ARNT2	11.8627	9.6547	9.402	11.4112	11.6249	11.2925	
RRS1	8.19285	9.1001	8.4878	8.3096	8.8339	8.5148	
ADAT1	7.7267	6.9203	7.2206	6.859	7.52385	7.1518	
SPAG7	9.8209	10.549	10.2924	10.3826	10.751	10.8092	
MAPK1IP1L	9.5524	9.2119	9.2477	9.0979	9.0912	8.8676	
SCAND1	10.5415	11.3076	11.3681	11.7944	12.3978	12.5116	
MFSD10	10.6189	11.1181	10.9361	10.4635	11.0166	10.5938	
MSH6	9.7818	10.6934	10.644	10.4009	9.6977	9.7706	
COPS7A	12.1143	11.4764	11.5451	12.2055	11.9668	11.5871	
UBE2C	11.9962	12.4442	12.6871	11.8756	10.5368	11.702	
FIS1	9.5927	8.7828	9.0641	9.3552	9.31305	9.2114	
HS2ST1	6.2907	5.1815	5.5106	5.6098	5.6288	5.4519	
NUDT9	7.8996	7.894	7.847	8.1277	8.4024	7.8976	
TXLNA	11.1944	11.9738	11.8285	11.702	11.6314	11.7904	
CSRP1	12.0352	12.4873	12.4442	12.4636	12.0886	12.2055	
DNAJB1	10.5398	10.5889	10.6689	10.584	10.2204	10.4763	
METRN	9.33	8.9301	8.937	8.612	9.7844	8.976	
TOPBP1	9.6305	8.795	8.7364	8.6296	8.68825	9.3367	
ABCF1	10.8172	9.9527	9.8528	9.7644	10.5637	9.921	
TCTA	9.18815	9.2168	9.2194	9.63	9.5182	10.1865	
LGMN	8.0987	6.2715	6.071	5.7178	6.34255	5.9071	
TLK2	9.93775	8.7484	8.9143	9.1492	9.8152	9.0756	
KIAA1033	9.01585	9.2189	9.4172	9.3552	9.34	9.3537	
PTGS2	3.86755	3.5512	3.7273	3.989	3.9099	3.8536	
DNAJB6	10.8902	11.0893	11.3076	11.0735	10.9956	11.266	
PLA2G4A	10.4541	7.8166	8.283	9.8597	10.1681	9.5423	
MAT2A	11.8111	11.8951	11.9494	12.3125	12.1719	12.2327	
TLR4	8.1071	9.0283	8.7655	8.6176	7.2187	7.8544	
HMGCS1	8.51015	9.2397	8.9233	10.3631	13.3405	11.2643	
MBTPS1	7.9611	7.7687	7.7958	7.7974	8.1149	7.9697	
SPRED2	10.2745	9.3613	9.4703	10.3307	10.3153	9.794	
ZNF274	7.75055	7.8687	7.352	7.4766	8.2645	7.604	
CLIC4	12.627	13.1417	12.9661	12.8016	12.6653	12.8016	
MAP7	4.496	12.5919	4.1121	4.6035	4.76275	4.4409	
CHAC1	7.971	8.7201	7.5127	8.3934	9.6667	8.5222	
EIF4G1	8.64125	8.2675	7.9005	7.8	7.84715	7.7933	
BTK	3.51695	3.8145	3.506	3.709	3.621	3.4122	
GNAS	13.6875	13.9094	13.816	13.816	13.8627	14.0891	
MYL9	7.44385	5.9181	6.5939	6.744	7.03385	6.7437	
TEX10	9.0744	9.0391	9.0878	9.2928	8.9991	9.0738	
PSMD2	11.8958	11.6813	11.5056	11.3521	11.5049	11.2347	
ZNF586	6.23435	6.2647	6.1316	6.0936	6.1486	5.8798	
CLTC	11.1686	11.8718	11.702	11.4472	11.7661	11.8851	
IKZF1	4.285	4.1121	3.8184	3.8551	4.532	4.3509	
APBB2	7.71235	5.9705	6.0619	6.5665	6.7131	6.2793	
HSD17B10	10.9685	11.0974	11.011	11.1326	11.0716	11.0916	
RNF167	10.7691	11.0423	10.7592	10.932	11.2369	10.9949	
STX1A	8.93715	9.4388	9.1785	9.2419	8.56995	9.2318	
ALDOA	9.05665	10.8847	10.5358	10.2131	9.65765	10.1409	
EPHA3	9.13585	9.5688	9.68	9.8087	10.7255	10.1022	
STAT5B	5.32125	5.2174	5.1772	4.8756	5.1424	5.105	
TXNDC9	9.0187	9.0672	9.4392	9.3824	7.99625	8.7984	
CCNA2	10.0135	10.7017	10.6321	9.7809	7.6353	9.2194	
VGLL4	8.96815	9.0311	9.3744	9.3588	9.8373	9.4546	
CASP10	7.31005	5.2254	5.5495	6.2061	6.5413	6.0434	
SDHB	12.3073	12.7853	12.7176	12.5779	12.3845	12.4636	
ETS1	7.52805	6.5275	6.3688	6.1382	7.06735	6.0948	
YTHDF1	7.61745	8.4697	8.159	8.1704	7.4762	8.0747	
FOXO4	6.87215	7.4681	7.1734	7.4787	8.0578	7.3872	
LSM5	12.3142	12.2425	12.4873	12.3543	11.5897	12.0616	
TOMM34	9.7769	10.4763	10.4183	9.8109	9.67485	10.1971	
ZMYM2	9.08975	9.3816	9.6112	9.5381	10.1769	9.384	
CHMP6	5.3323	5.4825	5.2673	4.9848	5.15495	5.1173	
KIAA0907	9.93285	10.1518	10.0215	9.9959	9.96735	9.9534	
CASP7	7.5854	8.0597	8.7486	8.4727	8.15245	7.7974	
HK1	7.35975	8.673	8.019	7.3988	7.23715	7.6543	
PAPD7	9.7156	8.5333	8.3528	9.2988	9.7782	8.7828	
PIGB	8.82715	8.3054	8.5998	8.7172	8.87195	8.7081	
CHEK2	7.24225	7.6931	7.7257	7.0703	6.3549	6.542	
PLOD3	12.722	13.2457	13.3648	13.0487	13.3133	13.0817	
ACD	8.68445	9.0283	8.8303	8.4798	8.3771	8.6436	
TRAK2	5.36865	5.8863	5.8611	5.913	6.0161	5.7732	
SUPV3L1	10.2014	8.3685	8.1995	9.706	9.8902	9.0576	
VAPB	7.26735	7.407	7.4088	7.3483	7.2469	7.3313	
GPATCH8	8.88855	7.442	7.5803	7.2775	7.3395	7.3664	
HSPD1	11.0583	11.6635	11.4035	11.3623	10.8302	10.87	
BUB1B	11.2833	10.3202	10.1081	10.2475	9.86025	9.6757	
TGFBR2	5.79795	6.3328	5.9145	5.9252	6.35925	6.4445	
MRPL12	12.6643	13.5287	13.2259	12.7889	12.78	12.9661	
NOTCH1	8.28805	8.22	8.2902	9.0821	9.51525	9.133	
PNP	10.2308	10.7615	10.9447	10.9884	10.4168	10.9604	
SHC1	10.0425	9.3597	9.2311	8.995	9.2089	9.5173	
ARPP19	8.72035	9.0885	9.1932	9.3113	8.8976	8.9122	
CEBPA	3.8542	3.9243	3.8934	3.7227	4.19155	3.7677	
PSMF1	9.0652	8.9025	8.1108	8.7441	9.42665	8.9867	
RTN2	10.9398	7.6942	8.9143	8.9352	10.0417	9.4307	
NPEPL1	8.81875	7.4487	7.7426	7.7892	8.28365	8.476	
USP1	7.42045	8.2318	8.1517	7.257	6.11045	6.2675	
RPA1	11.1103	11.1408	11.1548	10.7608	10.4378	10.4586	
SIRT3	7.4091	5.2009	4.7583	4.6035	4.97215	4.9651	
KLHDC2	10.7321	10.3004	10.7356	11.2925	11.5373	10.9704	
UBQLN2	7.73605	8.1155	8.2277	8.2817	8.2588	7.9529	
DMTF1	6.9984	7.5851	7.5574	7.9632	7.09955	7.245	
SCARB1	8.89395	8.6816	8.5139	8.7877	9.8466	9.1707	
CLPX	9.21605	9.1627	9.1705	9.1627	8.9024	8.8276	
TPM1	10.7646	11.2442	10.869	10.4407	9.8618	10.327	
TM9SF2	8.59285	9.4025	9.301	8.9131	9.21625	8.9305	
TXNL4B	8.57475	8.154	8.0394	8.048	8.1779	8.1748	
ATF6	8.57425	9.2025	9.1523	9.1042	9.24715	9.2671	
PRR15L	6.3075	3.9964	4.2951	5.2819	5.49025	4.8298	
NUP88	11.3221	11.5002	11.5527	11.1838	10.8472	10.9813	
ST6GALNAC2	4.9002	4.8756	4.9318	5.1111	5.546	5.0545	
ADH5	9.57855	10.9604	11.1192	10.5954	9.71185	10.717	
FUT1	7.2461	5.5351	6.2679	6.9844	8.24525	6.4391	
GOLT1B	10.4445	11.2228	11.4497	11.4172	10.4052	11.1097	
PRUNE	5.45115	5.6033	5.6993	5.3512	5.2137	5.6644	
PPOX	9.86315	8.7271	8.8954	9.5014	9.8904	9.6395	
SYPL1	11.558	11.8293	11.6547	11.6132	11.4956	11.6956	
CANT1	10.4546	10.2343	10.1523	10.4269	10.1761	10.0779	
ZNF451	7.4843	7.3246	7.5439	7.4636	7.31625	7.2984	
HOMER2	7.57615	6.4036	6.8773	6.907	7.08395	6.5092	
RALB	8.7908	8.9083	8.8997	8.4789	8.4124	8.8076	
CLTB	9.8776	10.0737	10.122	10.0572	9.99	10.6281	
TRIM13	9.5516	8.0416	7.9117	8.7255	9.3908	8.1972	
FBXO7	7.3096	8.3964	8.0802	7.574	8.31875	8.1314	
PHKA1	7.5062	7.6735	7.0905	7.4034	7.6739	7.6634	
CYCS	10.4629	10.9127	11.0448	10.9813	10.1292	10.7751	
PPARD	5.6793	5.7124	5.8749	5.6277	5.5549	6.1318	
ENOSF1	5.4434	5.7613	5.7072	5.6098	4.9705	5.4843	
MAP4K4	7.478	7.8442	7.6463	7.4865	7.3143	7.3445	
PAN2	6.40605	6.2979	6.4998	6.6026	6.5981	6.2324	
STAT3	4.2952	5.3683	4.7337	4.7775	4.23325	4.7076	
LIG1	8.2366	8.427	8.2733	8.6311	7.0015	7.9377	
PPIC	7.7186	8.7876	8.8212	8.0921	8.44085	9.1805	
EIF5	9.836	10.7975	10.6204	10.506	9.92155	10.1374	
GNB5	7.4852	7.5151	7.4473	7.393	7.56855	7.4186	
GNAI1	6.45745	4.3881	4.4326	4.2341	4.30575	4.307	
INSIG1	5.4271	7.1693	7.3284	8.1762	10.6994	8.5785	
DNMT3A	7.4852	5.7357	6.1151	7.7527	7.9957	9.2576	
TM9SF3	9.5247	9.2671	9.4468	9.666	9.0777	8.9035	
CCDC86	10.868	10.1081	9.9101	10.1553	10.2244	10.0979	
HIST2H2BE	7.05785	5.6541	5.5106	6.6161	7.2543	6.8063	
S100A4	12.1717	12.1624	12.3173	12.3881	12.3457	12.3881	
SLC25A14	7.3065	7.2731	7.2359	7.2286	7.20985	7.4518	
KTN1	10.8404	10.7452	10.569	10.5194	10.5686	10.438	
TBXA2R	6.96615	6.0624	6.1463	6.0525	6.56745	6.584	
ARHGAP1	10.0243	10.1933	10.0048	10.1523	10.6434	10.3783	
FBXO11	5.2838	5.5988	5.403	4.9023	4.89855	4.3433	
HERPUD1	8.6326	8.048	7.9529	8.6315	8.25925	8.1372	
LPAR2	6.8432	7.4088	5.877	7.5837	7.77235	6.3186	
COASY	8.0527	8.6739	8.4018	8.2105	8.01235	8.2916	
RPL39L	4.09505	4.8056	4.521	4.3809	3.9073	4.1329	
BPHL	6.9412	6.187	7.5686	6.6934	7.1263	6.6444	
RASA1	6.7273	7.7208	7.8027	7.3196	7.1046	7.6281	
ATMIN	6.34355	7.3406	7.3383	7.0787	6.90735	7.407	
MAPKAPK3	7.17485	6.8669	7.162	7.1795	6.96845	6.8965	
CASP3	10.3619	9.7706	9.7823	9.6731	9.51815	9.666	
MBOAT7	10.6494	10.3296	10.1931	10.6025	10.5779	10.3401	
PNKP	8.38455	7.9215	8.2226	8.2277	8.63595	8.2729	
PSME2	11.2702	10.8847	11.2845	11.2347	11.039	11.1209	
NISCH	8.09385	8.2729	7.8451	7.9433	8.092	8.0301	
SLC35A3	5.97255	6.0525	6.3928	6.1248	6.22915	6.0073	
CPSF4	9.65855	9.3752	9.419	9.4136	9.49455	9.4816	
LSR	6.8828	6.2111	5.897	5.7787	5.56825	5.9869	
COPB2	11.5031	11.6132	11.5958	11.6813	11.9204	11.7341	
MEF2C	5.58815	5.2254	4.9674	5.0995	5.3582	5.5574	
GADD45A	9.6126	9.5166	9.3694	10.1323	10.3158	10.5408	
KDM5A	7.53525	7.7736	7.7224	7.6195	8.16695	7.7783	
FAM63A	6.7027	6.9814	7.051	7.4626	7.81375	7.1399	
SMNDC1	8.80425	9.3028	9.2119	9.1741	8.7692	9.1108	
NUDCD3	8.3106	8.5076	7.9304	7.8742	8.19665	7.8893	
RAB4A	9.3556	11.3043	11.1477	11.0735	11.2185	11.2845	
FGFR2	6.6881	5.3438	5.2953	6.4304	5.8398	7.0423	
IFRD2	11.4371	12.3593	12.1276	12.1358	11.7759	12.2639	
BACE2	8.5197	9.779	9.5149	8.7467	9.9125	9.122	
HMGCR	8.80095	8.454	8.6176	9.2311	11.2217	9.6371	
LYN	5.6183	5.0662	4.9848	4.7977	4.8989	4.8283	
SLC35B1	9.5984	9.7741	9.6982	9.5034	9.20035	9.2838	
ISOC1	8.2245	7.3868	7.9529	7.8709	8.1478	8.018	
TIMP2	8.2705	8.1303	7.658	7.991	9.0675	8.7551	
DUSP3	7.71335	7.3795	7.261	8.0394	8.10205	7.3409	
LSM6	7.96055	8.3003	8.3839	7.6682	6.5902	7.5851	
CALM3	8.02755	6.9174	7.2009	8.0767	7.5472	7.3183	
MOK	8.66495	8.1078	8.0132	7.9956	8.2059	8.066	
PPP1R13B	7.03805	5.1959	5.0786	6.2428	6.4134	5.4349	
SACM1L	9.91675	9.5351	9.6842	9.5729	9.69445	9.4249	
DNAJB2	9.054	7.5283	7.6095	7.8096	8.6644	8.0826	
TCERG1	10.2811	10.3226	10.0569	10.0048	9.52425	9.5103	
CERK	8.1936	7.3899	7.0718	7.7404	7.8067	7.0863	
KIAA0196	9.35855	8.9155	8.8791	9.2567	9.64155	9.4068	
DNM1	8.3428	8.4102	8.395	7.8	7.31225	7.6791	
LAP3	10.0844	10.4676	10.2567	10.5528	10.9911	10.6349	
DDIT4	10.7924	11.3366	11.2347	11.0047	11.0401	11.0004	
MAPKAPK5	8.04485	8.0921	8.2729	8.1654	7.9788	7.9442	
ALAS1	11.3209	10.5998	10.6493	10.8788	11.6164	10.8085	
HDGFRP3	7.51115	8.3308	8.2945	8.02	7.4045	7.7593	
PAFAH1B1	9.93835	8.5035	8.6402	8.8938	9.2435	8.9867	
PRKCH	5.0812	4.8888	4.4212	4.2746	4.6763	4.525	
PSRC1	10.1581	9.8126	9.8049	9.4415	8.95645	9.3588	
RAB21	7.9919	7.1065	7.0718	7.7248	8.10735	7.4343	
ERO1L	6.0586	6.3815	6.155	5.9842	5.4749	5.4155	
PSIP1	10.4874	10.5411	10.6289	9.8973	9.41175	9.5265	
APOE	4.2487	3.649	3.9123	4.126	4.01055	3.8536	
CREB1	6.76695	6.9814	6.7678	6.484	6.5827	6.9248	
MBNL2	8.3131	9.1742	8.1654	8.7977	9.0881	8.9681	
RBM15B	9.05325	8.4727	8.7246	8.3543	8.1768	8.3478	
PACSIN3	8.6207	7.5406	7.5354	7.3045	7.3714	7.3802	
TOMM70A	9.4441	9.5641	9.5531	9.7534	9.78275	9.5423	
CBR1	8.86955	9.0832	8.9635	8.7716	8.9996	9.0346	
MTA1	9.7618	10.0721	9.7692	9.7909	10.1624	10.2226	
MACF1	9.4046	9.6015	9.6569	9.7692	9.5932	9.5894	
PRKCD	8.64105	8.9416	9.0641	8.6903	9.6203	8.9352	
CCNA1	6.3054	5.0244	5.4613	5.5828	5.5455	5.3607	
PIK3R4	7.48285	8.4938	8.1174	7.8976	7.8001	7.9178	
CSNK1E	9.88625	9.5793	9.6525	10.1454	10.5135	10.1804	
HIST1H2BK	7.9549	7.8068	8.132	9.0287	9.33335	9.4448	
JUN	8.87315	6.2098	6.5483	8.2779	8.48925	6.9478	
PCCB	9.9348	10.4815	10.5607	10.9589	10.0853	10.6057	
STAP2	5.272	5.0917	4.9441	5.0128	5.59585	5.2384	
TMEM50A	8.5428	9.0015	9.0258	8.8728	8.4612	8.7672	
PMM2	11.8336	10.2294	10.2643	11.2228	11.7654	10.845	
SCCPDH	10.1083	10.7592	10.7796	10.7089	10.9631	11.0685	
HSD17B11	9.0517	8.9269	9.3537	8.9044	9.13225	8.9301	
TSC22D3	4.9631	4.9113	5.118	5.5263	5.64805	5.5263	
FBXL12	7.0518	7.4884	6.8718	7.2423	7.73415	7.9304	
TFAP2A	7.99255	6.8121	7.3155	7.4949	8.5324	8.3593	
WDR61	8.31135	9.4572	9.5493	8.7607	7.77115	8.9652	
ZNF395	10.5798	8.3528	8.3462	9.6804	9.7894	10.3697	
FAS	4.1906	4.1987	4.6035	4.8844	4.5562	5.4613	
VPS72	8.2025	8.4857	8.4835	8.3799	8.10765	8.7868	
CENPE	8.05445	7.7974	7.8121	7.66	7.10355	6.4229	
CLSTN1	9.45685	8.7528	8.9122	8.7828	8.8418	8.449	
CREG1	10.714	10.8158	11.1326	11.1003	11.1878	11.208	
MAPK9	10.0357	9.0022	8.9666	9.2059	9.0714	8.9868	
PRR7	6.8453	7.1493	7.0423	6.647	6.80305	7.0159	
SKP1	6.283	8.3528	8.188	7.8575	6.82045	7.7442	
POP4	9.7821	10.0447	10.1806	10.1323	9.3713	9.8486	
TMEM110	6.66435	5.907	5.9235	6.0857	6.25925	5.913	
NFE2L2	8.59205	8.2338	7.9532	8.0041	8.6428	7.9117	
ZNF589	6.7074	5.7066	5.6444	6.1179	6.29495	5.7298	
BAX	9.1083	8.6229	9.3945	9.899	10.7253	10.951	
BLCAP	9.2447	9.0784	9.1031	9.3485	9.41195	9.4943	
CNDP2	9.57165	9.4307	9.4288	9.779	9.7935	9.8404	
FAM20B	8.5822	8.1507	7.8416	7.9073	7.95295	8.0268	
PROS1	4.13215	4.6366	4.652	4.6728	4.56625	4.6454	
TNIP1	7.25275	7.4459	7.381	7.1181	8.03235	7.6735	
CRKL	9.6578	8.2553	8.2415	9.0941	8.96685	8.7445	
P4HTM	4.82155	4.0659	4.2806	4.412	5.1804	4.7446	
REEP5	7.64795	9.2654	8.9979	8.7172	8.42365	8.8	
ZNF318	6.4506	5.8824	5.937	5.7551	5.6996	5.5469	
BZW2	10.2017	9.9222	9.8012	10.1129	9.85555	10.0831	
FDFT1	9.6083	10.254	10.214	10.691	11.986	10.9668	
CGRRF1	7.476	7.8976	7.9341	8.1046	7.08075	7.5251	
TRAP1	10.5389	10.5743	10.4029	10.3296	10.1936	10.3454	
AMDHD2	6.3905	6.2931	6.484	6.4506	6.563	6.9814	
GTF2A2	11.7997	11.7626	12.0115	11.7183	10.8446	11.6273	
PEX11A	5.37165	4.2563	4.2488	4.6613	4.46515	4.5562	
PSMD9	9.0975	9.1502	9.1602	9.0536	9.01215	8.9508	
GFOD1	5.62	4.6613	4.4702	4.9809	4.94035	4.8909	
MTFR1	10.1814	9.1765	9.2059	9.822	9.50885	9.6979	
PECR	6.2584	6.187	6.5665	6.4506	6.3283	6.8669	
UBE2A	9.64045	9.8109	9.8996	9.6893	9.53865	9.5817	
NIT1	10.6936	9.6075	9.8603	10.4856	10.5319	10.5199	
SOCS2	5.5891	5.05	5.3037	5.0662	5.2289	5.5003	
SYNGR3	3.8089	3.6858	3.9283	3.7818	3.4835	3.5288	
ZDHHC6	7.27345	7.7076	7.533	7.281	6.8903	7.1264	
ITGAE	9.9254	9.4604	9.901	9.6757	8.84375	9.6569	
NFKB2	4.88895	4.5876	4.3736	4.4642	4.68575	4.5168	
STK25	9.99365	9.745	9.7419	9.8317	9.62355	9.5138	
TMEM5	9.73145	9.3543	9.3302	9.5194	9.1869	9.687	
ABCF3	8.02825	8.3799	8.2105	8.151	8.4529	8.2235	
ATP5S	6.00555	7.1185	7.418	7.5574	6.43035	7.1518	
FCHO1	5.2667	4.1539	6.5749	4.7157	4.5117	4.6718	
NGRN	6.2804	6.7273	4.8455	6.4733	6.56085	6.8527	
HOXA5	8.4745	9.8317	9.5756	9.695	9.7493	9.998	
OXSR1	9.13385	8.9155	8.9462	8.678	8.67035	8.5834	
GRN	10.1691	10.1064	10.8359	11.0552	10.9209	10.8995	
SMARCC1	10.6797	10.7462	10.374	10.5716	10.677	10.7894	
NUP85	9.7038	9.7794	9.7866	9.5817	9.0144	9.1023	
PAK6	4.3151	4.6454	4.5732	4.5876	4.7747	4.3717	
GHR	4.73925	4.7775	4.8316	5.2112	4.99565	4.8425	
GTPBP8	9.40765	9.3744	9.706	9.6347	8.96995	9.3624	
GLOD4	9.4741	9.9866	9.8652	9.8618	9.5516	9.4589	
PTK2	10.7187	9.5742	10.1217	9.5708	10.0713	10.0713	
CDK4	11.8704	12.0893	12.0984	11.9959	11.9123	11.9959	
EPN2	8.22715	6.7624	6.8527	7.6288	7.90055	7.2878	
CCDC90A	5.92375	7.3551	7.316	7.0523	5.6804	6.5591	
IL4R	6.7177	5.366	5.4843	6.0073	7.26085	5.5167	
KIAA0528	7.9957	9.7231	9.9101	10.2436	9.99935	9.7692	
PRKAG2	6.67335	6.3425	6.1623	6.0089	5.8153	6.193	
KIT	4.25345	3.6858	3.2292	3.8848	4.03765	3.9436	
MRPS16	9.81175	10.9776	10.9191	10.9013	10.5002	10.8001	
PTPRC	6.55125	4.7337	6.8158	5.3456	6.70525	5.5749	
RPS5	8.1542	9.5331	8.9927	8.8501	9.4854	9.2654	
NOL3	9.24385	8.0988	8.3359	9.0198	9.05035	9.1645	
PSMG1	9.6726	10.9832	10.8847	10.6525	10.1714	10.3048	
NR1H2	8.28115	6.9921	6.9826	7.2989	7.9746	7.1875	
TMEM97	8.27065	8.7065	8.6658	8.3153	8.23775	8.283	
LRRC41	10.9228	10.3826	10.3962	10.781	11.3504	11.1278	
PLS1	7.6463	7.8096	8.0075	8.158	7.9555	8.1489	
DUSP22	7.24265	6.2271	7.0976	6.0254	7.75725	5.626	
KIAA1279	6.1575	6.8478	6.3877	6.6995	5.8135	6.3456	
RPS6KA1	10.0299	10.4507	10.5168	10.3504	10.6348	10.3504	
TCEAL4	9.13045	9.4249	9.4604	9.5845	10.0771	9.8126	
DCK	8.86205	9.8068	9.2671	8.6816	7.7346	8.2476	
NUP133	9.77975	9.419	9.5617	9.213	9.59065	9.3378	
NUP62	8.3637	9.6371	9.5234	8.6366	8.3413	8.3431	
TRIM2	9.66135	8.78	8.9188	9.7283	10.3563	9.6867	
SNCA	10.2549	9.2768	9.6234	9.8404	10.3363	10.0929	
SPTAN1	6.7929	7.245	7.1443	6.6731	5.85015	6.1624	
MALT1	8.16445	8.4258	7.8932	7.9178	8.54025	8.5223	
VPS28	6.1739	5.439	5.7286	5.2637	5.95895	5.5609	
LRRC16A	5.3095	5.7687	6.1029	5.4349	5.87525	5.439	
YKT6	10.1446	10.5199	10.4775	9.4117	8.48925	8.6583	
CHP	7.85425	6.6896	7.4518	7.8853	9.8492	8.7984	
KIF2C	6.0888	7.3324	6.7997	6.6666	6.54795	6.4845	
NNT	7.8441	8.4569	8.4025	8.3026	8.3701	8.4056	
NR2F6	9.6562	9.5052	9.6178	9.3504	9.1757	9.4908	
COL1A1	6.48275	5.2431	5.258	5.1906	5.03915	5.2759	
EXOSC4	6.97375	7.5418	7.1452	6.7331	7.2019	7.2807	
CDC25A	8.8482	9.0581	8.783	8.1507	7.27495	7.1555	
PDLIM1	7.48345	8.4855	8.2517	7.8254	7.01985	8.4073	
CRELD2	7.70415	6.7796	6.89	6.9988	6.96335	6.7964	
TP53	9.07105	9.2759	9.3305	9.0844	9.58935	9.3896	
IQGAP1	8.82155	8.5311	8.4984	8.3244	8.8369	8.6739	
RRP12	9.3651	10.2436	9.9704	10.0857	10.6348	10.3658	
ACAT2	6.45275	8.3685	8.151	8.0301	9.3657	8.6311	
EGR1	4.5883	4.8581	4.8136	4.9651	5.06445	4.8888	
MUC1	3.9182	4.1968	3.9989	4.0711	3.8396	3.8697	
THAP11	7.00415	7.0228	7.0535	6.7816	7.4057	6.9442	
AURKB	10.6014	10.9072	10.8347	10.1714	9.4607	10.3861	
CEBPD	7.0503	5.9622	5.7298	6.3083	8.14635	7.4487	
HSPA4	11.7049	11.2437	11.0779	11.1209	11.2834	11.1691	
MAST2	7.45705	7.4833	7.6203	7.4146	7.4891	7.3636	
DHDDS	7.7753	6.0936	6.184	6.89	7.10255	6.3539	
TOP2A	12.4093	12.4783	12.5441	12.073	10.4655	11.2265	
GADD45B	6.30435	5.1573	5.2863	5.0863	5.1309	4.9917	
NCK2	5.47555	6.0784	6.0015	5.9705	5.80715	5.4915	
AURKA	7.23595	7.8932	7.9099	7.1322	6.3364	6.6026	
KIAA0355	4.924	5.1563	5.2174	4.9809	4.5287	4.7734	
B3GNT1	7.6842	8.9025	8.5978	8.5728	8.815	8.7672	
DYNLT3	8.62155	8.6395	9.077	9.301	9.6504	9.4003	
CDK5R1	4.84135	5.3569	5.0971	5.0317	4.44735	4.8193	
CHMP4A	8.97955	8.7535	8.8303	8.9298	8.84915	8.7162	
IPO13	9.1653	6.7766	6.9372	7.1086	8.33685	8.0767	
SCP2	6.67195	7.2802	7.3998	7.6545	7.19595	7.086	
ITFG1	6.09925	5.6864	6.4096	6.8628	7.06725	6.6399	
RAD9A	6.4754	6.5133	5.6541	5.6354	5.1894	5.403	
DRAP1	11.5142	11.7663	11.9324	11.8594	11.7264	12.1383	
SPP1	4.7324	5.0128	4.4971	4.8455	5.26995	5.0786	
HYOU1	10.4444	9.0099	8.719	9.0078	9.1002	8.757	
PCMT1	9.6735	10.0159	10.0691	10.0929	9.83195	9.779	
FOS	5.93535	5.1757	4.9917	4.701	5.714	5.7922	
FYN	6.22515	6.5275	6.4176	6.1477	6.68335	6.3098	
MCOLN1	5.66365	5.7083	5.5048	5.2334	5.9056	5.5048	
MYC	6.9741	7.1639	6.9419	7.0519	8.15675	7.519	
ID2	4.20685	4.2493	4.1121	4.0562	4.107	4.0798	
POLB	7.6868	7.6546	7.8596	7.7045	7.4432	7.7076	
CETN3	8.17295	9.4448	9.1966	9.0581	8.2489	8.4388	
KCNK1	5.6387	6.1318	5.8007	6.0185	6.10725	5.9705	
AXIN1	7.84345	6.484	6.4771	5.9626	6.34455	6.0844	
SMC4	10.4037	11.0552	11.0638	10.1177	9.27525	9.481	
RAI14	10.3441	8.8849	8.6739	9.5234	9.02265	9.5894	
SMARCD2	9.12735	8.9672	9.1492	8.8791	8.982	8.9298	
DNAJC15	8.5494	8.8274	8.8199	8.2415	8.204	7.9928	
MPZL1	8.0152	8.809	8.841	8.6605	8.30305	8.5689	
HOXA10	6.86435	7.253	7.5866	7.6987	7.5596	7.6139	
NRAS	8.84865	9.3921	9.0594	8.8849	8.6902	9.0049	
CASP2	5.9314	6.7441	6.4391	6.2098	5.7903	6.0185	
EBNA1BP2	11.0961	11.8056	11.6956	11.6321	11.1657	11.3973	
CTNND1	6.7327	6.8527	6.0713	8.395	9.11735	7.9215	
TATDN2	5.46595	6.4192	6.6995	5.8966	5.98705	6.2931	
LRPAP1	9.6475	9.945	9.9843	10.0305	10.524	9.8317	
ZNF131	7.7888	8.3104	8.1606	8.3478	8.5804	8.7672	
BNIP3L	7.3683	8.4156	8.5704	8.3006	7.7374	8.133	
HOOK2	5.37145	5.4349	5.3164	4.9391	5.75895	5.2637	
ERBB2	8.63015	8.0921	8.6567	8.4835	9.3235	9.0192	
TBPL1	8.26765	8.8747	9.0149	8.9849	8.11025	8.283	
INTS3	8.267	9.1353	8.8276	8.5714	8.5576	8.9044	
RAE1	10.2748	10.6776	10.7559	10.5143	10.2758	10.5966	
CDK1	10.0487	10.4289	10.5871	10.2391	7.9032	9.2898	
RFNG	9.8543	7.8068	7.8742	9.2495	9.4725	9.1258	
MICALL1	7.69265	7.7761	7.6783	7.74	7.3888	7.8852	
SLC35A1	8.5142	7.9956	8.0472	8.1343	8.462	8.2916	
KLHL21	5.92555	6.4036	6.184	6.3769	7.46635	6.8664	
NIPSNAP1	8.6559	9.1116	9.2898	9.3302	9.7847	9.7256	
BCL7B	7.0734	7.0663	7.0268	6.9627	6.97765	7.162	
TLE1	8.9012	9.4268	9.2819	9.276	9.44725	8.995	
FZD7	8.3914	7.1297	7.205	6.9615	8.0816	6.6444	
TIMELESS	10.1896	9.3697	9.3824	8.7984	8.4062	8.5242	
COG2	8.2012	7.658	8.1507	8.2169	8.555	8.3849	
DHX29	7.76705	7.9465	7.6601	7.4716	7.2291	6.9099	
MMP2	10.1003	8.8857	9.3595	9.2813	9.79855	9.738	
MRPS2	9.4604	9.3552	9.7374	9.4954	9.95695	9.3485	
KCTD5	6.91275	7.0643	9.186	6.8718	7.034	6.9581	
TCEA2	10.4962	9.7419	9.9303	10.0285	9.97915	10.03	
CNPY3	7.56915	8.6481	7.636	7.3721	8.2448	7.5915	
FHL2	8.87085	8.1762	8.7271	9.384	9.1345	9.4068	
ADAM10	9.2293	9.4463	9.0913	9.1829	9.2619	9.1364	
FKBP4	13.4623	11.9953	11.8951	13.0979	12.5361	13.0489	
CD58	9.86565	10.3362	10.8633	10.6634	10.0787	10.2713	
KAT6A	7.61925	6.9627	7.2366	7.5146	7.61825	7.1841	
CDK7	10.8484	10.5617	10.8085	11.1787	10.8153	10.857	
KIF5C	5.3285	4.6157	4.9567	4.6173	4.61755	4.6613	
HMG20B	11.7503	11.1912	11.4787	11.4885	9.19635	11.468	
MAP3K4	6.488	7.2593	6.9511	6.45	6.13735	6.4667	
PIN1	11.4358	11.6956	11.7944	11.9494	11.8596	11.5797	
ZFP36	9.1212	8.8645	9.0607	9.3421	10.7649	9.5318	
INPP1	8.05525	7.972	8.1695	8.6098	8.7545	8.6196	
LAGE3	5.9546	7.4253	7.3311	7.1585	6.91725	7.2173	
RAC2	4.2312	4.3489	4.1558	3.9436	3.9218	4.0465	
TNFRSF21	11.312	10.445	10.4871	10.87	11.003	10.6411	
HMOX1	5.82075	6.3131	6.3769	6.2557	7.7848	6.7584	
KIF14	7.4489	7.9178	7.892	7.6931	6.25455	6.0598	
COL4A1	11.6896	11.4787	11.5797	11.0678	10.2251	10.3128	
DUSP6	11.0329	11.3521	11.1718	11.8965	11.5236	11.6744	
CYB561	8.3788	8.6194	8.2277	8.1963	8.5715	8.1844	
EPB41L2	9.55525	10.1217	9.8793	9.4025	8.52145	9.0311	
GNAI2	8.74965	9.0022	8.78	8.4203	8.5236	8.6511	
HTRA1	5.766	5.7601	5.4349	5.937	6.7094	6.8872	
TSTA3	7.345	7.647	7.5662	7.3988	8.18035	7.5962	
WASF3	5.78565	5.8546	5.897	5.8546	5.83545	5.7205	
DNMT1	13.0928	12.5142	12.4149	12.2639	12.1905	12.0184	
TSPAN6	7.71515	8.048	8.1888	8.2675	7.4762	8.198	
FBXO21	9.84485	9.1579	9.316	10.1081	9.9097	9.5787	
RAB27A	8.21665	6.2374	5.9935	6.7997	6.79005	6.4197	
DDR1	6.97965	6.6161	6.5983	6.4304	7.9763	6.9893	
PPP2R3C	7.95115	8.3682	8.7929	8.6845	7.19535	8.5365	
ADRB2	5.31675	4.9917	4.9848	5.2863	4.86505	4.8909	
LPGAT1	9.58825	9.6731	9.8358	9.7794	9.75085	9.4392	
DUSP11	9.6224	8.3986	8.7239	9.0772	9.029	8.9672	
GRB10	4.4478	4.4735	3.9683	4.1539	4.3093	4.1442	
MMP1	8.4191	7.7467	7.7999	8.8102	8.22155	8.673	
TP53BP2	10.7896	10.9704	10.7114	10.8092	11.1562	10.7737	
CDKN1A	9.353	9.5926	10.0721	12.3336	12.3299	12.4122	
ZW10	8.7462	9.2495	8.9769	9.158	8.63165	8.5808	
CORO1A	8.34925	6.0089	6.1075	7.781	7.9167	6.32	
TJP1	7.1425	6.5236	6.684	6.6569	7.00895	6.8073	
ABCB6	8.10785	8.1099	8.2068	7.972	8.5558	8.1257	
XPNPEP1	7.5026	8.3952	7.6415	7.604	7.9501	7.6259	
MAMLD1	3.98255	4.0477	4.4086	3.9386	4.2084	3.9616	
MTHFD2	10.8973	11.4112	11.4172	11.1041	10.1561	10.5888	
DSG2	6.5788	6.1131	6.4445	6.2709	5.9317	5.6661	
PRAF2	9.9969	10.6964	10.7141	11.1477	11.4419	11.1937	
DNTTIP2	10.5351	10.5966	10.5938	10.5818	10.5772	10.5998	
SLC27A3	9.0219	7.2366	7.2802	9.1205	8.83845	8.4569	
CD97	9.19505	8.8471	9.0979	9.1023	10.0259	9.237	
HTATSF1	11.5581	10.8257	10.6055	10.9402	11.2894	10.5266	
IL13RA1	7.93405	6.1316	6.6617	6.7331	6.7232	6.6778	
NCAPD2	11.2137	10.3424	10.197	9.8317	10.1092	9.7213	
AGL	10.4244	6.2414	6.3425	6.8399	6.85425	6.5202	
TMEM109	10.4339	10.4407	10.3523	10.1875	9.79115	9.5934	
CDC25B	12.0447	12.2055	12.284	12.0291	11.8348	11.5553	
ICAM1	6.202	6.0131	5.9949	5.9004	6.911	6.2098	
GATA3	5.15325	3.7866	3.9386	4.0125	4.2694	3.9283	
NUP93	9.2271	9.7521	9.3239	9.2687	8.496	8.8849	
PLA2G15	7.04575	7.0799	7.1297	7.1024	6.9159	7.4982	
RPA3	7.8229	9.481	9.3904	8.7042	7.3054	8.0946	
PIP4K2B	6.73605	7.7531	7.4253	6.9826	7.4092	7.4427	
TES	11.9376	10.8548	10.717	11.5797	11.7004	11.0358	
MYCBP2	7.322	6.9449	7.0018	7.0043	7.24	6.8718	
SPR	8.2571	8.279	8.3919	8.5526	8.62975	8.5054	
PGRMC1	10.6544	10.8249	10.845	10.6349	10.2491	10.4102	
RELB	5.262	5.3037	5.7158	5.2863	6.08025	5.3037	
AARS	10.8587	10.9904	10.7197	10.0224	10.6833	10.4568	
EPHB2	5.1268	5.1931	4.9848	4.8316	5.1329	4.8844	
GPC1	7.0758	6.5029	6.3328	6.7544	9.1999	7.1413	
RPIA	10.8085	11.011	10.8929	10.7452	8.29685	10.6289	
ELAC2	11.9726	11.2325	11.2436	11.4024	11.3953	11.1548	
GPR56	10.8138	10.6921	10.7592	11.216	11.3396	11.5451	
NVL	9.68575	8.7977	9.154	10.0092	10.3545	9.3478	
PLSCR1	6.9252	7.2306	7.2381	7.3406	6.4373	6.9323	
CHEK1	9.24465	9.2746	9.301	9.0154	8.00565	8.5074	
CTSL1	11.0875	11.5994	11.4746	11.8056	11.9355	11.6145	
CTSD	9.43865	8.8676	8.8158	8.757	10.0544	9.683	
ME2	8.39675	8.3462	8.6284	8.7777	8.5139	8.719	
ARHGEF2	8.88775	9.2134	9.111	9.1465	9.5177	9.2567	
PDGFA	6.2483	6.1549	6.4192	6.8236	5.97275	6.3926	
ILK	9.18485	9.2025	9.256	8.8678	9.32055	9.2178	
WDR67	9.01755	8.0007	8.1343	8.2448	8.29175	8.2285	
NFIL3	5.9487	6.5991	6.3725	6.1253	6.43565	6.0619	
RFC2	9.23495	8.9564	8.9143	7.9792	6.8531	8.1013	
ARL4C	7.88685	6.9347	6.9615	7.9073	8.4261	7.8893	
TIMM9	11.0689	11.4342	11.516	11.5451	11.1977	11.216	
CPNE3	11.4419	11.9494	12.079	12.2834	11.8948	12.0893	
ORC1	11.2076	9.1001	8.9787	10.075	9.66675	9.1903	
C5	5.68975	4.3489	4.5264	5.3531	5.2444	4.5535	
PARP2	8.1166	8.5695	8.4892	7.5461	7.2423	7.1185	
FASTKD5	9.00915	9.3962	9.1464	9.316	9.11045	8.7681	
SCRN1	9.9707	10.1523	9.9072	10.0624	10.401	10.0666	
MAN2B1	7.26735	7.5146	7.3664	7.4088	8.07985	7.5533	
PTPLAD1	8.31735	9.8172	9.7692	9.6663	9.3422	8.1055	
MSRA	7.28785	6.4771	6.7503	6.8158	6.9468	6.9814	
NFKBIA	7.1507	7.1582	7.1693	7.1569	7.9056	7.1141	
DCTD	10.0666	9.7624	9.7644	9.8358	9.60765	9.7624	
SYNE2	5.08925	4.9262	5.0784	4.6751	5.1685	4.4188	
MBNL1	10.6836	11.0047	10.9589	10.7559	10.516	10.3819	
UBE3C	10.1356	10.4528	10.4269	10.2825	9.9401	10.3631	
CCDC92	5.84845	5.6143	5.9378	5.8018	5.9912	6.0784	
MYCBP	10.2091	10.8085	10.8676	10.7281	9.6206	10.2854	
CXCL2	3.8186	4.151	3.8184	4.151	4.28985	4.2237	
PTPN1	9.9578	9.7256	9.6979	9.3896	10.0257	9.8151	
BRP44	9.7912	9.7692	10.0007	9.9222	9.78915	9.8172	
TIMM22	7.5963	7.8596	7.7123	7.6896	8.0211	8.1668	
ATF5	8.18185	8.702	8.471	8.4621	8.47705	8.8587	
ECD	8.93415	9.0777	9.0399	8.6722	8.3903	8.3919	
CIRBP	9.36605	9.576	9.5637	8.9474	9.0894	9.3305	
NSDHL	8.66635	8.5591	8.7655	9.419	10.5394	9.7809	
ADI1	9.2459	9.5742	9.6639	9.3113	8.9611	9.3302	
NFKBIE	6.4385	4.9227	4.9796	5.3323	5.5294	5.5438	
ADCK3	4.73105	5.0477	4.9113	4.7344	5.4487	5.028	
PRSS23	9.80255	10.168	10.0503	10.0133	10.4925	10.3555	
CCNH	9.78005	9.8449	9.738	10.0418	9.5093	9.8813	
GDPD5	7.8055	6.7298	6.732	6.8236	7.26195	7.3112	
P4HA2	7.1639	7.2271	6.9615	6.9537	6.8534	6.7766	
TARBP1	8.25785	8.6132	8.4592	8.5418	8.69395	8.3394	
ATP6V0B	7.82225	8.4937	8.3401	8.2684	7.9508	8.2138	
RBKS	5.68955	4.72	4.8581	4.8589	4.94465	4.7157	
CAPN1	4.072	4.2841	4.2493	4.4612	4.21325	4.1121	
KDM3A	8.57375	8.8911	8.7708	8.6642	9.08405	8.4984	
BID	6.89365	7.6195	7.4146	7.4286	7.04135	7.6111	
STXBP1	6.53605	7.1841	7.2465	7.2088	8.09965	7.1141	
ITGB5	9.67005	10.0779	10.2131	10.0333	9.89915	9.9634	
MTF2	8.5076	8.4056	8.3799	8.5025	8.83165	8.1015	
HLA-DRA	9.68265	10.9668	11.1895	11.181	11.1683	11.0748	
SLC11A2	10.8829	6.2199	6.1934	6.1047	6.41485	6.1623	
PDIA5	5.4131	5.1173	4.9969	4.307	4.538	3.87	
PIK3C2B	3.7865	3.9168	3.9623	5.05	4.01945	5.1483	
RAP1GAP	5.7852	5.1173	5.2112	5.9378	5.6789	5.4012	
SLC25A46	9.4087	9.9775	10.1228	10.3738	10.1003	10.1563	
CDK19	7.37045	6.653	7.0705	7.1375	7.9531	6.859	
NOLC1	10.1234	10.3725	10.0456	10.196	10.1421	10.0503	
CAT	10.2711	10.4871	10.5627	10.5082	10.2262	10.6258	
KIAA0753	8.41285	7.3383	7.6288	7.9697	8.08275	7.9632	
DUSP14	8.18315	8.0132	7.9065	8.6395	9.04025	8.6321	
KAT6B	7.02475	6.9779	6.9588	7.0121	8.27255	7.2681	
CHN1	8.4162	5.594	5.6644	5.5681	5.48775	6.4593	
HMGA2	9.27005	9.9303	9.7213	9.7205	9.31015	9.5052	
IGFBP3	8.2399	8.1956	8.1555	8.5379	9.15375	8.9104	
MAPK13	6.22015	4.7583	4.3529	4.7337	6.3443	4.9023	
TRIB1	7.63205	7.4376	7.5279	7.5305	7.3088	7.5233	
UFM1	9.03195	9.4589	9.2394	9.4172	9.08645	9.5877	
GNA15	7.05045	4.8954	5.1505	5.7124	6.70425	5.7205	
TP53BP1	8.07505	8.7239	8.3917	8.7337	8.47295	8.3104	
FRS2	6.5967	6.4263	6.1382	6.2785	7.4801	6.3992	
IARS2	9.54955	12.4122	12.5352	12.5116	12.0666	12.0984	
BECN1	9.6991	9.3478	9.4943	9.7374	10.1294	9.8618	
GATA2	5.89495	5.6857	5.4155	5.1433	5.7438	5.6993	
KDELR2	7.64675	8.1606	8.3209	7.649	7.6295	8.334	
RALGDS	8.47525	8.5365	8.3256	8.0973	9.58835	9.0099	
ELAVL1	8.39515	8.4835	8.1373	7.6981	7.7586	7.8319	
NRIP1	9.26955	10.6069	10.7254	10.6821	9.89455	10.5528	
CCNB2	12.2997	12.1766	12.3747	11.8285	11.141	11.4226	
IFNAR1	8.34765	5.8561	6.339	7.6436	7.803	7.224	
MIF	14.261	14.6087	14.6578	14.4428	13.7967	14.5724	
RNPS1	13.6124	13.6324	13.6324	13.1675	13.6494	13.5048	
DAG1	7.03715	8.0548	7.8276	7.7395	7.9996	7.9672	
SATB1	4.6015	4.9527	7.8362	4.5264	5.02255	4.5989	
ARID4B	8.43935	8.3071	7.7208	7.8121	7.95275	7.4853	
IGF2BP2	7.56465	7.7958	8.1704	8.1914	8.36725	7.9154	
GSTZ1	7.65385	8.2324	8.5194	8.1654	8.4816	8.6496	
IGF2R	9.42275	8.7065	8.757	9.1404	10.0268	9.2643	
SESN1	6.1566	5.9705	6.5617	7.8214	7.464	7.9676	
TIPARP	9.4635	9.3752	9.7573	10.4688	11.2992	10.4064	
CRTAP	8.08845	8.5576	8.2448	8.0075	8.187	8.0587	
SPEN	8.57525	8.159	8.6605	8.4892	8.8922	8.259	
GMNN	11.8719	11.95	12.1096	11.8851	11.2062	11.719	
PFKL	6.8276	7.2784	7.1086	7.2271	6.98385	7.2593	
CYTH1	6.07075	6.4373	6.1623	6.1131	5.49175	5.8178	
PDHX	9.2697	9.3962	9.3418	9.5542	7.81805	8.8968	
DENND2D	7.318	4.4493	4.3318	4.2341	3.8837	4.2488	
PRCP	8.25925	7.6387	7.7027	7.9591	8.0423	7.7677	
CTTN	6.14775	7.2837	7.1322	7.074	8.2465	6.732	
SMARCA4	8.883	9.3624	9.119	9.0784	9.0002	8.811	
PYGL	10.7766	10.4379	10.2011	10.7375	10.5979	10.6921	
UBR7	9.5402	10.0899	10.3955	9.8736	9.80485	9.0311	
GRB7	10.693	7.8646	9.611	9.7101	10.4118	10.764	
RPA2	10.8806	10.1129	10.2044	9.998	9.0835	9.822	
CD44	11.027	11.9275	12.016	12.0616	12.632	12.2728	
ERBB3	9.6458	9.7735	9.7137	9.5331	10.8962	10.0511	
GTF2E2	9.5663	9.7573	9.8172	9.7692	9.8817	9.7101	
VAV3	5.76495	4.5603	4.3791	4.583	4.97555	5.1173	
ABHD6	7.47245	7.171	7.4851	8.051	8.2997	7.6453	
ANXA7	8.4959	9.1913	9.3344	9.1742	8.7525	8.7445	
MAPKAPK2	10.8771	9.8528	9.8015	9.9546	10.396	9.745	
TXNRD1	11.8559	11.952	12.1135	12.444	12.5819	12.4149	
CAB39	7.25105	7.8774	7.7123	7.3948	7.45455	7.5003	
FZD1	7.5835	5.8863	6.2199	7.442	7.4779	6.0089	
CRYZ	9.20505	9.706	9.5926	9.8751	8.5269	9.2059	
TIAM1	8.2174	7.1319	7.3023	6.8749	7.28165	6.5053	
DNM1L	11.1251	11.0652	11.0894	11.0015	10.7289	10.96	
GAA	4.83885	6.0784	5.7854	5.9964	5.40625	5.9252	
DERA	10.2353	10.254	10.2349	10.7114	9.78635	10.7015	
SKIV2L	8.30735	9.04	9.0154	9.1146	9.8065	9.04	
BLMH	9.4235	9.901	9.825	9.576	9.36695	9.4863	
PTPRK	11.126	8.3367	8.6132	9.9347	9.4226	8.8969	
HERC6	6.1906	6.0789	5.9235	6.3005	7.07055	6.5873	
RRP1B	8.86685	8.9117	8.6034	8.5808	8.64695	8.3799	
MKNK1	10.0492	9.3342	8.5918	9.5655	9.7819	9.5787	
TSPAN3	7.7892	9.5877	9.3311	9.0456	8.87645	9.1146	
ACOT9	6.41705	10.4731	10.3523	10.1608	9.65555	9.9073	
PIK3R3	6.2911	5.2819	5.3747	5.46	5.77175	5.2184	
KEAP1	9.97945	9.9271	9.8973	9.9365	10.5646	10.0391	
ST3GAL5	8.9279	7.2242	6.995	7.418	7.92475	7.6462	
CTNNAL1	9.0104	9.0131	8.9122	8.2235	7.224	7.4576	
TFDP1	10.4824	11.0358	11.1181	10.8929	10.1951	10.4856	
ABHD4	5.3896	5.3747	5.3164	5.0419	5.8223	5.5857	
SMC3	8.98005	9.6236	9.5323	9.1339	9.60445	8.937	
INPP4B	7.88605	8.1949	8.5333	8.4467	8.6765	8.7211	
LBR	9.3519	9.43	9.6175	9.2189	8.7205	8.5418	
PPIE	11.2416	11.1718	11.2265	11.2793	11.027	11.1718	
ZMIZ1	10.2999	10.7608	10.5797	10.9033	10.9298	11.0238	
PPARG	8.5095	9.2276	9.3378	9.0756	8.1382	8.6947	
TERF2IP	11.2893	11.1041	11.222	11.687	11.7725	11.687	
BNIP3	11.2067	11.3117	11.3623	11.1741	10.299	10.3994	
RPP38	6.73705	7.0305	7.2942	7.4944	7.287	7.1925	
BCL2	5.8893	5.2994	5.3569	4.9427	5.49595	4.7988	
CAST	9.76225	9.3521	9.4589	9.738	9.74725	9.4268	
BAG3	11.5226	11.5797	11.4154	11.6273	11.8591	11.5183	
RBM6	8.34255	8.188	8.0674	7.9886	7.9249	7.9889	
CSK	8.8528	8.6947	8.5425	8.9927	8.991	8.7929	
GNA11	9.36915	9.1163	9.0827	8.4475	8.5459	8.4129	
ALDOC	8.38045	8.6845	8.6745	8.6132	9.20225	8.6459	
TOR1A	8.9182	8.9564	8.8729	8.7645	8.3059	8.6722	
SLC25A13	10.2402	10.0979	10.1523	9.9534	9.99985	10.3105	
UBE2L6	10.337	9.8645	10.2196	10.1002	10.3178	9.9747	
SYK	6.80675	4.2746	4.5073	5.6993	5.33775	5.8613	
TSPAN4	11.3823	11.9069	11.7417	11.6481	11.576	11.846	
NR3C1	7.5435	5.3071	5.3651	4.9809	5.6147	5.2823	
PCBD1	10.2954	10.1804	10.263	10.7796	10.6231	10.6761	
ICMT	9.2942	9.108	9.3196	8.9732	8.7287	8.5139	
TRIB3	11.7896	10.932	10.9127	11.3973	11.6762	11.5078	
EIF4EBP1	10.5106	11.1937	11.015	10.6934	10.0987	10.9118	
PHF15	7.10185	7.9982	7.7317	7.3085	6.74045	6.9779	
CXCR4	9.2131	4.5011	4.4086	6.3186	9.0205	4.7152	
GNPDA1	10.0027	10.2643	10.384	11.015	11.3794	10.7976	
CCND3	8.23005	7.9322	8.019	7.5479	7.1638	7.3905	
FKBP14	5.1645	5.5167	5.1906	5.1757	5.46075	4.8844	
CIAPIN1	9.64815	9.7335	9.9534	10.2343	8.5054	9.8314	
NUCB2	8.5504	7.8845	8.1124	8.132	8.00135	7.9956	
COG7	9.3148	8.476	8.6745	8.7291	9.44865	8.568	
RSU1	8.14265	7.6038	7.3795	7.3689	7.75705	7.543	
PTPN6	5.28215	4.0261	4.3236	4.3881	4.49655	4.151	
TUBB6	7.42945	10.0713	10.0979	10.1409	6.94375	10.105	
ABL1	9.0444	8.7718	8.6796	8.5766	9.1174	8.797	
DUSP4	10.4493	10.5627	10.5026	10.8554	11.7726	10.8427	
CCNF	6.5913	7.6095	7.3992	6.4049	5.3402	5.913	
PTPN12	10.4032	10.9017	10.8065	10.3555	10.4401	10.5116	
HSPA1A	9.46095	10.546	10.3826	10.3202	10.2267	10.0721	
PCK2	8.22625	7.3198	7.4427	8.0155	8.17205	7.6739	
FAM57A	8.82085	8.7359	9.154	8.471	8.7066	8.3496	
RB1	8.6892	8.8748	8.881	8.8141	8.7346	8.6946	
EVL	6.2259	6.0758	5.6277	5.252	5.0431	5.9266	
GFPT1	6.8708	7.2039	7.2173	6.8509	6.89655	7.2013	
BLVRA	9.4307	8.5139	9.0113	9.0787	8.62395	8.7461	
GPER	6.5985	4.1733	3.8428	3.7684	4.21295	4.399	
EAPP	6.74255	7.4043	7.5075	7.5864	10.0318	7.3933	
S100A13	12.917	12.9966	13.0817	13.0114	13.1881	13.0487	
EXT1	10.3301	9.9135	10.1064	10.9291	11.1096	11.2076	
MYBL2	9.5491	9.63	8.9886	8.0446	6.45895	7.7492	
POLE2	7.98945	8.0921	8.0826	7.2306	4.96435	6.0939	
STX4	9.32485	9.1836	9.1836	9.2514	10.1215	9.825	
PLCB3	9.13855	9.237	9.1181	9.0391	9.16005	8.9703	
TMCO1	12.5215	12.7485	12.8373	12.7853	12.4706	12.6248	
C2CD2	5.32105	4.4326	4.7855	4.8888	8.0438	5.6052	
PARP1	10.8435	10.9681	10.918	10.6258	10.5397	10.3937	
ANKRD10	8.3079	8.5998	8.6229	9.0311	9.0805	8.5628	
CCDC85B	9.67405	9.6119	9.5934	9.2437	10.1038	9.7624	
DDB2	8.1331	8.467	8.5076	9.7735	9.49075	9.9222	
DDX10	8.20095	8.066	8.6459	8.3487	8.1003	8.0597	
BAMBI	7.8529	8.3209	8.3279	7.9377	7.6507	7.636	
CEP57	8.03165	6.9696	7.6288	7.6338	7.60895	7.1114	
HADH	8.81665	9.0514	9.1414	9.0263	8.27455	8.6033	
RAB31	7.0982	6.4699	6.5275	6.3992	5.95695	6.1488	
ABCC5	5.079	4.8283	5.3071	4.6961	4.87205	4.2736	
GLRX	10.2507	10.1161	10.1105	10.7141	10.2589	10.2789	
MVP	10.3806	10.5266	10.6192	11.1937	12.1758	11.4172	
RFC5	9.6226	8.4203	8.5025	7.9202	7.1543	7.3622	
HES1	7.45195	7.0461	7.1808	7.2423	7.35495	7.3311	
STMN1	10.9525	11.0071	11.3043	10.7015	9.1989	9.7717	
GALE	10.5977	10.6192	10.6608	10.691	11.0821	11.0893	
KLHL9	8.5271	8.384	8.6894	8.7505	8.9056	8.7423	
PTPRF	9.45205	8.2553	7.8826	8.0367	8.442	8.564	
UBE2J1	8.2653	7.0159	7.381	7.8543	8.1984	7.1721	
PGM1	9.80275	10.087	10.1374	9.8195	9.73055	9.6042	
SLC37A4	6.85165	7.5393	7.5418	6.5053	6.1254	7.1024	
LOXL1	5.41635	4.9796	4.621	4.9527	4.5373	4.7988	
PLK1	10.2247	11.0313	10.8653	10.3146	7.0028	9.63	
MYO10	7.07725	7.0393	6.7069	6.2216	5.4283	5.9949	
NPRL2	9.19975	7.9844	8.2684	8.6715	8.9391	8.2084	
LIPA	8.3332	9.5234	9.538	9.2178	9.24435	9.8763	
PWP1	10.2516	9.6639	10.1523	10.7017	10.2693	10.1523	
PHGDH	11.6226	12.1652	11.9859	11.1718	10.7898	11.1192	
PLEKHM1	9.7962	8.5357	8.0092	9.745	9.81225	8.8471	
ST7	6.3027	6.5133	6.5956	6.4127	6.365	6.1623	
VAT1	9.7938	10.4815	10.4539	10.584	11.7547	10.8347	
IKBKB	6.6311	5.9975	6.0624	6.2953	6.22405	6.4699	
KIF20A	10.3317	10.4063	10.3934	9.8827	9.139	8.4406	
CDH3	6.73155	3.9836	4.0573	4.9654	4.08805	4.1987	
PCM1	6.0203	7.4766	7.5959	7.2731	7.0391	6.744	
IER3	11.0495	11.0396	11.1912	11.2437	11.8048	11.5685	
SSBP2	6.458	5.8288	5.8378	5.8819	6.7036	6.0734	
FAT1	8.3318	8.3258	8.4365	8.3725	8.84435	8.4559	
SNX11	6.33305	6.4733	6.2884	5.8749	5.95135	6.3682	
RNMT	8.5274	9.3665	9.1123	9.5572	10.1604	9.7335	
SFN	4.3639	4.7583	4.6101	4.7607	4.0833	5.2384	
EGFR	5.44985	5.4147	5.6235	6.1029	4.7472	4.9796	
RFX5	8.59795	8.5746	8.6098	8.8281	9.06765	8.5847	
NET1	8.8437	9.6466	9.8109	9.7573	9.3666	9.5266	
PKIG	10.3009	9.0879	9.4024	9.4448	9.19445	9.9365	
DECR1	8.35715	9.417	9.2731	9.3707	9.3207	9.6178	
FSD1	10.2021	8.8691	9.6236	9.711	9.2465	9.154	
ATP6V1D	9.8439	9.4154	9.8317	9.8087	9.88945	9.7231	
CDK6	5.29665	5.821	5.423	5.0169	4.6983	4.9227	
CDC45	9.2016	8.6	7.8755	8.3367	8.3118	8.1152	
NPC1	7.11135	7.4626	7.8701	7.7791	8.91255	7.7761	
EDEM1	12.5041	9.1877	9.2493	9.6371	9.68455	10.6821	
MEST	12.7227	10.5508	10.384	11.8951	12.5261	11.0606	
MYLK	4.6993	5.3938	5.2361	4.9106	5.2074	5.7922	
PAFAH1B3	9.60195	10.1263	9.9866	8.9849	9.1211	9.1336	
CALU	9.93595	10.361	10.4528	10.4925	11.0155	10.4009	
USP6NL	6.7749	7.0216	7.1374	7.2408	10.9203	6.9442	
LGALS8	9.3739	8.7849	8.6321	8.6616	9.573	9.1095	
NT5DC2	10.2192	9.9606	10.0454	9.6547	9.4862	9.1015	
CCP110	8.5999	8.2187	9.0463	8.4422	8.49385	8.8199	
LRP10	7.9295	8.7093	8.695	9.2869	9.40035	8.8274	
ATP1B1	11.2374	11.1278	11.0678	10.857	10.4477	10.4775	
STK10	7.0856	7.6313	7.0892	6.9234	7.6957	7.4226	
OXCT1	8.35325	8.9408	8.9044	8.5596	8.3173	8.3725	
UGDH	8.31985	8.5041	8.066	8.8676	8.7879	8.3563	
SLC25A4	10.6558	10.5818	10.873	11.208	11.7845	11.3934	
SQRDL	4.626	4.3352	4.7362	6.1115	8.8644	4.9441	
HEBP1	8.32625	7.8701	8.3663	7.8392	8.4424	7.6338	
PSMB10	8.56065	8.2226	8.8911	8.9969	8.7051	8.6196	
ASCC3	6.45425	7.7366	7.5962	7.6335	7.2021	7.8442	
FGFR4	5.54555	5.2759	5.3346	5.252	5.3722	5.3747	
CDKN2A	8.45155	8.6816	8.0572	8.5762	8.86925	8.0767	
TRAM2	6.89665	7.2111	7.171	7.001	7.22095	7.202	
ATP11B	9.3037	8.1343	8.4056	8.7093	9.00505	8.2318	
PYCR1	7.627	8.8179	8.5232	7.7257	8.0155	7.7958	
CD320	9.164	10.918	10.999	10.2147	10.3105	10.4507	
NCOA3	8.6545	7.8853	8.2448	8.338	8.9427	8.3663	
CDKN1B	9.8722	10.2131	10.4871	10.764	10.596	10.0305	
POLD4	9.0789	9.2263	9.1627	9.3025	9.88225	9.6357	
FOSL1	11.9035	12.2163	12.2402	11.9324	11.9375	12.3747	
MLLT11	11.5112	11.2925	10.9681	10.3066	9.38315	9.8603	
CEBPZ	11.4564	10.1458	9.9527	9.9347	9.8956	9.9025	
PRKACA	11.1978	10.221	10.2713	10.3401	10.7237	10.3725	
GAPDH	14.942	15.0	15.0	15.0	15.0	15.0	
CBR3	5.2139	5.7351	6.2414	5.7646	5.49645	5.6141	
LYRM1	5.64005	6.5507	6.1847	6.1934	5.19125	6.0575	
