gene	0.04uM	0.12uM	0.37uM	1.11uM	10uM	3.33uM	
PSME1	nan	11.3547	11.5722	11.6806	11.4541	11.6615	
CISD1	nan	11.3118	11.2851	11.0741	10.6097	10.8891	
VDAC1	nan	8.5398	8.6058	8.7064	12.22	8.4894	
SORBS3	nan	8.73175	8.8706	9.073	9.3183	9.0786	
SPDEF	nan	6.8858	6.5197	6.1633	6.32465	6.921	
ATF1	nan	7.7483	7.7296	7.3485	7.15415	7.4973	
SPAG4	nan	4.77515	4.5218	4.3801	4.79355	4.897	
E2F2	nan	4.3916	4.9436	4.897	4.21645	4.4884	
RHEB	nan	11.615	11.5977	11.4969	11.7533	11.6879	
IGF1R	nan	9.1661	8.7545	9.0131	9.35095	8.8555	
SLC5A6	nan	9.07105	9.4822	9.4851	9.3687	9.3445	
FOXO3	nan	5.8577	6.2231	6.0773	6.9608	6.3809	
RGS2	nan	9.81925	9.666	9.2866	8.3671	8.9299	
GSTM2	nan	4.6791	4.1942	4.6433	4.9101	4.8439	
SCYL3	nan	4.5975	5.317	4.0888	4.9713	4.2446	
RHOA	nan	9.04355	9.2805	9.1207	9.0314	9.1752	
TBX2	nan	4.2263	4.3801	4.3873	4.3474	4.3053	
DNAJA3	nan	9.10245	13.1197	12.8759	12.8297	12.7694	
IL1B	nan	5.10485	5.2315	5.0057	5.0175	5.5541	
ASAH1	nan	8.935	8.9223	8.7775	9.44075	9.2187	
DCUN1D4	nan	7.9293	8.0074	8.7097	8.12115	8.0523	
DYRK3	nan	6.03645	5.9601	5.746	5.419	6.1001	
RALA	nan	8.20345	8.2122	8.0162	8.0282	8.0639	
ARHGEF12	nan	5.68115	5.635	6.148	7.3408	6.0793	
POLG2	nan	7.76535	7.5453	7.2969	6.6066	7.2762	
SOX2	nan	6.42145	6.398	6.1074	6.50855	6.6539	
TRAPPC3	nan	10.2537	10.4176	10.5942	8.45185	11.0087	
SERPINE1	nan	8.14525	7.9116	7.3339	5.6409	7.2218	
TCFL5	nan	4.81275	4.492	4.7	5.6932	4.6468	
CRK	nan	9.83525	9.9451	9.866	9.8018	9.8008	
HLA-DMA	nan	4.70005	5.0467	5.0057	6.2496	5.7804	
EGF	nan	4.07935	4.0359	4.1968	3.70105	3.8776	
RBM34	nan	7.52105	10.1851	10.0603	10.0788	9.9924	
ITGB1BP1	nan	10.4389	10.3163	5.2337	10.0312	10.2583	
SPTLC2	nan	5.35085	5.3339	5.7691	5.3697	5.5991	
ACLY	nan	11.7573	11.8312	11.6615	12.4205	11.7038	
APP	nan	13.1925	12.945	13.0791	12.9967	12.945	
RAD51C	nan	7.9939	7.9751	7.9379	7.0098	8.325	
TSKU	nan	9.036	9.0953	9.4225	10.5747	9.782	
SMC1A	nan	9.35315	9.7173	9.0212	8.42775	9.175	
TMEM2	nan	9.48455	9.1798	9.4162	9.59445	9.1855	
NOS3	nan	4.14095	4.0888	4.1942	3.886	4.1394	
YME1L1	nan	9.4481	9.4556	9.4098	9.37235	9.4462	
ACAA1	nan	7.2232	7.2878	7.2275	8.2527	7.3123	
CSNK1A1	nan	8.66455	8.627	8.4194	8.9717	8.5004	
HSPA8	nan	11.5029	11.5065	11.4289	11.2031	10.9654	
NFATC4	nan	5.5286	5.3339	5.3894	4.82865	5.6305	
CCNB1	nan	12.4296	12.5044	12.1013	11.521	12.1813	
TBP	nan	8.34955	8.3345	8.2325	7.53695	7.9328	
SLC2A6	nan	8.88285	8.9616	9.4454	11.6875	10.1335	
WFS1	nan	7.15425	7.0901	7.0518	6.8691	7.0144	
EZH2	nan	8.19595	8.5733	8.2569	7.6277	8.6512	
UBE3B	nan	8.2674	7.9874	7.8498	8.7311	8.1127	
ICAM3	nan	5.66045	5.6208	5.624	5.83825	5.7527	
NPDC1	nan	9.01145	9.1915	9.5046	10.2171	9.3401	
ALDH7A1	nan	8.3153	8.3009	8.4313	8.7525	8.722	
BRCA1	nan	7.4389	7.3557	7.3755	5.33995	6.9703	
NFATC3	nan	10.9072	6.2607	11.0841	10.9671	10.9484	
PSMD4	nan	10.9213	11.1923	11.0906	10.972	10.956	
PCNA	nan	13.8331	13.8682	13.7514	13.3581	13.7514	
PHKG2	nan	7.2925	6.969	7.0112	6.9908	7.0547	
ETV1	nan	5.4764	5.3339	5.4534	6.0446	5.5061	
POLR2I	nan	11.1852	11.2095	10.9842	10.7847	11.0829	
KDM5B	nan	6.36995	6.1311	6.2996	7.02055	6.7089	
PSMB8	nan	7.4395	7.3261	8.1607	8.5977	8.4464	
AKAP8L	nan	5.9607	6.1001	6.1986	6.8811	6.548	
COG4	nan	8.54895	8.6934	8.6809	9.12885	9.0131	
MCM3	nan	10.6314	10.5752	10.2783	9.14585	10.0002	
PLEKHJ1	nan	9.2825	8.4667	8.5652	8.4931	9.0054	
HAT1	nan	10.1402	10.135	9.8178	8.6096	9.4549	
TERT	nan	6.63925	6.5014	6.3921	7.43425	6.2907	
G3BP1	nan	11.0406	11.1023	10.8236	10.0243	10.5622	
SNX13	nan	8.04565	8.0848	7.9563	7.98125	7.6087	
PAK4	nan	9.0485	9.1886	8.8104	9.1431	9.3348	
TPD52L2	nan	7.7741	7.7794	7.7511	7.89655	7.7997	
DPH2	nan	7.8698	7.8743	7.8971	7.44495	7.6337	
PIH1D1	nan	7.396	7.6288	7.8695	8.2252	7.7977	
PRKCQ	nan	5.78975	5.8602	5.7958	6.25985	5.9949	
SNX6	nan	10.8731	10.9425	10.8785	10.8417	10.8712	
EED	nan	8.35855	7.918	7.9937	7.29365	7.7941	
SHB	nan	7.87605	8.3925	7.4836	7.419	7.3267	
UTP14A	nan	9.6463	9.794	9.6796	9.46045	9.1137	
WIPF2	nan	8.93305	9.3537	9.1816	9.49135	9.3933	
NENF	nan	11.0679	11.2095	11.1726	11.2316	11.2646	
TSEN2	nan	9.25245	9.1232	8.8062	8.5441	8.767	
RPN1	nan	12.5419	12.4262	12.1644	11.7146	12.1644	
SUV39H1	nan	8.4455	8.3276	8.199	7.2238	7.9314	
C2CD2L	nan	4.41535	4.4032	4.697	4.7411	4.6433	
LYPLA1	nan	10.352	10.3248	10.3846	9.8278	9.6594	
BIRC2	nan	8.5116	9.2447	9.0	8.4958	9.0757	
GABPB1	nan	9.06685	8.4997	8.4387	7.9601	8.3631	
MAP2K5	nan	8.8495	7.2952	7.4201	8.34145	8.0641	
POLR2K	nan	10.8417	10.936	10.576	9.87805	10.2084	
PTK2B	nan	6.5759	6.6119	6.5587	7.0345	7.0014	
PUF60	nan	12.7454	12.7996	12.6669	12.7823	12.7636	
DHRS7	nan	10.8827	10.6491	10.9489	11.2423	11.1513	
PAF1	nan	8.98505	8.9405	9.0291	9.16025	8.8367	
ARID5B	nan	5.9688	6.8606	5.9949	5.8358	5.8506	
POLR1C	nan	8.83035	8.902	8.8593	8.22525	8.6012	
PAK1	nan	5.96855	5.8946	6.2526	6.11315	6.2778	
RUVBL1	nan	11.3467	11.3921	11.1542	10.5849	11.0307	
AKT1	nan	9.8652	9.851	9.9069	10.1957	10.086	
CDC42	nan	11.3087	11.2986	10.9394	10.3514	11.2043	
IGHMBP2	nan	5.5623	5.6957	5.6488	5.61745	5.4234	
SENP6	nan	8.91135	8.9439	9.1275	9.54215	9.109	
ADO	nan	9.67145	6.7341	6.8522	7.1239	6.8958	
HSPB1	nan	12.7644	12.9144	12.8594	13.0934	13.0621	
EBP	nan	8.2109	8.4617	8.6318	10.2764	8.6994	
TCTN1	nan	7.3995	7.3839	7.5145	7.8823	7.7177	
AKR7A2	nan	10.785	10.839	10.6654	11.1126	10.9583	
CASK	nan	7.69515	7.5905	7.7011	8.391	8.3455	
PPP2R5E	nan	7.9498	10.0536	10.0455	9.8373	9.5751	
RRP8	nan	6.75345	6.6242	6.9776	6.95565	7.1749	
LAMA3	nan	5.75865	6.001	6.1418	6.26085	6.4293	
PIK3C3	nan	7.74385	7.9352	7.8622	8.1757	7.9562	
BHLHE40	nan	7.14145	7.2192	6.9938	8.38055	7.0705	
CCNE2	nan	5.70735	5.7983	5.5854	4.246	5.1269	
BDH1	nan	4.4397	4.4677	4.3316	4.8096	4.5294	
FEZ2	nan	6.98085	7.1563	7.2303	7.3737	6.969	
IKBKAP	nan	9.06135	8.7244	8.9853	9.1578	9.2518	
SH3BP5	nan	8.44385	8.5522	8.5865	8.649	8.3321	
PPP2R5A	nan	9.8197	9.8459	9.7797	10.0166	9.9243	
SGCB	nan	7.3784	7.644	7.3261	8.9066	7.5656	
EML3	nan	7.54995	7.4351	7.7084	8.16585	7.8995	
ENOPH1	nan	10.6663	10.5062	10.4749	10.2722	10.4227	
BIRC5	nan	12.3264	12.477	11.912	10.8468	11.7593	
CNOT4	nan	6.77915	6.5288	6.6857	6.53815	6.6022	
EPRS	nan	10.9076	10.8629	10.9273	10.7531	10.7408	
SNAP25	nan	7.6906	7.6045	7.3814	7.1856	7.6753	
JMJD6	nan	11.8857	11.9314	12.0114	11.9066	11.8605	
PAX8	nan	3.85425	3.9344	4.0228	4.65965	4.3411	
CBLB	nan	6.76135	6.8887	6.9577	8.13	7.1302	
SLC35F2	nan	8.4576	8.529	8.3296	8.05095	8.34	
ANO10	nan	6.8264	6.8606	7.0657	7.77345	7.3086	
PDS5A	nan	8.81335	9.0054	8.6744	9.17065	8.715	
DFFB	nan	5.70095	5.5007	5.5484	5.4317	5.2055	
STUB1	nan	12.1231	12.2487	12.2713	12.5224	12.5346	
PGAM1	nan	12.7351	12.7336	12.5044	12.3962	12.5358	
TGFB3	nan	4.4631	4.3873	4.2912	4.30365	4.2656	
BAD	nan	9.0702	9.1997	9.1879	9.1988	9.5336	
XBP1	nan	8.32485	8.3714	8.193	7.9373	7.8608	
NMT1	nan	7.83475	8.0388	8.1778	8.2426	8.2538	
PSMD10	nan	9.91705	10.0929	9.6997	10.2673	10.2412	
ARFIP2	nan	9.7589	9.8929	10.001	10.5151	10.1571	
RAB11FIP2	nan	8.34975	8.4429	8.5453	8.75995	8.4829	
FPGS	nan	7.99625	8.1237	8.2455	9.1325	8.6845	
STAMBP	nan	9.73855	9.8834	9.8931	9.8171	9.9146	
PRKX	nan	6.91655	6.6886	7.0308	6.98995	7.1517	
RNH1	nan	10.4892	10.4551	10.4384	10.9351	10.9231	
ATG3	nan	8.9994	8.8755	8.4002	8.571	9.0147	
FAH	nan	8.2336	8.693	8.796	9.17465	8.5787	
NCK1	nan	8.66355	8.715	8.3817	8.3956	8.4715	
PLP2	nan	8.97005	9.7943	9.5315	8.76005	9.3822	
CFLAR	nan	8.3363	8.2828	8.4124	7.7886	8.6335	
SOX4	nan	6.7952	6.8769	6.79	7.75035	7.4153	
HEATR1	nan	10.4949	10.4006	10.2126	10.3607	10.4145	
TESK1	nan	8.1755	8.1339	8.0614	7.9391	8.3117	
HN1L	nan	9.43955	9.4063	9.3645	9.0892	9.1347	
WDR7	nan	6.4974	6.6662	6.8308	6.84675	7.1311	
AKAP8	nan	7.90495	8.0096	7.873	8.25145	8.1401	
RRAGA	nan	9.3409	9.2822	9.5801	9.9728	9.5711	
ELOVL6	nan	8.08255	8.271	8.5846	10.6929	8.7561	
SLC1A4	nan	5.3589	5.4538	5.1043	4.89285	5.6738	
ACBD3	nan	7.17805	7.1903	7.2338	7.5168	7.3814	
GRWD1	nan	8.55425	8.693	8.3879	7.51355	8.5522	
PMAIP1	nan	6.4121	6.2403	6.2747	5.73825	6.0134	
STAT1	nan	9.5324	9.6212	9.5881	8.62595	9.5123	
FOXJ3	nan	8.3538	8.3117	8.3863	8.18305	7.9932	
TWF2	nan	8.8171	9.0122	9.1255	9.70495	9.8825	
HDAC6	nan	8.2974	8.4139	8.5262	9.78035	8.763	
MTERFD1	nan	10.6299	10.6352	10.4227	9.27175	10.4551	
CCND1	nan	6.7105	6.851	6.638	6.8764	6.6188	
CHIC2	nan	6.6501	6.8108	7.0341	6.94385	7.0023	
PXN	nan	10.9878	10.9581	11.2435	11.1975	11.3287	
USP7	nan	7.5443	7.2014	7.1732	7.14015	6.9613	
NOSIP	nan	8.4918	9.0	8.2831	8.1009	8.5302	
PHKB	nan	8.43975	8.6196	8.6335	9.40065	9.5091	
DLD	nan	12.014	11.8397	11.7923	11.7622	11.912	
NFKBIB	nan	7.6439	7.6844	7.8364	8.5313	8.0141	
CASC3	nan	9.11735	9.328	9.4458	9.85485	9.3963	
IDE	nan	6.5654	6.4618	6.6188	6.46935	6.4618	
CD40	nan	10.0109	8.7775	8.4002	8.2031	9.044	
MLEC	nan	12.5914	12.6669	12.5878	13.0616	12.7996	
GLI2	nan	5.95055	5.7748	5.9069	5.9516	5.539	
PRPF4	nan	9.43695	9.2771	9.0612	7.64525	8.4997	
MELK	nan	11.3909	11.4999	11.3392	9.4227	10.6818	
USP22	nan	12.8048	12.7895	12.7305	12.4874	12.7895	
DAXX	nan	8.18655	8.211	7.94	7.64575	8.0848	
TMED10	nan	11.6306	11.6462	11.5231	11.7421	11.9629	
CHERP	nan	8.40905	8.4177	8.4984	8.7156	8.7745	
SMAD3	nan	10.4235	10.4598	10.8629	11.5146	10.9825	
OXA1L	nan	12.6435	12.7694	12.8252	13.1687	12.9097	
PIK3CA	nan	7.8822	7.6939	7.6465	7.7176	7.8695	
SNX7	nan	9.40155	9.097	9.4735	8.9739	9.6159	
TRAPPC6A	nan	8.2744	8.3369	8.5763	10.1922	9.209	
ATP2C1	nan	8.1457	8.4124	8.4269	8.7283	8.3477	
CDCA4	nan	7.6835	8.0223	7.8421	6.75445	7.4419	
TBC1D9B	nan	7.99195	8.0069	8.0991	8.9263	8.5719	
USP14	nan	6.9173	6.7153	6.6768	6.73225	6.6526	
APPBP2	nan	6.97035	7.1447	6.5568	7.49655	7.0459	
CDC20	nan	13.1252	13.0621	13.0174	11.7332	12.4477	
NARFL	nan	8.26335	8.1266	8.57	7.7904	8.4313	
RPS6	nan	14.1191	14.1069	14.1069	13.8174	14.1996	
DDX42	nan	10.8015	9.0131	8.9849	8.71675	8.736	
ECH1	nan	12.4141	12.6274	12.5346	13.2472	12.9479	
HDAC2	nan	10.0317	10.1815	9.9932	10.0631	10.1632	
IKBKE	nan	5.1846	5.288	5.2134	5.8718	5.6609	
CCL2	nan	8.9768	8.928	9.1601	8.26685	9.1308	
DFFA	nan	8.9655	9.0786	8.7536	8.89375	8.8755	
MRPL19	nan	11.9855	11.9501	11.6462	11.5947	12.0231	
WDTC1	nan	6.79755	6.9557	7.2303	8.00955	7.4063	
PLSCR3	nan	8.387	8.5125	8.6641	8.68325	9.1284	
SUZ12	nan	11.0424	11.0111	10.9909	10.7406	10.6506	
CSNK2A2	nan	7.6767	7.9405	7.984	8.52405	7.8491	
H2AFV	nan	7.74695	7.2783	7.4627	6.7319	7.2192	
NUSAP1	nan	8.08285	10.1727	9.8679	8.621	9.4992	
TICAM1	nan	7.8293	5.9464	5.7105	6.35775	5.9613	
FAM69A	nan	10.1933	9.9838	9.9463	10.1607	10.2659	
KIAA0100	nan	8.23505	8.3396	8.4177	8.80015	8.3257	
PAICS	nan	8.7242	8.7131	8.452	8.2543	8.2091	
SRC	nan	8.1274	8.3007	8.4601	9.9861	8.1046	
BMP4	nan	7.9512	5.7594	5.9948	6.0158	6.2424	
CDK2	nan	9.1527	9.2219	8.7382	7.4534	8.6682	
EDN1	nan	11.1747	11.2303	11.2043	11.6782	11.4236	
XPO7	nan	9.97615	10.1133	9.6296	9.34245	9.6155	
FAIM	nan	8.64605	8.8647	8.6482	8.0171	7.973	
KIAA0494	nan	8.6914	8.902	9.062	9.2373	9.2662	
PXMP2	nan	8.9222	9.0355	8.9402	11.4137	8.6405	
SQSTM1	nan	13.7122	13.7514	13.9398	14.1294	13.9297	
HIF1A	nan	12.9692	12.9628	12.9753	12.8421	12.8803	
TIMM17B	nan	11.8376	11.8221	11.9872	12.0609	12.1574	
STXBP2	nan	6.8672	7.248	7.4153	7.54555	7.7931	
WRB	nan	7.3114	7.2674	6.7335	7.3595	7.2783	
ETFB	nan	11.5886	11.6294	11.6315	12.2493	12.1187	
MNAT1	nan	9.4116	9.4664	8.9736	8.73525	9.185	
CAMSAP2	nan	9.7268	9.3333	9.5801	9.2139	9.0496	
HPRT1	nan	11.4901	11.5674	11.3149	10.1476	10.5677	
ARNT2	nan	11.8228	11.1459	10.9062	10.0907	10.69	
RRS1	nan	9.63025	9.5772	9.7357	9.26195	9.606	
ADAT1	nan	8.4114	6.4293	6.8868	6.274	6.6448	
SPAG7	nan	10.3365	10.527	10.7554	11.3914	10.8383	
MAPK1IP1L	nan	9.7987	9.9828	9.8058	9.72795	9.7249	
SCAND1	nan	10.8105	10.983	11.0396	11.3264	11.0741	
MFSD10	nan	10.2249	10.4798	10.8353	10.2736	10.3123	
MSH6	nan	11.0333	10.9176	10.2356	9.90025	10.3316	
COPS7A	nan	11.1041	11.2435	11.1646	11.8388	11.4171	
UBE2C	nan	12.0846	12.0819	11.7712	9.94785	10.8086	
FIS1	nan	8.61705	8.767	8.8251	9.4027	9.5454	
HS2ST1	nan	5.7908	5.7378	5.7646	5.6878	5.5559	
NUDT9	nan	9.38415	9.3973	9.3682	9.6858	9.6178	
TXLNA	nan	10.8843	11.0111	11.2206	11.1313	10.8858	
CSRP1	nan	13.4188	13.1725	13.3014	12.6683	13.0276	
DNAJB1	nan	10.9746	10.8891	10.8086	10.6187	10.83	
METRN	nan	8.9103	8.5364	8.5649	8.37465	9.6997	
TOPBP1	nan	8.9723	9.031	8.6744	8.3874	7.9834	
ABCF1	nan	9.6044	9.6361	9.6301	9.68835	9.6296	
TCTA	nan	9.01585	8.3242	8.7444	8.89775	9.0556	
LGMN	nan	8.98845	8.97	8.8648	9.4225	8.9736	
TLK2	nan	8.74075	8.989	8.547	9.28965	9.047	
KIAA1033	nan	9.3744	9.4073	9.6421	10.0441	9.5865	
PTGS2	nan	8.88735	8.9245	8.7399	9.40055	9.3191	
DNAJB6	nan	11.117	10.8427	10.7549	10.8589	10.8799	
PLA2G4A	nan	11.2393	10.9439	10.6012	10.8138	11.4135	
MAT2A	nan	12.1733	12.0506	12.162	12.016	12.0819	
TLR4	nan	3.81955	4.4167	3.8279	4.0416	3.841	
HMGCS1	nan	12.0359	12.0732	12.4477	13.9491	13.1479	
MBTPS1	nan	7.71185	7.8331	8.2466	8.9444	8.3455	
SPRED2	nan	9.60035	9.4748	9.59	9.6581	8.955	
ZNF274	nan	7.6776	7.5656	7.6293	7.1041	7.5193	
CLIC4	nan	11.2937	11.1367	10.8957	11.1945	11.0719	
MAP7	nan	9.394	9.2934	11.2654	9.06475	9.1254	
CHAC1	nan	8.79735	8.5649	9.1659	8.5703	9.0871	
EIF4G1	nan	8.8708	8.8853	7.9563	9.22085	8.5465	
BTK	nan	3.6035	3.5081	3.4169	3.14895	3.414	
GNAS	nan	12.3689	12.6018	12.4795	12.5209	12.4041	
MYL9	nan	5.49605	4.99	5.3198	4.70115	5.1452	
TEX10	nan	8.2618	8.1105	8.2963	7.72215	8.2413	
PSMD2	nan	11.4452	11.6128	11.7096	11.5531	11.5374	
ZNF586	nan	5.82615	5.8007	5.561	5.61955	5.5091	
CLTC	nan	12.0522	12.2305	12.2248	12.5266	12.3016	
IKZF1	nan	3.5368	4.3182	4.1136	4.03895	4.271	
APBB2	nan	6.39695	6.2034	6.9499	6.45835	6.426	
HSD17B10	nan	11.1514	11.2245	11.2561	11.3909	11.5023	
RNF167	nan	10.1001	10.1279	9.9871	10.2174	9.9523	
STX1A	nan	9.24615	9.3822	9.4047	10.2276	9.8058	
ALDOA	nan	9.8119	10.1513	9.9652	10.2961	9.7046	
EPHA3	nan	4.50565	3.7916	4.6307	4.60615	4.7045	
STAT5B	nan	5.1373	5.4356	5.0751	6.3063	5.4144	
TXNDC9	nan	10.3036	10.2005	10.0078	9.0353	9.9065	
CCNA2	nan	9.91265	10.3679	9.6581	8.24895	9.0122	
VGLL4	nan	8.7336	8.7809	8.8505	8.48205	9.278	
CASP10	nan	6.01355	6.5962	5.6098	6.0622	6.0317	
SDHB	nan	12.0124	12.0114	11.8561	11.6533	11.8938	
ETS1	nan	6.48405	6.1233	6.1103	5.39635	6.1399	
YTHDF1	nan	7.94765	7.8763	8.2091	8.12785	7.7561	
FOXO4	nan	5.4254	5.3339	5.6889	6.71745	5.872	
LSM5	nan	12.6851	12.4795	12.3185	8.94525	12.0927	
TOMM34	nan	8.5837	8.7397	8.5999	8.21955	8.5384	
ZMYM2	nan	8.5872	8.2306	8.2963	8.4222	8.5343	
CHMP6	nan	5.6769	6.0284	5.9948	7.5756	5.7646	
KIAA0907	nan	8.7105	8.7921	8.796	8.92575	8.7985	
CASP7	nan	8.7835	8.3526	8.7108	8.7005	8.7311	
HK1	nan	6.9173	6.9253	6.8769	7.45515	6.8854	
PAPD7	nan	9.785	9.2122	8.945	8.6952	9.2173	
PIGB	nan	9.07945	9.114	9.3382	9.73135	9.6212	
CHEK2	nan	8.3342	8.4761	8.1127	7.1663	8.1127	
PLOD3	nan	10.2833	10.4623	10.2833	10.4483	10.251	
ACD	nan	8.62815	8.1935	8.4213	7.63675	8.0508	
TRAK2	nan	7.2453	7.2136	7.3748	7.6277	7.3998	
SUPV3L1	nan	9.55375	9.1739	8.9692	8.52155	8.8601	
VAPB	nan	8.1878	8.5085	8.0032	8.0875	8.0947	
GPATCH8	nan	9.5143	7.8971	7.4648	7.6029	7.5408	
HSPD1	nan	11.9124	11.8929	11.7593	11.5234	11.5475	
BUB1B	nan	10.0205	10.0255	9.7411	8.8641	9.6065	
TGFBR2	nan	7.06605	7.4082	7.0229	8.18865	7.4613	
MRPL12	nan	13.4366	13.6613	13.3999	13.0723	13.3236	
NOTCH1	nan	7.3633	7.223	7.4578	7.1496	7.3416	
PNP	nan	11.5951	11.7371	11.7412	11.8532	11.6402	
SHC1	nan	9.23715	9.566	9.2704	9.55845	9.5725	
ARPP19	nan	9.81215	9.7588	9.5417	9.3634	9.6938	
CEBPA	nan	6.32725	6.3328	6.3401	7.0126	6.7645	
PSMF1	nan	9.40205	9.6098	9.5007	9.5331	9.3198	
RTN2	nan	9.2824	9.4366	9.5554	9.6425	9.6368	
NPEPL1	nan	7.5581	7.5521	8.3367	9.41225	8.8226	
USP1	nan	7.7293	7.7683	7.4073	5.8197	6.5775	
RPA1	nan	11.6253	11.5515	11.6758	11.4576	11.7534	
SIRT3	nan	4.98135	5.1995	4.9437	6.0892	5.3883	
KLHDC2	nan	11.2351	11.3063	11.2014	11.6933	11.4539	
UBQLN2	nan	8.83375	8.7982	8.8747	8.81405	8.7482	
DMTF1	nan	7.5818	7.2726	7.3042	8.37575	7.4806	
SCARB1	nan	9.43355	9.4529	9.5489	10.1299	10.2051	
CLPX	nan	9.5625	9.5499	9.4509	9.6066	9.6001	
TPM1	nan	12.5127	12.5992	12.4265	12.1805	12.4561	
TM9SF2	nan	8.6875	8.6744	8.767	8.7461	8.2649	
TXNL4B	nan	8.1104	8.0793	8.0279	7.89635	8.3817	
ATF6	nan	8.05975	8.4442	8.3212	8.4178	8.3671	
PRR15L	nan	5.0458	8.1842	5.0719	6.96925	4.8624	
NUP88	nan	11.9247	11.9986	11.6643	11.3014	11.6258	
ST6GALNAC2	nan	5.46765	5.1858	5.4197	5.33495	5.5222	
ADH5	nan	10.5007	10.7113	10.5062	6.27455	10.25	
FUT1	nan	6.7485	6.0573	6.2996	5.5494	6.266	
GOLT1B	nan	11.7587	11.8561	11.3629	10.4553	11.0847	
PRUNE	nan	5.1357	5.6738	5.3544	5.3905	5.5541	
PPOX	nan	9.191	9.4882	9.593	8.99955	9.2601	
SYPL1	nan	11.7076	11.8109	11.8491	12.1063	11.9651	
CANT1	nan	11.2698	11.2654	11.3287	11.1955	11.4278	
ZNF451	nan	7.1784	7.4482	7.5408	7.56135	7.6003	
HOMER2	nan	7.2313	7.3261	7.3198	6.7472	7.0518	
RALB	nan	9.8747	10.0165	9.9535	10.1753	10.1228	
CLTB	nan	10.0485	10.0679	10.0819	10.1357	10.3289	
TRIM13	nan	7.78165	7.8642	7.7763	7.51495	7.8116	
FBXO7	nan	7.8909	7.8116	8.0576	9.05715	8.0069	
PHKA1	nan	9.13425	9.2704	9.1171	9.09235	9.0786	
CYCS	nan	11.3699	11.4575	11.2141	10.2833	11.0598	
PPARD	nan	5.1882	5.2659	5.3894	6.0323	5.6535	
ENOSF1	nan	6.7667	6.8731	6.8222	7.13375	6.851	
MAP4K4	nan	7.7721	7.5818	7.6557	8.0359	7.7186	
PAN2	nan	6.08625	6.2108	6.4668	5.58145	5.7691	
STAT3	nan	5.37945	5.4234	5.9597	6.41955	6.3822	
LIG1	nan	9.16045	9.1049	9.5151	9.0438	9.4098	
PPIC	nan	8.08785	8.3014	8.3714	8.6576	8.494	
EIF5	nan	11.4496	11.4048	11.2466	10.5631	11.2014	
GNB5	nan	8.3856	8.6108	8.5085	9.89715	9.3469	
GNAI1	nan	5.8529	6.6539	6.2907	6.8847	6.4343	
INSIG1	nan	7.9067	8.0508	8.4967	11.1219	9.2497	
DNMT3A	nan	7.24675	7.3517	6.696	6.7058	7.3471	
TM9SF3	nan	9.2833	9.1007	9.101	9.2519	9.0345	
CCDC86	nan	10.708	10.7458	10.5508	10.4619	10.7607	
HIST2H2BE	nan	6.6501	6.2835	6.5642	7.01825	6.7304	
S100A4	nan	13.0244	12.8759	12.8514	12.7262	13.0113	
SLC25A14	nan	7.0638	7.1955	7.2034	7.5549	7.2161	
KTN1	nan	10.9059	10.7686	10.9123	10.8569	10.517	
TBXA2R	nan	5.8679	6.1047	6.3142	5.92685	6.0807	
ARHGAP1	nan	9.97235	10.1467	10.199	10.2622	10.2191	
FBXO11	nan	5.5073	5.2134	5.105	5.0164	5.2447	
HERPUD1	nan	8.81185	8.9272	8.5837	8.62925	8.8275	
LPAR2	nan	5.558	5.6986	5.3547	5.4075	5.6618	
COASY	nan	7.98795	7.8844	8.0032	7.8508	7.8919	
RPL39L	nan	5.7082	5.5636	5.4075	4.6803	5.1252	
BPHL	nan	8.90185	8.8946	8.715	8.57375	9.5865	
RASA1	nan	7.35865	7.3604	7.3954	8.2395	7.4549	
ATMIN	nan	7.56925	7.6781	7.4851	7.1526	7.2969	
MAPKAPK3	nan	6.7429	6.784	6.6205	7.05565	7.1707	
CASP3	nan	8.97085	8.9181	8.913	8.76495	8.9005	
MBOAT7	nan	10.4669	10.6607	10.6784	11.2324	10.9318	
PNKP	nan	7.697	8.1204	8.2671	9.2924	8.9692	
PSME2	nan	11.4518	11.3518	11.4279	11.3112	11.6643	
NISCH	nan	6.7766	6.9018	6.9975	7.71455	7.1538	
SLC35A3	nan	6.0854	6.0317	6.3602	5.72725	6.0404	
CPSF4	nan	9.08655	9.0673	9.1592	9.43255	9.2938	
LSR	nan	5.4459	5.8444	5.5732	5.7176	6.0542	
COPB2	nan	10.5371	10.7303	10.5856	10.9081	10.5559	
MEF2C	nan	4.3217	4.5705	4.7449	4.55565	4.3956	
GADD45A	nan	8.71955	8.8953	9.3105	9.6105	9.4631	
KDM5A	nan	7.4257	7.4432	7.5965	8.01275	7.9297	
FAM63A	nan	5.912	6.1732	6.4232	8.2586	6.6747	
SMNDC1	nan	9.2878	9.4238	9.1967	8.67285	9.0526	
NUDCD3	nan	8.56665	8.6121	8.463	8.75045	8.5967	
RAB4A	nan	10.7176	10.8328	10.6607	10.8594	10.6476	
FGFR2	nan	7.0256	6.4008	6.3453	5.33695	5.5541	
IFRD2	nan	11.1206	11.3262	11.0899	10.5758	10.9772	
BACE2	nan	8.06485	8.1575	8.0755	8.26185	8.3805	
HMGCR	nan	8.05175	8.2122	8.4082	11.0442	8.8658	
LYN	nan	5.26305	5.1452	5.204	5.47505	5.0719	
SLC35B1	nan	10.7372	10.7388	10.5603	10.4312	10.6301	
ISOC1	nan	8.61495	8.4894	8.4232	8.1941	8.3244	
TIMP2	nan	7.4538	7.5936	7.2218	8.12665	7.6139	
DUSP3	nan	8.8647	8.95	9.3297	9.50045	9.1373	
LSM6	nan	7.5057	7.6496	7.2192	6.2098	6.784	
CALM3	nan	7.778	7.4347	7.6184	7.1371	7.2438	
MOK	nan	5.12025	5.1207	5.2164	4.7117	5.0751	
PPP1R13B	nan	5.2728	5.2055	5.4691	5.2953	5.9012	
SACM1L	nan	9.204	9.2586	9.1886	9.1819	8.547	
DNAJB2	nan	8.16315	8.3734	8.7331	9.50565	9.1659	
TCERG1	nan	10.3027	10.2584	10.1879	9.3992	10.0061	
CERK	nan	7.2862	7.3705	7.1432	7.1045	7.3874	
KIAA0196	nan	10.007	10.031	10.3918	10.5263	10.042	
DNM1	nan	8.96255	9.0163	9.1396	9.90705	9.2173	
LAP3	nan	10.193	10.2862	10.316	9.30015	9.7206	
DDIT4	nan	11.6131	11.6758	11.6402	11.4212	11.5515	
MAPKAPK5	nan	8.5068	8.57	8.4078	7.985	8.3244	
ALAS1	nan	11.2685	10.9646	11.1142	11.3956	11.2795	
HDGFRP3	nan	9.8138	8.7244	8.5941	8.29555	8.2806	
PAFAH1B1	nan	9.3978	9.3252	9.4924	9.32925	9.3001	
PRKCH	nan	5.3292	5.1861	5.5114	6.11105	5.4628	
PSRC1	nan	8.97685	8.9099	9.077	8.30285	8.4179	
RAB21	nan	7.9476	7.7564	7.9932	7.79055	7.6753	
ERO1L	nan	7.1952	7.2696	7.1809	7.64165	7.2359	
PSIP1	nan	9.3554	9.3988	9.3178	9.41565	9.3463	
APOE	nan	3.6209	4.1011	3.7516	5.84615	3.9907	
CREB1	nan	7.18225	7.6696	7.6067	5.0313	7.1045	
MBNL2	nan	8.5571	8.5544	8.6234	8.807	8.6138	
RBM15B	nan	7.9322	7.9773	7.802	7.8024	7.6496	
PACSIN3	nan	6.1316	6.1498	5.9718	6.56635	6.663	
TOMM70A	nan	9.4965	9.4951	9.3822	9.4623	9.3866	
CBR1	nan	10.83	10.9645	10.8975	10.9335	11.1837	
MTA1	nan	9.92155	9.9871	10.1279	10.944	10.204	
MACF1	nan	8.70285	9.1227	9.1621	9.5952	9.0973	
PRKCD	nan	6.49425	6.6258	6.4897	6.98415	6.7713	
CCNA1	nan	4.89115	4.6128	4.5294	3.96065	4.2321	
PIK3R4	nan	6.86795	7.1883	6.9318	7.1335	6.7197	
CSNK1E	nan	8.8065	8.9512	9.0677	9.5883	9.0784	
HIST1H2BK	nan	10.4621	10.5856	10.6171	11.3504	11.0278	
JUN	nan	7.3292	7.4237	7.184	6.48005	7.2783	
PCCB	nan	10.527	10.576	10.804	11.2451	11.3072	
STAP2	nan	4.28845	4.2912	4.5807	4.43535	4.7373	
TMEM50A	nan	10.02	9.8567	10.0535	9.9663	10.0346	
PMM2	nan	11.6952	11.6258	11.7113	11.3136	11.9501	
SCCPDH	nan	10.7821	10.7549	10.9425	11.0578	11.0223	
HSD17B11	nan	10.2288	10.4267	10.1143	9.3256	10.0603	
TSC22D3	nan	7.39885	7.3416	7.4293	8.8617	7.8743	
FBXL12	nan	6.84305	6.6297	6.9018	7.2427	7.0647	
TFAP2A	nan	8.5261	7.8919	8.3734	8.1369	7.9804	
WDR61	nan	9.9581	10.1228	9.8435	9.53065	10.099	
ZNF395	nan	10.7948	9.887	10.053	9.9458	10.8785	
FAS	nan	4.6782	4.5705	5.1043	6.51475	5.317	
VPS72	nan	7.74975	7.6496	7.9661	8.1025	8.3606	
CENPE	nan	7.5714	7.341	7.5497	6.50035	7.1118	
CLSTN1	nan	8.1765	8.2934	8.0706	8.56465	8.5967	
CREG1	nan	10.9179	10.9909	10.9581	12.1113	11.5977	
MAPK9	nan	10.0873	10.1002	9.8817	9.93245	9.9971	
PRR7	nan	6.19775	6.6747	6.6747	6.89125	6.9776	
SKP1	nan	8.6863	8.9872	8.7982	8.77835	8.97	
POP4	nan	10.9685	11.1142	10.9083	10.5627	10.9842	
TMEM110	nan	5.81045	5.624	5.6609	5.6092	6.0827	
NFE2L2	nan	8.83895	9.0437	8.9729	9.53665	8.8443	
ZNF589	nan	5.3568	5.1858	5.3242	5.6677	5.6098	
BAX	nan	8.9168	9.183	9.887	10.5018	10.5982	
BLCAP	nan	9.39825	9.2867	9.4951	9.81695	9.8817	
CNDP2	nan	10.3893	10.5439	10.5062	10.666	10.4706	
FAM20B	nan	7.4374	7.7069	7.4929	8.2072	7.4482	
PROS1	nan	6.33565	6.7153	6.6041	7.20385	6.7304	
TNIP1	nan	7.82045	7.9932	8.2538	9.1558	8.6456	
CRKL	nan	9.25635	9.4208	9.3582	8.7833	9.0437	
P4HTM	nan	8.3717	8.7985	8.7561	9.08535	9.5489	
REEP5	nan	9.18725	9.3225	9.4631	9.36245	8.9339	
ZNF318	nan	5.76585	6.0173	5.8865	6.3366	5.6399	
BZW2	nan	9.8791	10.7977	9.7079	9.22995	9.606	
FDFT1	nan	10.6398	10.3277	11.0768	12.5989	11.5266	
CGRRF1	nan	9.9558	10.0593	9.3501	8.9526	9.6046	
TRAP1	nan	10.096	10.3437	10.3419	10.2783	10.382	
AMDHD2	nan	6.60405	6.5587	6.5113	7.6001	7.5826	
GTF2A2	nan	11.865	11.932	11.7413	11.1054	11.7096	
PEX11A	nan	4.6438	4.5692	4.5888	4.16055	4.3873	
PSMD9	nan	9.7562	9.8784	9.6182	10.1735	9.9012	
GFOD1	nan	4.9323	4.6307	4.8223	4.90405	4.8429	
MTFR1	nan	10.1641	10.3786	10.0679	9.6994	10.0593	
PECR	nan	7.9729	8.3526	8.2649	8.30255	8.1867	
UBE2A	nan	11.0175	11.0841	10.9963	11.1422	10.9267	
NIT1	nan	10.6562	10.1732	10.2292	10.5015	10.8924	
SOCS2	nan	6.82035	6.4657	6.8055	6.30755	6.4657	
SYNGR3	nan	4.7553	4.7449	5.0854	5.27015	5.5864	
ZDHHC6	nan	7.6719	7.8882	7.5957	7.43225	7.5741	
ITGAE	nan	10.5563	10.6797	10.1892	9.92975	10.7074	
NFKB2	nan	4.97335	5.1561	4.968	5.0979	5.1769	
STK25	nan	10.1751	10.042	10.0536	10.4032	10.2275	
TMEM5	nan	10.1596	10.3493	10.4046	9.7189	10.0379	
ABCF3	nan	8.14345	8.2771	8.5363	8.74365	8.3879	
ATP5S	nan	7.9812	7.5667	7.5855	7.30705	7.7561	
FCHO1	nan	5.93675	5.7105	5.7312	6.79165	5.9849	
NGRN	nan	7.7807	7.9053	8.0488	6.2973	7.3485	
HOXA5	nan	8.86845	8.3691	8.7897	9.0796	8.7595	
OXSR1	nan	8.1414	8.7545	8.5365	8.29015	8.2083	
GRN	nan	10.384	10.661	10.9695	12.0704	11.352	
SMARCC1	nan	9.22465	9.3053	9.2662	9.12985	8.9087	
NUP85	nan	11.1778	11.2738	11.0658	10.1355	10.9273	
PAK6	nan	3.58755	3.9731	3.7901	4.09445	3.8279	
GHR	nan	4.0993	4.0108	3.8956	3.79515	4.088	
GTPBP8	nan	9.5636	9.3893	9.3052	8.89375	9.2518	
GLOD4	nan	11.3609	11.3798	11.5233	11.3856	11.2504	
PTK2	nan	11.049	10.9842	11.2642	10.8874	10.9457	
CDK4	nan	11.4158	11.4434	11.4506	11.1526	11.3362	
EPN2	nan	8.94195	8.9119	8.8178	8.9946	9.109	
CCDC90A	nan	6.45995	7.4613	7.3562	7.23185	7.013	
IL4R	nan	6.9712	6.7425	6.638	6.77005	7.1757	
KIAA0528	nan	10.1581	10.0367	10.3316	10.4601	10.4598	
PRKAG2	nan	7.40355	7.2869	7.4482	7.7105	7.8121	
KIT	nan	4.0655	3.3603	4.1992	4.1256	4.1992	
MRPS16	nan	11.7023	11.982	11.8645	11.7677	11.6089	
PTPRC	nan	5.30675	5.1273	5.154	4.9851	5.0507	
RPS5	nan	7.9192	8.0639	7.873	8.18115	7.8661	
NOL3	nan	8.94095	9.047	9.0526	9.78995	9.2704	
PSMG1	nan	10.7306	10.371	10.2343	9.6833	9.8307	
NR1H2	nan	6.73	6.9778	6.7691	7.54455	7.2693	
TMEM97	nan	10.5662	10.5579	10.5292	11.6288	10.5461	
LRRC41	nan	9.95115	9.8028	9.9485	10.03	10.0929	
PLS1	nan	9.54545	10.3645	10.2899	10.101	9.942	
DUSP22	nan	7.5448	7.4082	7.5283	8.8797	8.4049	
KIAA1279	nan	7.51905	7.8396	8.0914	6.95705	7.6844	
RPS6KA1	nan	9.10075	8.5141	8.6101	9.0634	9.3561	
TCEAL4	nan	10.246	10.2999	10.5397	11.003	10.6685	
DCK	nan	9.73795	9.4992	9.4882	8.90285	9.2528	
NUP133	nan	8.8859	9.2187	8.9358	8.88175	8.5967	
NUP62	nan	9.62735	9.6851	9.565	9.49005	9.097	
TRIM2	nan	7.50835	7.2012	6.7089	8.1207	6.7425	
SNCA	nan	10.1426	10.1799	10.1571	10.9454	10.4438	
SPTAN1	nan	6.30895	6.2549	6.3666	6.0979	6.6823	
MALT1	nan	7.59065	7.7703	7.7295	7.6189	7.6738	
VPS28	nan	7.1007	7.9487	7.6125	7.56215	7.1047	
LRRC16A	nan	6.4911	7.0862	6.6071	7.65785	7.7372	
YKT6	nan	9.11385	8.9872	9.2943	7.79255	8.1089	
CHP	nan	4.6266	4.5942	4.4919	4.90145	4.6881	
KIF2C	nan	6.683	6.7779	6.7505	6.92685	6.3511	
NNT	nan	5.38095	5.2913	5.4183	5.89215	5.4974	
NR2F6	nan	9.6535	9.6307	9.7623	9.47195	9.5523	
COL1A1	nan	5.98895	5.2164	5.2312	4.7645	5.0057	
EXOSC4	nan	6.4747	6.6398	6.6929	5.1773	6.3712	
CDC25A	nan	7.13625	6.9936	6.6784	4.34755	6.3619	
PDLIM1	nan	8.98575	9.2536	9.4288	9.72905	9.4266	
CRELD2	nan	7.64695	7.3998	7.5656	7.35985	7.9681	
TP53	nan	9.5721	9.863	9.8303	10.1532	9.9463	
IQGAP1	nan	9.0089	8.9551	8.9022	9.2698	9.3893	
RRP12	nan	8.88895	9.508	9.5413	9.2803	8.8627	
ACAT2	nan	8.86895	8.2185	8.8251	10.5849	9.4783	
EGR1	nan	4.45595	3.8797	4.2612	4.31185	4.3246	
MUC1	nan	3.87975	3.6601	3.803	3.91335	3.8279	
THAP11	nan	7.1164	6.9321	7.0408	6.60415	6.9318	
AURKB	nan	10.9048	11.132	11.1555	9.4617	10.278	
CEBPD	nan	7.60125	7.8065	7.9224	8.5411	8.3009	
HSPA4	nan	11.5901	11.3744	11.3029	11.0072	11.3288	
MAST2	nan	7.3731	7.5238	7.6139	9.39525	7.6833	
DHDDS	nan	6.37455	6.1406	6.4343	6.8261	6.9065	
TOP2A	nan	13.1645	13.1479	13.067	12.1264	12.6274	
GADD45B	nan	7.0544	7.5521	7.2595	5.8817	6.1465	
NCK2	nan	7.0315	7.0124	6.5962	6.61405	6.8642	
AURKA	nan	8.046	8.1407	8.0795	6.8804	7.4851	
KIAA0355	nan	6.7573	5.4144	5.1561	5.39465	5.1778	
B3GNT1	nan	8.63755	8.8686	9.0085	9.3573	9.1571	
DYNLT3	nan	7.5451	7.4851	7.5112	7.4482	7.661	
CDK5R1	nan	4.61285	4.8763	4.5481	4.2574	4.5942	
CHMP4A	nan	10.1285	9.9451	9.9362	10.1658	10.1815	
IPO13	nan	7.6608	7.9375	7.4153	6.9902	7.0943	
SCP2	nan	7.4088	7.2674	7.3416	7.98835	7.9518	
ITFG1	nan	7.5561	7.5352	7.7794	7.9748	7.9215	
RAD9A	nan	5.76125	5.6618	5.8444	5.9734	5.6867	
DRAP1	nan	10.4813	10.7074	10.8975	11.1354	11.2245	
SPP1	nan	9.13515	9.4462	9.5982	10.7882	10.3493	
HYOU1	nan	8.36785	7.9023	7.9078	7.5647	8.1329	
PCMT1	nan	9.7108	9.654	9.3203	9.0717	9.4498	
FOS	nan	4.2829	4.9436	3.9866	5.33915	3.9581	
FYN	nan	4.58775	4.2649	4.5924	4.0278	4.3193	
MCOLN1	nan	5.1681	5.3883	5.5636	6.47795	5.8415	
MYC	nan	10.9071	10.8195	10.6797	10.9799	10.7367	
ID2	nan	8.8962	9.3347	9.3297	8.5514	9.1077	
POLB	nan	8.88585	8.6405	8.4347	8.5223	8.5936	
CETN3	nan	8.4368	8.3606	8.5364	8.0939	7.9455	
KCNK1	nan	7.15655	5.6609	5.9386	6.98675	5.8066	
AXIN1	nan	6.8773	6.9981	6.8884	6.81125	7.2505	
SMC4	nan	10.4926	10.4926	10.2231	9.03675	9.6182	
RAI14	nan	9.54545	11.0324	11.132	11.2727	11.2206	
SMARCD2	nan	8.38845	8.3913	8.2249	8.80025	8.7183	
DNAJC15	nan	4.98955	4.8093	4.6225	4.2157	4.7725	
MPZL1	nan	10.9142	10.8383	10.7149	10.4184	10.5833	
HOXA10	nan	5.69685	5.6957	5.7571	5.75335	5.9718	
NRAS	nan	9.05165	9.1736	8.9168	8.6712	8.9211	
CASP2	nan	6.22265	6.8746	6.3182	5.9763	5.9948	
EBNA1BP2	nan	11.611	11.5516	11.4171	10.8182	11.3376	
CTNND1	nan	9.3928	9.1559	8.8601	8.99735	9.2703	
TATDN2	nan	6.3762	6.4486	6.5127	6.26615	5.9784	
LRPAP1	nan	9.60965	9.6938	9.6699	9.94755	9.9366	
ZNF131	nan	7.9784	8.0141	8.0639	7.7167	7.8179	
BNIP3L	nan	9.08655	9.1514	9.2098	9.94675	9.5772	
HOOK2	nan	5.0557	5.3157	4.9259	5.3658	5.0051	
ERBB2	nan	9.06175	9.0756	9.7755	9.8762	9.8931	
TBPL1	nan	9.52555	9.3178	8.8734	8.5694	9.0677	
INTS3	nan	7.4576	7.5497	7.8661	8.35595	7.8396	
RAE1	nan	10.3468	10.3918	10.1922	9.84685	10.1219	
CDK1	nan	11.1376	11.0688	10.7313	9.12135	10.0492	
RFNG	nan	9.278	9.302	9.794	9.20245	9.6361	
MICALL1	nan	5.7435	5.5222	5.8661	5.71815	6.0404	
SLC35A1	nan	8.6576	8.7183	8.5561	8.73735	8.9975	
KLHL21	nan	3.94895	3.9907	4.0888	7.59345	4.1701	
NIPSNAP1	nan	9.5219	9.7871	9.8626	10.5361	10.4267	
BCL7B	nan	6.86195	7.0459	7.0575	6.94865	7.3198	
TLE1	nan	10.576	10.5677	10.6727	10.9023	10.6404	
FZD7	nan	6.86675	6.9896	6.9514	7.8033	6.8731	
TIMELESS	nan	10.2768	10.2568	10.1002	9.6701	10.2329	
COG2	nan	8.87595	8.8329	8.5928	8.5472	8.9949	
DHX29	nan	7.98405	7.9608	7.932	8.10385	7.9426	
MMP2	nan	7.01025	6.6258	5.9432	5.8928	6.7645	
MRPS2	nan	9.77965	9.674	9.4325	9.58885	9.7491	
KCTD5	nan	6.68305	6.8618	6.5833	6.4405	6.9469	
TCEA2	nan	7.72395	7.8114	8.1089	8.74395	8.3358	
CNPY3	nan	7.1563	7.1764	7.2812	7.48075	7.4557	
FHL2	nan	9.21575	9.055	8.9907	8.88425	9.1427	
ADAM10	nan	9.78875	9.7036	9.7694	10.4731	9.929	
FKBP4	nan	13.0367	13.3014	12.8219	12.3403	12.8344	
CD58	nan	9.46375	9.6729	9.138	8.15285	9.0906	
KAT6A	nan	7.83175	7.7451	7.9138	8.7362	8.0003	
CDK7	nan	10.6992	10.6302	10.4892	10.5329	10.9062	
KIF5C	nan	4.0965	4.0141	4.1268	4.0482	4.073	
HMG20B	nan	7.74495	9.5222	9.7489	10.6505	10.6063	
MAP3K4	nan	7.93545	6.393	6.1074	6.14705	6.1633	
PIN1	nan	11.1663	11.242	11.2726	11.3973	11.4669	
ZFP36	nan	9.9434	10.099	10.0346	10.1885	9.9643	
INPP1	nan	7.4833	7.8457	8.0162	8.92865	8.5274	
LAGE3	nan	8.11555	8.148	7.6002	8.3571	8.163	
RAC2	nan	3.98115	3.9323	3.967	3.8423	4.088	
TNFRSF21	nan	9.4963	8.9606	9.565	10.1475	9.6237	
HMOX1	nan	10.5015	10.5061	10.517	11.0772	10.8276	
KIF14	nan	7.7119	7.6356	7.4153	5.9026	6.4528	
COL4A1	nan	9.27685	9.0708	8.7775	7.98305	8.962	
DUSP6	nan	8.90565	8.7022	8.4573	10.1367	8.7207	
CYB561	nan	6.3907	6.7899	6.5925	7.32515	7.0124	
EPB41L2	nan	10.1542	10.0836	9.7282	8.92305	9.4594	
GNAI2	nan	6.3875	6.0807	6.2034	6.4776	5.7059	
HTRA1	nan	5.6413	6.9981	6.8189	5.5974	6.1986	
TSTA3	nan	7.5777	7.7931	7.7424	7.94595	7.9328	
WASF3	nan	4.02275	4.0853	4.0853	5.65555	3.906	
DNMT1	nan	11.5694	11.4278	11.4135	10.7292	11.2303	
TSPAN6	nan	9.94855	9.9485	9.7333	10.1395	10.13	
FBXO21	nan	10.6539	10.2797	10.2276	9.78185	9.3727	
RAB27A	nan	6.527	6.5984	6.4353	6.78975	6.5928	
DDR1	nan	5.9646	5.9995	6.3809	7.21375	6.8705	
PPP2R3C	nan	9.3743	9.495	9.073	8.41595	9.0088	
ADRB2	nan	6.64535	3.1481	10.2033	10.9435	3.6212	
LPGAT1	nan	10.9044	10.8858	10.8328	10.5654	10.8328	
DUSP11	nan	9.38035	9.1915	9.1939	8.98905	9.1768	
GRB10	nan	7.2208	7.2841	7.2385	7.3007	7.1883	
MMP1	nan	5.03815	9.5621	5.4092	5.04375	5.0791	
TP53BP2	nan	9.51565	10.0391	9.8125	9.99795	9.7659	
CDKN1A	nan	10.4458	10.2915	10.983	11.2119	11.4971	
ZW10	nan	8.1354	8.0793	8.2737	7.7941	7.9297	
CORO1A	nan	6.3573	6.001	5.8261	5.4561	6.2931	
TJP1	nan	7.9982	7.932	8.0328	8.27925	8.2087	
ABCB6	nan	9.4726	9.5413	9.6409	10.1253	9.7557	
XPNPEP1	nan	7.50545	7.5241	7.5347	7.29255	7.4679	
MAMLD1	nan	4.2965	4.2446	4.3516	4.39945	4.3697	
MTHFD2	nan	12.1581	12.1373	11.9181	11.3197	11.6294	
DSG2	nan	8.5152	9.0451	8.8733	9.2221	9.0336	
PRAF2	nan	9.1217	9.2266	9.3913	10.1228	9.4556	
DNTTIP2	nan	10.3709	10.382	10.2645	10.4255	10.2356	
SLC27A3	nan	8.41295	9.2655	7.6953	7.06875	8.3612	
CD97	nan	7.90475	7.9565	8.3296	7.796	8.2569	
HTATSF1	nan	11.5667	11.4506	11.6509	11.7931	11.5876	
IL13RA1	nan	8.7063	8.693	8.7131	7.84505	8.2868	
NCAPD2	nan	9.5752	9.8249	9.6729	9.27645	9.3546	
AGL	nan	6.45655	6.3401	6.1732	5.78385	5.8213	
TMEM109	nan	10.1196	10.1143	10.1339	9.68885	10.0919	
CDC25B	nan	12.2682	12.4477	12.3798	12.7813	12.6669	
ICAM1	nan	4.00435	4.1479	4.0055	4.1063	4.1402	
GATA3	nan	3.98425	4.2442	4.2242	5.03855	4.3966	
NUP93	nan	9.95805	9.9232	9.8008	8.56685	9.4115	
PLA2G15	nan	6.4018	6.4528	6.6297	7.0114	6.9474	
RPA3	nan	9.0836	9.4594	8.8494	7.9011	8.2644	
PIP4K2B	nan	9.38095	7.7643	7.9164	8.57635	8.1454	
TES	nan	9.32175	11.1726	10.8702	10.2761	10.839	
MYCBP2	nan	7.03985	7.0816	6.9938	7.46245	7.1625	
SPR	nan	9.08795	10.5448	10.6468	10.8074	10.8068	
PGRMC1	nan	12.4022	12.3669	12.2575	12.1926	12.26	
RELB	nan	6.35555	6.538	6.8377	7.3885	7.1974	
AARS	nan	11.2357	11.1698	11.2885	12.0569	11.2466	
EPHB2	nan	5.9005	5.8007	5.3971	5.2747	5.5217	
GPC1	nan	8.47755	8.8555	8.913	9.57265	9.2034	
RPIA	nan	9.96715	10.8146	10.7607	9.7022	10.4318	
ELAC2	nan	11.5219	11.3723	11.388	10.9543	11.2986	
GPR56	nan	10.1788	9.7121	9.5621	9.226	9.5783	
NVL	nan	9.98655	9.9612	9.4656	8.7062	10.3674	
PLSCR1	nan	8.0385	7.9834	7.802	7.8979	7.6738	
CHEK1	nan	9.2752	9.1077	8.6887	7.7248	8.2246	
CTSL1	nan	12.9002	12.927	13.1929	13.6007	13.3548	
CTSD	nan	9.3202	9.5783	9.5433	11.2715	10.4911	
ME2	nan	9.7488	9.1974	9.9366	9.41905	9.4482	
ARHGEF2	nan	7.211	6.751	6.8457	7.50715	6.9167	
PDGFA	nan	7.1765	7.3839	7.4679	7.43125	7.5046	
ILK	nan	10.0571	10.2033	10.2977	10.4563	10.4765	
WDR67	nan	8.70025	8.7742	8.6845	8.27955	8.4518	
NFIL3	nan	7.2352	7.4293	7.5709	8.4103	7.7811	
RFC2	nan	8.66255	8.6209	8.5343	7.72305	8.3925	
ARL4C	nan	8.55925	8.56	8.5509	8.6827	8.57	
TIMM9	nan	12.7005	12.6241	12.5878	12.3862	12.5972	
CPNE3	nan	11.6388	11.6746	11.6294	11.8851	11.7934	
ORC1	nan	10.3963	9.8772	9.2581	8.15835	9.6699	
C5	nan	8.6302	8.9005	8.9551	8.42565	8.6571	
PARP2	nan	8.7279	8.3242	8.6101	8.42005	8.2934	
FASTKD5	nan	9.84105	8.8986	9.8993	9.2188	10.0608	
SCRN1	nan	8.7659	9.6936	9.0451	9.7974	9.2308	
MAN2B1	nan	6.51885	6.9434	6.7092	7.7055	7.6288	
PTPLAD1	nan	10.9641	10.9381	10.7845	10.2605	10.7261	
MSRA	nan	7.5898	7.5413	7.6237	8.43505	7.9063	
NFKBIA	nan	9.75165	10.0675	10.0798	10.0695	10.1489	
DCTD	nan	8.68715	8.8384	8.6997	9.11405	9.0615	
SYNE2	nan	6.28435	6.0318	6.1792	6.2369	6.1465	
MBNL1	nan	10.3338	10.5397	10.5703	10.2989	10.3846	
UBE3C	nan	10.6791	10.6952	10.25	10.4688	10.6012	
CCDC92	nan	7.6094	7.5241	7.7941	8.27865	7.918	
MYCBP	nan	9.94415	10.1571	9.8288	8.385	9.4851	
CXCL2	nan	5.0647	5.0409	5.1492	4.67945	5.2164	
PTPN1	nan	8.5925	8.7276	8.6974	8.553	8.5177	
BRP44	nan	11.0889	11.1002	10.936	11.5443	11.4048	
TIMM22	nan	7.9809	8.5343	8.4501	8.12355	8.1563	
ATF5	nan	8.78125	9.5149	8.7873	8.94045	9.2866	
ECD	nan	9.48525	9.0788	9.2294	9.33225	9.3546	
CIRBP	nan	8.36195	8.464	8.1604	8.054	8.5514	
NSDHL	nan	9.77825	9.7491	9.9741	11.7577	10.1732	
ADI1	nan	8.2773	8.4468	8.1237	8.364	8.3769	
NFKBIE	nan	5.61355	5.5541	5.7278	5.7533	5.7527	
ADCK3	nan	4.1101	4.2442	4.2808	8.73625	4.4677	
PRSS23	nan	11.8603	11.8405	11.9672	12.3616	12.2305	
CCNH	nan	9.59865	9.436	9.4208	8.7469	9.114	
GDPD5	nan	6.106	6.3666	6.6632	6.77445	7.0582	
P4HA2	nan	7.66335	7.6719	7.6781	8.57775	8.0223	
TARBP1	nan	7.79855	8.1687	8.5274	8.63475	8.3227	
ATP6V0B	nan	7.3129	7.6381	7.2538	7.0387	7.2878	
RBKS	nan	7.38515	7.3091	7.57	8.4589	8.0595	
CAPN1	nan	4.1633	3.5824	3.9907	3.85495	4.1968	
KDM3A	nan	8.92975	8.9939	8.8706	9.38095	8.9272	
BID	nan	7.3742	7.8757	8.163	7.9387	7.3557	
STXBP1	nan	6.3293	6.8633	7.2203	8.27925	7.3705	
ITGB5	nan	11.9359	11.8938	12.2487	12.7266	12.6018	
MTF2	nan	8.6145	8.5837	11.8405	7.4969	8.1893	
HLA-DRA	nan	5.60765	4.3697	4.5218	4.49985	4.5924	
SLC11A2	nan	6.86995	6.9124	6.6482	6.63025	7.4648	
PDIA5	nan	5.90795	5.872	5.7804	5.8093	5.5732	
PIK3C2B	nan	6.10665	5.9338	6.5244	7.3366	7.0657	
RAP1GAP	nan	9.14915	8.8906	9.6301	11.3205	10.3867	
SLC25A46	nan	9.13225	9.5711	9.2581	8.96805	9.328	
CDK19	nan	7.55085	7.5012	8.1204	9.4316	8.3981	
NOLC1	nan	10.3312	10.3674	10.1732	8.82695	9.7036	
CAT	nan	10.2953	10.4404	10.576	9.7652	10.9184	
KIAA0753	nan	8.7279	8.5274	8.5453	10.3617	8.7529	
DUSP14	nan	7.9656	7.8608	8.4361	9.09035	8.8535	
KAT6B	nan	6.99195	7.984	7.3129	7.77565	7.2096	
CHN1	nan	6.09655	7.6519	6.8081	6.148	6.5666	
HMGA2	nan	8.24245	8.2023	8.478	8.12645	8.2649	
IGFBP3	nan	11.9565	12.208	12.1995	12.2959	12.2686	
MAPK13	nan	4.08075	4.0665	4.2171	7.9095	3.7591	
TRIB1	nan	8.25925	8.0523	8.0141	7.2043	7.4549	
UFM1	nan	9.66355	7.579	9.015	9.16775	8.6732	
GNA15	nan	7.58745	5.5991	5.635	7.63445	5.4796	
TP53BP1	nan	8.76905	8.5967	8.6571	8.708	8.8787	
FRS2	nan	5.8484	6.1274	6.2835	6.33365	6.1674	
IARS2	nan	12.2758	12.2803	12.0945	11.9677	12.2038	
BECN1	nan	9.7376	9.9243	9.8626	10.6458	10.0346	
GATA2	nan	9.56865	5.0154	5.2589	4.76725	5.9338	
KDELR2	nan	8.53695	8.8193	8.6732	8.44885	8.4393	
RALGDS	nan	8.78815	6.8973	7.2951	7.8827	7.8946	
ELAVL1	nan	7.795	8.0414	7.642	7.92905	8.179	
NRIP1	nan	11.2871	10.7484	11.1337	11.2439	11.1828	
CCNB2	nan	9.7808	12.3798	12.1187	8.3705	11.9227	
IFNAR1	nan	7.55615	7.47	7.1693	7.3289	8.4667	
MIF	nan	14.2594	14.1996	14.2425	13.7348	14.0559	
RNPS1	nan	13.5749	13.3236	13.1725	12.9121	13.0477	
DAG1	nan	7.48055	7.5175	7.788	7.7397	7.644	
SATB1	nan	3.559	7.5252	3.269	5.7203	3.8032	
ARID4B	nan	7.81705	7.8341	5.4373	8.33455	8.0359	
IGF2BP2	nan	5.6643	5.6867	5.9192	5.7338	5.7184	
GSTZ1	nan	9.4113	9.5288	9.3758	9.9439	9.8233	
IGF2R	nan	9.20085	9.2344	9.6627	10.6083	10.0316	
SESN1	nan	6.7042	6.8746	9.2867	7.3247	7.9962	
TIPARP	nan	8.8713	9.1296	9.6096	11.3209	9.9885	
CRTAP	nan	7.95535	8.2091	8.3501	9.03735	8.7619	
SPEN	nan	8.0369	7.7575	7.9716	8.1174	8.097	
GMNN	nan	12.2675	12.2236	12.0732	10.7486	11.4873	
PFKL	nan	9.618	7.3874	7.2034	7.6776	7.3973	
CYTH1	nan	7.1784	7.487	7.0074	6.7185	7.1764	
PDHX	nan	8.41865	9.6046	9.4603	9.88	7.1864	
DENND2D	nan	4.47745	4.6597	4.3246	4.30495	4.3873	
PRCP	nan	9.076	9.0648	8.6732	8.76445	8.8892	
CTTN	nan	6.75205	6.7737	6.5009	6.113	7.1342	
SMARCA4	nan	5.17735	5.2498	5.154	5.5479	5.4611	
PYGL	nan	10.8123	10.9021	10.6131	10.9527	11.0768	
UBR7	nan	10.2239	9.717	9.7888	9.10665	9.1317	
GRB7	nan	10.9339	11.3679	11.0467	9.49535	9.1254	
RPA2	nan	9.6537	9.5554	9.3367	8.5161	9.71	
CD44	nan	7.72165	10.891	10.61	10.7778	10.9646	
ERBB3	nan	4.4377	4.9573	4.3956	4.7641	4.3625	
GTF2E2	nan	10.8979	10.9935	10.8541	10.6915	10.8105	
VAV3	nan	6.56265	6.7175	6.4135	6.67345	6.8055	
ABHD6	nan	7.4688	7.3452	7.1273	7.54845	7.7104	
ANXA7	nan	10.7542	10.7895	10.5822	10.3748	10.879	
MAPKAPK2	nan	9.45765	9.4225	9.9924	9.8496	10.053	
TXNRD1	nan	13.9542	13.8806	13.8682	14.0578	13.8682	
CAB39	nan	7.11785	7.0408	7.2595	6.7993	7.5211	
FZD1	nan	6.2928	5.5365	5.6811	5.9027	6.0173	
CRYZ	nan	11.7028	11.5583	11.4539	10.9891	11.4038	
TIAM1	nan	3.88725	4.1141	3.8032	7.22665	10.9394	
DNM1L	nan	10.9543	10.7675	10.4145	9.15165	7.5075	
GAA	nan	6.68755	6.7575	7.0547	7.86205	7.7647	
DERA	nan	11.7129	11.6951	11.4399	11.2531	11.6012	
SKIV2L	nan	7.90735	8.0142	8.3117	8.50425	8.0358	
BLMH	nan	9.1486	9.4817	9.22	9.2268	9.0756	
PTPRK	nan	9.05845	8.7536	8.1407	9.20255	9.0655	
HERC6	nan	5.5893	5.4412	8.198	6.4422	6.4984	
RRP1B	nan	8.9667	8.8575	8.6108	8.55205	8.7269	
MKNK1	nan	9.186	9.5123	9.9612	9.45605	9.9362	
TSPAN3	nan	9.61405	9.5213	9.5652	9.9958	9.4822	
ACOT9	nan	11.0738	11.0687	11.102	10.927	11.0067	
PIK3R3	nan	4.8329	5.0151	4.7838	4.9465	5.033	
KEAP1	nan	10.4324	10.3307	10.4361	11.0015	10.4176	
ST3GAL5	nan	9.9953	10.1838	10.2769	10.9303	10.4926	
CTNNAL1	nan	7.88585	9.1091	7.6949	7.35355	7.2192	
TFDP1	nan	9.4746	9.6471	9.2157	8.4034	9.165	
ABHD4	nan	8.68985	9.163	9.5059	10.2377	10.1971	
SMC3	nan	9.27445	9.3072	9.0131	8.6091	8.5896	
INPP4B	nan	7.4164	5.6113	5.288	5.30655	4.9856	
LBR	nan	9.934	9.9652	9.7943	9.6299	9.7266	
PPIE	nan	10.1516	10.2165	10.3469	9.9651	9.8888	
ZMIZ1	nan	10.4988	10.4249	10.1398	10.2921	10.2231	
PPARG	nan	8.69245	8.5081	8.8647	8.8133	8.6209	
TERF2IP	nan	9.943	9.9031	10.1436	10.4221	10.1879	
BNIP3	nan	10.4652	10.5008	10.4176	10.6946	10.6856	
RPP38	nan	9.4915	8.34	8.4592	8.59655	8.545	
BCL2	nan	3.8532	3.4169	3.5784	3.65405	3.5784	
CAST	nan	10.6628	10.4683	10.1099	10.5497	10.5856	
BAG3	nan	11.4641	11.4756	11.4374	11.332	11.3262	
RBM6	nan	7.3234	7.1231	7.4304	7.0057	7.2355	
CSK	nan	8.15805	8.4573	8.1763	8.54195	8.5085	
GNA11	nan	8.6641	8.4062	8.5336	9.1112	8.6057	
ALDOC	nan	4.65245	4.7373	5.3397	9.11045	6.2648	
TOR1A	nan	8.2673	8.4491	8.0866	8.2169	8.4518	
SLC25A13	nan	10.1436	10.316	10.154	10.3378	10.1398	
UBE2L6	nan	9.29535	9.3682	9.6627	9.8066	9.8524	
SYK	nan	5.08955	4.8296	5.0051	4.86855	4.9182	
TSPAN4	nan	12.1344	12.33	12.5487	8.53845	12.662	
NR3C1	nan	6.6209	7.0582	12.5358	7.0628	6.8618	
PCBD1	nan	12.7945	12.8965	12.9628	13.0588	13.148	
ICMT	nan	9.09925	10.6856	9.0933	9.15325	9.0122	
TRIB3	nan	10.4559	9.1396	11.1702	10.8028	11.5405	
EIF4EBP1	nan	10.8352	10.8353	10.6685	9.74145	10.6522	
PHF15	nan	8.90325	7.579	7.4838	8.72505	7.3755	
CXCR4	nan	5.0267	4.8878	4.6597	4.10045	5.0751	
GNPDA1	nan	9.52755	9.8679	10.1058	11.0709	10.8146	
CCND3	nan	9.82075	9.6572	9.8441	9.55475	9.7659	
FKBP14	nan	6.65305	6.7251	6.1524	5.30035	6.3921	
CIAPIN1	nan	9.7936	9.7247	9.3396	9.6974	10.0263	
NUCB2	nan	9.2327	9.205	9.2447	9.6272	9.679	
COG7	nan	8.4018	9.1547	8.4691	8.7182	9.1989	
RSU1	nan	8.85365	8.8134	8.8867	9.1946	8.7982	
PTPN6	nan	6.561	6.7722	6.7944	7.4696	7.5497	
TUBB6	nan	10.5947	7.1359	10.502	9.44445	10.3307	
ABL1	nan	8.68785	8.7108	9.4822	9.9543	9.4482	
DUSP4	nan	8.5524	8.7441	8.9949	10.6602	9.5059	
CCNF	nan	8.2755	6.9776	7.0803	5.96395	5.9948	
PTPN12	nan	10.0026	10.2741	10.1851	10.6066	10.2647	
HSPA1A	nan	12.2603	10.25	12.0425	12.2509	11.2141	
PCK2	nan	10.2197	10.0492	9.8307	9.53335	9.7943	
FAM57A	nan	8.92285	8.8647	9.2016	9.3954	9.5007	
RB1	nan	8.0513	8.0377	8.1266	7.86845	7.9676	
EVL	nan	7.5521	6.9979	6.921	7.2494	7.0408	
GFPT1	nan	8.62435	8.5336	8.3501	8.44865	8.4393	
BLVRA	nan	10.2526	10.1453	10.3867	11.2089	11.1972	
GPER	nan	7.34925	4.3956	4.0888	4.22505	4.5705	
EAPP	nan	8.37305	8.3009	8.1692	7.4529	8.3924	
S100A13	nan	11.5232	11.7248	11.5686	11.5984	11.9057	
EXT1	nan	10.4307	10.3725	9.9728	9.7526	9.2784	
MYBL2	nan	8.9081	8.9692	8.3805	6.5389	7.9874	
POLE2	nan	9.65495	9.3347	8.8914	6.85965	8.5042	
STX4	nan	9.6063	9.7469	10.0747	10.6035	10.3645	
PLCB3	nan	8.7586	8.8494	8.4898	8.79825	8.8494	
TMCO1	nan	12.0545	12.2038	11.9651	11.626	12.0676	
C2CD2	nan	8.39035	9.679	6.8642	7.5339	7.1143	
PARP1	nan	9.9942	9.8929	9.9534	9.7382	9.8843	
ANKRD10	nan	7.70835	7.6787	7.7643	8.53885	7.6002	
CCDC85B	nan	7.80295	8.1127	8.0614	7.87245	8.3329	
DDB2	nan	9.3457	9.7512	10.0255	9.6749	10.0453	
DDX10	nan	9.98455	9.3585	9.674	9.25345	9.6849	
BAMBI	nan	10.5102	10.3437	10.2108	9.99865	10.2116	
CEP57	nan	9.1067	6.6022	8.1326	8.14055	8.001	
HADH	nan	9.31	9.4284	9.2246	9.0497	9.2098	
RAB31	nan	8.3064	8.3638	8.0902	8.45945	8.3774	
ABCC5	nan	4.741	4.5888	5.0507	4.94695	4.6225	
GLRX	nan	12.4019	12.3285	12.3285	12.5896	12.5487	
MVP	nan	11.0655	10.9935	11.4669	12.3723	12.1995	
RFC5	nan	9.69785	9.5467	9.1506	7.2787	9.1214	
HES1	nan	8.29175	8.8504	8.7069	7.09555	7.9085	
STMN1	nan	8.83015	8.8258	8.1266	7.90865	8.3014	
GALE	nan	9.29365	9.4063	9.3727	9.71945	9.7755	
KLHL9	nan	8.5052	8.1105	9.205	8.3516	8.1633	
PTPRF	nan	7.6592	8.2934	8.34	7.87065	8.3037	
UBE2J1	nan	7.7674	7.6045	7.0985	6.74635	7.7296	
PGM1	nan	9.1779	9.3851	9.0526	9.2861	9.3252	
SLC37A4	nan	6.3308	6.1498	6.4524	5.9509	8.7684	
LOXL1	nan	4.4253	4.2825	4.3049	3.92615	4.0665	
PLK1	nan	10.371	10.4749	10.1082	8.94965	9.3682	
MYO10	nan	11.0861	10.9107	10.7686	10.9076	11.0467	
NPRL2	nan	7.6635	7.5075	7.6692	7.7416	7.7439	
LIPA	nan	10.7696	10.7208	10.891	11.5056	11.3063	
PWP1	nan	10.7859	11.0307	10.6244	10.5345	10.7945	
PHGDH	nan	11.1425	10.9083	10.7813	9.7057	10.3382	
PLEKHM1	nan	10.4904	9.0496	8.8384	9.82945	10.3247	
ST7	nan	6.3409	6.5879	6.7812	6.81645	6.3128	
VAT1	nan	10.1729	10.1987	10.7173	12.0433	11.1337	
IKBKB	nan	7.0005	6.9577	7.1447	7.498	7.5547	
KIF20A	nan	8.56985	9.942	9.6977	8.60705	7.6527	
CDH3	nan	6.67165	4.2564	3.6263	6.78315	3.8956	
PCM1	nan	8.7232	8.763	8.9505	9.05765	8.57	
IER3	nan	9.4864	9.6481	9.6038	10.293	9.8048	
SSBP2	nan	5.8196	6.2526	5.8606	6.13555	5.7782	
FAT1	nan	9.8826	9.866	9.6296	10.0055	10.0192	
SNX11	nan	8.83685	7.223	9.6307	8.5952	9.7469	
RNMT	nan	8.92355	8.5733	8.7529	9.31135	8.7382	
SFN	nan	8.4157	9.1879	8.3774	9.45405	9.2412	
EGFR	nan	7.08605	6.7092	7.0582	8.1051	7.3272	
RFX5	nan	8.3129	8.2466	8.5705	7.93155	8.6901	
NET1	nan	9.4839	9.1296	9.3988	8.93565	8.8672	
PKIG	nan	9.36535	9.8825	8.9405	10.1305	9.9948	
DECR1	nan	10.2573	10.4072	10.1971	10.4303	10.6201	
FSD1	nan	7.948	7.9996	7.9023	7.95955	8.2868	
ATP6V1D	nan	10.6439	5.6098	5.4684	10.7867	10.5199	
CDK6	nan	5.12015	5.4183	5.0751	5.6382	5.2252	
CDC45	nan	9.30485	9.4498	9.0395	7.1318	8.7051	
NPC1	nan	8.1868	8.4829	8.3227	9.36925	8.1872	
EDEM1	nan	9.01195	8.7163	8.8504	9.1198	11.4374	
MEST	nan	11.753	11.1963	11.3647	11.6105	11.4506	
MYLK	nan	8.51095	6.4482	11.2502	9.57165	6.5806	
PAFAH1B3	nan	11.3628	11.4183	11.4969	12.0368	11.8743	
CALU	nan	10.8349	10.7784	10.6818	10.3893	10.4873	
USP6NL	nan	10.594	8.0407	7.6718	9.1725	10.5397	
LGALS8	nan	8.40375	8.6493	8.5936	9.66205	9.2146	
NT5DC2	nan	9.81455	9.2497	9.3933	9.37955	10.2126	
CCP110	nan	7.6817	7.5579	7.3872	6.6418	7.5501	
LRP10	nan	10.1038	10.1261	10.4267	11.146	11.0396	
ATP1B1	nan	13.0413	13.1009	13.1479	13.4683	13.3014	
STK10	nan	13.0834	5.8361	13.0113	4.8696	5.6079	
OXCT1	nan	5.8484	6.5155	5.9262	5.5071	5.893	
UGDH	nan	12.8046	12.1995	12.7636	12.714	12.6995	
SLC25A4	nan	9.20105	9.471	9.4407	10.0441	9.7145	
SQRDL	nan	9.0846	8.4601	9.5751	9.00085	8.7873	
HEBP1	nan	9.24305	9.4735	9.351	10.3826	9.2822	
PSMB10	nan	8.7848	8.5636	8.6057	8.1	8.57	
ASCC3	nan	8.2726	8.2553	8.0275	8.1441	8.4519	
FGFR4	nan	8.3535	8.1266	8.3276	8.6971	8.8853	
CDKN2A	nan	8.28325	8.4911	7.6949	7.91075	7.7683	
TRAM2	nan	5.962	5.8865	6.1103	5.83395	5.7928	
ATP11B	nan	9.4039	8.3086	7.9716	7.60955	8.2771	
PYCR1	nan	10.4065	10.4227	10.2329	9.8943	10.5752	
CD320	nan	10.4736	10.6522	10.4848	10.3041	10.6171	
NCOA3	nan	11.1388	11.059	11.0067	11.3247	10.6389	
CDKN1B	nan	10.8555	10.5199	10.7074	10.8976	10.154	
POLD4	nan	10.3885	10.7091	10.7484	11.3187	11.1542	
FOSL1	nan	8.59215	9.0472	9.4783	8.73355	9.3767	
MLLT11	nan	10.6782	10.4093	10.4404	10.2222	10.5439	
CEBPZ	nan	9.82665	9.8008	9.9243	9.1158	9.3933	
PRKACA	nan	9.2178	9.2122	9.1037	9.18455	9.8552	
GAPDH	nan	14.7107	14.7405	14.7405	14.7451	14.7405	
CBR3	nan	6.55065	7.1707	7.4773	7.12215	7.0765	
LYRM1	nan	6.55975	6.0698	5.9721	5.7077	5.9784	
