gene	0.04uM	0.12uM	0.37uM	1.11uM	10uM	3.33uM	
PSME1	10.3825	10.1875	10.9818	10.7465	10.5163	10.7542	
CISD1	10.0746	10.0034	9.34465	9.46415	10.0839	9.3096	
VDAC1	12.306	12.8855	13.0101	13.0865	12.6885	13.0348	
SORBS3	6.37465	6.4482	6.38395	6.77	6.5441	6.57615	
SPDEF	8.20605	7.8861	7.93295	7.6448	8.2083	7.7027	
ATF1	6.65175	7.4091	6.9615	7.4359	6.578	7.28725	
SPAG4	4.67175	4.9435	5.48065	4.12625	3.9129	4.2208	
E2F2	5.49035	6.1193	5.4762	5.84225	5.6535	9.39955	
RHEB	13.3046	13.2488	13.5927	13.3593	13.3899	13.6488	
IGF1R	8.4112	8.91175	10.0001	8.79615	8.7942	8.42095	
SLC5A6	10.178	10.9098	9.8582	10.5581	10.4566	10.9636	
FOXO3	10.8666	10.9378	10.9634	10.7731	11.1202	10.9007	
RGS2	6.63275	6.83645	5.2111	6.4262	4.9109	6.3103	
GSTM2	4.31535	4.1726	4.29635	4.63625	4.7202	4.13905	
SCYL3	4.7565	3.08415	3.2494	3.8831	3.9722	3.7056	
RHOA	7.6961	7.2835	7.56535	7.3624	7.4256	7.8151	
TBX2	4.9001	5.4178	4.90945	5.26315	5.3657	6.15185	
DNAJA3	14.8651	14.5602	14.5303	14.7868	15.0001	13.0264	
IL1B	5.40005	5.5172	5.2589	5.36445	5.318	4.77315	
ASAH1	7.83925	8.3636	8.26585	8.4034	8.2454	7.77155	
DCUN1D4	7.39665	8.0603	8.04125	7.31055	7.3643	7.39775	
DYRK3	7.0429	7.20155	6.4372	6.18665	7.2144	5.71205	
RALA	7.24645	8.0118	7.95975	7.7341	7.8454	8.05115	
ARHGEF12	7.7702	7.45275	7.70245	7.69115	8.3817	8.77845	
POLG2	7.91535	6.033	6.2277	7.8218	6.7414	7.34795	
SOX2	8.70895	7.87065	9.0948	8.7988	8.9354	6.518	
TRAPPC3	8.68035	9.113	6.66995	8.59985	7.8542	9.72955	
SERPINE1	5.1756	5.0561	4.98985	5.2345	5.1798	3.70545	
TCFL5	3.749	4.13845	4.19505	3.96735	3.7911	6.51805	
CRK	9.47045	9.7229	9.94165	9.91235	9.4564	10.1406	
HLA-DMA	5.40445	5.562	5.3026	4.97595	5.457	4.83475	
EGF	5.21905	5.5916	4.8042	4.72925	4.3668	6.761	
RBM34	9.61305	10.2843	10.3533	10.2716	10.482	9.957	
ITGB1BP1	7.6205	8.88635	9.0466	8.9597	8.7253	8.67295	
SPTLC2	5.0191	3.99855	4.21015	4.10625	4.0174	4.22415	
ACLY	9.85985	9.58095	9.85375	10.1157	10.0953	10.2158	
APP	15.0002	15.0	15.0002	15.0	15.0004	14.8904	
RAD51C	7.712	7.29325	7.4537	6.7584	7.6586	7.4106	
TSKU	7.54715	7.907	7.1589	7.4436	8.7526	8.31665	
SMC1A	8.29475	10.1592	9.069	9.5528	9.7192	9.2131	
TMEM2	7.42565	7.31155	8.5813	7.61555	7.0839	7.7658	
NOS3	5.38995	5.83605	5.73355	5.7654	4.7341	5.03775	
YME1L1	9.6749	9.55955	9.62875	9.8704	9.4616	10.3323	
ACAA1	6.2933	7.04155	6.93365	7.3193	7.0287	6.90235	
CSNK1A1	9.0143	8.93945	9.19255	9.13585	8.9076	9.33045	
HSPA8	8.08295	9.4502	9.6711	6.5655	10.0836	9.9019	
NFATC4	6.3623	6.55495	6.0262	6.94215	6.5864	5.52565	
CCNB1	13.6291	13.6902	13.4489	13.4904	13.6402	13.5231	
TBP	7.7805	7.9426	7.97225	7.98155	7.7673	7.5749	
SLC2A6	10.7281	9.66605	10.4245	9.5424	10.2962	9.7856	
WFS1	8.49245	8.7507	9.3454	10.1157	8.5828	10.5289	
EZH2	8.0942	7.92035	8.4207	8.2929	7.4883	8.1257	
UBE3B	8.9415	8.30185	8.1421	8.1687	8.3896	8.30995	
ICAM3	4.727	5.0052	5.0987	5.4372	5.3516	5.4832	
NPDC1	10.937	11.1969	11.3009	11.7043	11.8707	11.7629	
ALDH7A1	4.6495	4.0724	5.1295	4.4345	5.2352	4.38065	
BRCA1	4.565	5.1054	4.79025	5.00865	6.0097	5.3293	
NFATC3	8.85115	8.76415	8.35235	8.97915	8.8128	10.0704	
PSMD4	11.7265	12.4093	12.4198	12.524	12.2428	12.4293	
PCNA	14.1107	14.2428	14.45	14.0664	14.1026	14.2491	
PHKG2	7.10725	7.2302	7.52845	7.3099	7.2203	6.7244	
ETV1	5.2192	5.6106	5.4675	5.50295	5.6842	5.5817	
POLR2I	10.6569	10.6171	10.9503	11.1076	10.4503	10.7509	
KDM5B	6.40175	6.2717	6.1048	6.4164	6.0027	6.72435	
PSMB8	9.64055	9.9297	10.4524	10.1338	10.0953	10.3046	
AKAP8L	6.58965	8.2155	6.8209	7.27535	6.9865	7.23655	
COG4	10.0413	10.3698	10.096	10.1826	9.9419	10.5561	
MCM3	10.8342	11.1698	10.6244	10.7666	10.0459	10.737	
PLEKHJ1	9.1236	9.6749	9.30375	8.8363	8.5179	8.88265	
HAT1	9.66545	9.04495	9.357	8.2042	9.7655	7.83375	
TERT	6.8253	6.94555	6.74335	6.11445	6.592	6.96115	
G3BP1	8.44865	8.3797	8.1794	8.3004	8.5443	7.70695	
SNX13	9.16195	8.3487	8.4773	8.82815	9.1012	8.6267	
PAK4	10.3118	10.3017	9.845	10.2171	10.0193	10.2959	
TPD52L2	10.1933	9.80385	10.8887	10.2227	10.4309	10.7573	
DPH2	6.7138	7.09655	7.07355	7.8344	7.1433	6.9155	
PIH1D1	9.42845	9.42455	8.9447	8.50155	9.5062	9.55515	
PRKCQ	6.33365	6.23665	5.40815	6.7009	5.6319	6.9946	
SNX6	8.4802	8.74515	8.7026	8.80555	8.7835	9.4154	
EED	8.8273	8.95165	8.70025	9.1884	8.6213	8.8585	
SHB	10.1521	9.336	8.83225	9.23615	10.0332	7.7137	
UTP14A	8.0081	7.58405	7.7562	8.9859	8.7396	8.52185	
WIPF2	8.19015	8.67345	8.42025	8.10495	8.025	8.3721	
NENF	9.52135	9.4482	9.8813	9.91345	10.033	9.97585	
TSEN2	7.03605	6.87685	6.94665	6.88395	7.0287	7.22545	
RPN1	13.3177	13.3633	13.8687	13.6604	13.7332	13.3556	
SUV39H1	6.2995	6.6198	6.5352	6.92085	6.9281	7.2213	
C2CD2L	7.11395	5.88835	4.7677	6.0134	5.8902	4.96725	
LYPLA1	7.10605	9.0262	8.6585	7.89745	9.6412	10.2573	
BIRC2	6.3282	6.40315	6.99185	7.0247	6.8251	7.0002	
GABPB1	7.719	7.80925	8.5709	8.27385	8.2164	8.0268	
MAP2K5	7.755	7.2652	7.62555	7.56745	8.1955	7.88585	
POLR2K	9.0032	9.5813	10.1735	10.2299	10.6613	9.76	
PTK2B	7.9204	8.24075	6.8224	7.73045	7.8728	7.4362	
PUF60	12.2405	11.8709	9.7082	12.1962	12.209	12.506	
DHRS7	8.15115	8.3843	8.9597	8.055	8.692	8.6735	
PAF1	10.0059	10.1226	10.2285	10.2526	10.8155	9.79515	
ARID5B	8.3121	7.56995	7.3681	7.7422	7.2317	6.8882	
POLR1C	8.7918	8.6069	8.7935	9.03655	8.6635	8.46655	
PAK1	6.6406	6.76265	6.59645	6.4601	6.246	6.8683	
RUVBL1	10.9981	10.6826	10.883	11.0821	10.8591	11.4137	
AKT1	11.0384	10.8556	11.1826	10.8815	10.6115	10.7393	
CDC42	9.67995	9.70295	10.0069	9.78835	9.6707	9.74855	
IGHMBP2	6.15515	7.08235	6.2039	5.78515	6.4885	6.03	
SENP6	8.62265	8.64985	8.31155	8.477	9.0264	9.04385	
ADO	6.0177	5.9198	6.44775	10.4015	5.999	5.9355	
HSPB1	14.4359	14.7248	14.6466	14.7248	14.2378	14.9	
EBP	6.38955	6.35905	6.85865	7.2391	7.6011	6.6339	
TCTN1	5.92145	6.10065	6.006	6.83185	5.7885	5.2262	
AKR7A2	10.6727	10.4307	10.8174	10.272	10.7377	10.8419	
CASK	6.61715	6.5382	6.64515	6.78665	6.8309	7.0292	
PPP2R5E	10.9948	10.3961	10.1693	10.2385	10.3786	9.92345	
RRP8	6.2919	6.36975	6.1487	6.20585	6.3502	6.43185	
LAMA3	3.97045	4.08855	4.0826	4.6837	4.6528	4.72765	
PIK3C3	6.096	6.70605	6.01135	6.28465	6.603	5.92075	
BHLHE40	5.383	4.8374	5.31595	6.302	5.2268	5.0459	
CCNE2	4.8402	5.78185	5.9857	5.99395	4.2687	5.0831	
BDH1	6.9388	6.72525	6.71805	6.53485	6.3763	6.809	
FEZ2	5.6194	5.6115	4.8664	5.9445	5.8725	5.6288	
IKBKAP	8.13725	8.20415	7.99785	8.54565	8.4611	8.76845	
SH3BP5	9.01735	9.7734	9.42055	9.5145	9.7186	9.67115	
PPP2R5A	10.0111	9.43315	9.7526	9.6134	9.6985	10.2957	
SGCB	4.4883	4.2006	5.9757	4.8599	4.3689	9.79385	
EML3	7.48785	8.0627	7.38265	8.4711	7.3556	7.4856	
ENOPH1	9.8271	10.5475	10.8157	9.46865	10.2005	10.4476	
BIRC5	10.9392	10.3454	11.0541	11.0544	11.0864	11.9091	
CNOT4	7.79735	7.178	7.96795	7.5229	8.3233	7.9047	
EPRS	9.5059	9.8489	9.8464	9.7842	10.1429	10.015	
SNAP25	5.1197	4.84	4.3485	4.40175	3.9405	4.38435	
JMJD6	9.15805	8.12705	6.82125	8.9794	9.876	9.6225	
PAX8	4.03805	6.6745	4.73665	3.57315	4.3241	4.6073	
CBLB	6.31325	5.8254	6.1123	6.24385	7.6948	6.8083	
SLC35F2	6.72075	7.77125	6.7431	6.69995	6.1113	6.476	
ANO10	6.21275	6.2135	6.4374	6.36305	6.5674	6.5665	
PDS5A	9.0707	9.05855	9.38995	9.2207	9.657	9.6361	
DFFB	7.0367	7.10685	6.7343	6.143	6.2933	5.8562	
STUB1	9.66485	13.0503	13.2824	13.4068	13.0761	13.506	
PGAM1	12.5905	12.9737	12.7227	9.2144	12.3199	12.7852	
TGFB3	5.28345	5.7265	6.33485	5.7841	5.6484	6.51265	
BAD	7.36655	8.08395	9.1391	7.9451	8.342	8.7587	
XBP1	8.47545	8.4993	7.62905	8.96325	9.094	8.40895	
NMT1	8.6716	8.4722	8.3358	8.6668	8.2085	8.2597	
PSMD10	9.4596	8.6215	8.42065	8.7625	10.1996	9.3472	
ARFIP2	9.4404	8.86435	8.964	9.32915	8.5961	9.51295	
RAB11FIP2	6.8401	6.5385	5.84245	7.3108	5.5529	5.80725	
FPGS	9.06445	8.82145	8.6176	8.47995	8.664	8.7887	
STAMBP	9.38755	8.77455	9.53455	9.5142	9.4551	9.7302	
PRKX	7.7637	6.76335	7.5931	6.7517	7.2796	5.8431	
RNH1	11.9436	11.927	11.7455	11.9738	11.3195	12.0201	
ATG3	8.18785	9.5546	10.1615	9.6321	8.9496	9.66605	
FAH	8.4907	8.1534	8.0243	8.1899	9.1933	8.3828	
NCK1	8.8487	9.687	9.7816	8.4701	7.7887	9.6718	
PLP2	8.2965	7.6234	7.8022	7.62645	7.8979	6.86575	
CFLAR	7.8591	8.09185	7.6027	7.7222	8.0736	7.44645	
SOX4	7.0785	6.4909	6.5951	7.07615	5.4629	7.60405	
HEATR1	10.9299	11.0602	10.5341	11.5267	10.6495	10.7929	
TESK1	11.1269	10.7397	10.0358	10.0111	11.5954	8.79405	
HN1L	9.36915	9.56885	9.94375	9.51355	9.3639	9.87645	
WDR7	7.0171	6.61755	6.7944	6.40605	6.9961	5.865	
AKAP8	7.46725	8.3654	7.57415	7.6568	7.4535	7.66615	
RRAGA	8.6231	8.38695	8.57485	8.20785	8.4415	8.39045	
ELOVL6	6.8536	6.2398	6.85835	6.81085	6.91	6.53155	
SLC1A4	4.9173	4.93025	5.63405	5.704	5.1162	5.1088	
ACBD3	8.00645	8.085	8.05825	7.8775	7.8236	7.8343	
GRWD1	7.9147	7.813	7.6892	8.19685	6.9047	8.92395	
PMAIP1	5.77955	6.69925	6.09985	5.97505	6.0677	5.96425	
STAT1	9.49	9.942	9.75465	9.8543	9.4326	9.70835	
FOXJ3	7.77105	7.3771	7.86325	7.1737	7.907	8.4261	
TWF2	7.8564	8.3841	8.39315	8.3915	8.1801	8.29265	
HDAC6	6.9864	6.88	7.21985	7.47625	7.1414	7.3231	
MTERFD1	11.2812	11.0204	10.1887	10.6135	11.8445	9.0379	
CCND1	6.0983	7.17555	6.16435	7.2073	6.3315	6.96905	
CHIC2	6.82745	6.8922	7.479	7.6624	7.0427	6.35505	
PXN	12.6389	12.6782	12.4594	12.8097	12.2432	12.8293	
USP7	5.88625	6.22025	5.98225	6.27385	5.6335	6.5806	
NOSIP	7.62495	7.9007	8.57005	8.30685	8.4643	7.7585	
PHKB	10.6523	10.3202	10.5952	10.671	10.2649	11.1729	
DLD	10.0173	10.9741	10.8416	10.6776	10.6019	10.7014	
NFKBIB	7.4196	7.54695	7.38515	7.45675	7.9839	7.7194	
CASC3	7.70895	7.64755	7.7179	7.7058	7.6405	7.93595	
IDE	4.98725	4.54585	5.25175	5.1876	4.7479	6.32455	
CD40	11.4155	10.5136	9.71585	10.841	10.6565	9.0274	
MLEC	11.7253	12.2073	11.7216	11.9921	11.734	12.1852	
GLI2	5.8228	6.28915	5.0104	4.1336	5.4949	5.1751	
PRPF4	6.39035	6.3984	8.02115	7.8099	7.8068	7.84535	
MELK	10.5761	10.8777	10.9755	11.2054	10.467	10.7801	
USP22	12.7655	13.4598	13.8299	13.6416	13.6897	13.5366	
DAXX	8.76925	8.8704	8.9253	8.81715	8.7844	8.30805	
TMED10	10.5189	10.7284	10.8559	10.5935	10.8042	11.074	
CHERP	9.218	8.9817	9.33045	9.1331	8.7942	9.858	
SMAD3	8.4938	8.82095	8.6474	9.00235	9.4277	8.79845	
OXA1L	11.1012	11.3409	11.4567	12.0396	12.0079	12.0716	
PIK3CA	10.0168	9.3661	8.94775	9.2111	9.2632	8.6211	
SNX7	10.2844	7.9469	8.1336	9.2836	8.3386	8.0626	
TRAPPC6A	9.26995	9.52995	9.1326	8.55995	9.2952	9.1428	
ATP2C1	9.5867	9.5119	9.3141	9.52115	9.3661	9.6373	
CDCA4	6.5036	6.5932	7.1427	7.0734	6.9138	7.37435	
TBC1D9B	8.0863	8.35975	8.5795	8.88125	8.2419	8.8128	
USP14	7.8002	7.7422	7.7265	8.20725	8.6756	7.64485	
APPBP2	5.05935	5.1103	9.1766	4.55675	4.5198	9.37475	
CDC20	13.7809	13.7192	13.4109	14.2491	14.0301	14.139	
NARFL	8.2283	7.5529	7.669	7.6237	7.9681	6.81375	
RPS6	15.0002	15.0002	15.0002	15.0002	15.0001	15.0002	
DDX42	7.0367	7.23205	7.46655	7.6522	7.2632	7.6811	
ECH1	11.6895	11.5279	11.5076	11.5888	11.9897	11.647	
HDAC2	11.443	11.5003	11.6869	11.5205	11.0286	11.6265	
IKBKE	5.06995	5.2047	7.9972	4.8403	4.5676	5.2236	
CCL2	6.12495	6.79605	5.69065	6.0392	5.4745	5.4815	
DFFA	10.2387	10.2836	9.47385	9.966	10.7764	9.66025	
MRPL19	11.3959	11.4044	11.4024	11.2516	11.1699	11.6264	
WDTC1	6.7818	7.01835	7.0943	7.1707	7.3939	6.98695	
PLSCR3	10.0278	10.2133	9.9804	10.4895	9.0906	9.5993	
SUZ12	10.2599	10.215	10.3799	9.77375	10.0224	10.2094	
CSNK2A2	8.4123	8.1998	7.94765	7.77225	7.8103	7.9237	
H2AFV	8.1364	7.46415	7.67065	7.18835	7.2471	7.2975	
NUSAP1	11.6764	11.7287	11.8806	11.6127	11.6652	12.3734	
TICAM1	6.88825	7.03845	6.64775	7.07875	7.338	7.2783	
FAM69A	11.4735	11.1192	10.8211	9.49565	10.708	9.69525	
KIAA0100	8.418	8.5668	8.814	9.03725	8.9814	8.7843	
PAICS	6.9767	7.7081	6.475	7.50275	7.3146	7.8573	
SRC	5.99785	6.4831	6.3503	5.88365	5.6771	6.6214	
BMP4	7.93535	7.3602	7.13845	8.5191	7.1111	6.8942	
CDK2	9.992	10.3328	10.0682	10.1924	9.5478	9.9652	
EDN1	9.66815	10.4086	10.6343	9.8947	9.6139	9.48565	
XPO7	9.4584	8.83925	10.1463	10.5906	10.1371	9.6022	
FAIM	8.86855	9.0982	8.6133	8.53835	8.6181	8.6456	
KIAA0494	9.88745	10.0054	9.87095	10.1019	10.0662	9.45085	
PXMP2	8.89075	8.7756	9.2882	8.99565	8.3558	8.69275	
SQSTM1	12.6651	12.6414	12.6763	13.0177	14.3194	13.2664	
HIF1A	13.9783	14.2393	14.1192	14.0588	14.9194	14.0443	
TIMM17B	10.4662	10.6208	10.8868	10.8271	11.2019	10.5574	
STXBP2	7.8178	8.52195	7.935	8.1677	9.0137	8.55975	
WRB	6.6982	6.54565	7.29135	7.19765	6.0642	6.53065	
ETFB	10.7742	11.5989	11.0595	11.1986	11.3802	11.4742	
MNAT1	6.7305	6.33095	7.16375	8.812	7.1283	7.3592	
CAMSAP2	11.2789	11.4805	10.5368	10.7628	11.0985	10.0968	
HPRT1	11.0665	10.9831	11.5403	11.5961	11.4717	11.6483	
ARNT2	13.7219	13.1706	13.0162	13.3848	13.6923	11.83	
RRS1	6.74165	6.94115	6.65645	7.4183	6.938	7.70465	
ADAT1	7.6112	8.22955	7.8204	8.4398	7.788	7.7336	
SPAG7	10.0936	10.1257	9.63575	9.84855	9.7376	9.90735	
MAPK1IP1L	9.1211	9.90135	9.4769	8.795	8.4802	8.84235	
SCAND1	12.2579	12.6047	12.6231	12.226	12.0905	12.6453	
MFSD10	10.326	10.4592	11.0646	10.8531	10.4695	9.85185	
MSH6	10.3179	10.8449	10.2931	10.4666	10.0193	10.6136	
COPS7A	11.1438	10.4109	10.5178	10.4628	10.482	11.2463	
UBE2C	12.7393	12.7528	13.1564	13.5065	13.9265	13.6631	
FIS1	5.35805	5.9398	4.8119	5.1678	5.1605	4.9021	
HS2ST1	6.28295	5.732	5.6274	6.18395	5.7515	6.3002	
NUDT9	8.9212	8.35595	9.21445	8.47875	8.7844	7.92655	
TXLNA	10.8188	11.0332	11.44	11.2574	11.1107	11.1072	
CSRP1	12.0975	12.3755	12.3942	12.2664	11.6523	12.5189	
DNAJB1	10.3368	11.0192	11.0684	10.8508	10.997	10.8829	
METRN	8.71885	8.6387	8.16515	8.1944	8.0838	9.20945	
TOPBP1	9.016	9.4961	9.09995	9.00095	9.5615	8.5852	
ABCF1	11.75	11.773	11.1324	11.4293	11.1764	11.3434	
TCTA	8.9103	8.8839	9.72705	9.27165	8.578	9.31715	
LGMN	7.42955	7.2834	7.49965	7.93925	6.9503	7.33295	
TLK2	9.52255	9.20475	8.25495	6.64635	8.4516	8.7056	
KIAA1033	6.9476	7.1083	6.98095	5.7878	3.9588	5.4872	
PTGS2	4.8789	5.51645	4.85555	4.769	6.3315	6.49025	
DNAJB6	12.2596	12.331	12.2051	12.8337	12.6158	12.568	
PLA2G4A	12.6905	12.4204	12.045	11.5275	12.6401	10.8282	
MAT2A	11.3362	11.7572	12.0473	12.1553	12.2207	11.5705	
TLR4	4.57615	4.9234	4.55175	4.89925	4.6053	7.6668	
HMGCS1	10.288	9.61915	10.1708	10.3783	12.0617	10.7347	
MBTPS1	8.8785	9.36735	9.0629	9.0028	9.1317	9.35995	
SPRED2	10.1515	9.1271	9.68085	9.53675	10.0936	9.92945	
ZNF274	8.03315	8.63505	7.9313	8.0304	8.1025	8.43055	
CLIC4	12.0039	11.993	12.1301	12.1772	11.0491	11.6884	
MAP7	7.7585	8.13075	7.35725	7.6667	7.4388	8.02655	
CHAC1	9.5659	9.0722	9.18665	9.2939	9.6819	9.8794	
EIF4G1	9.32215	9.59005	9.21645	9.66675	10.1464	9.1355	
BTK	4.00435	4.7671	4.14055	9.0045	3.8274	4.48945	
GNAS	14.4317	14.7123	14.5265	9.03	14.5222	14.817	
MYL9	9.5082	9.9595	10.1052	10.0512	9.9146	9.4108	
TEX10	7.8616	8.4075	8.62985	8.3832	8.1513	8.30875	
PSMD2	13.2988	13.1285	13.0774	13.0908	13.1672	12.9067	
ZNF586	6.08435	5.72975	6.15715	5.96675	5.902	5.67075	
CLTC	11.2621	11.5644	11.3013	11.6439	11.1363	11.774	
IKZF1	4.77185	4.9513	5.085	5.3292	4.4137	5.05185	
APBB2	8.31815	7.6486	7.18035	6.934	8.7679	7.11755	
HSD17B10	10.0324	9.9767	10.2303	10.3851	10.1042	10.3982	
RNF167	10.7433	10.5262	10.506	10.9635	10.83	10.6756	
STX1A	6.98895	7.3797	7.1828	6.4477	7.6163	7.49265	
ALDOA	10.0098	10.1315	10.6699	10.7565	10.8608	10.7168	
EPHA3	7.88665	6.06865	5.68225	6.0677	5.9831	7.96545	
STAT5B	3.887	4.42235	4.0971	4.1246	4.324	4.69445	
TXNDC9	5.486	5.64075	5.41575	6.332	7.0287	5.98565	
CCNA2	9.48055	9.8558	10.2356	10.3386	10.4167	10.8547	
VGLL4	9.3652	9.22945	9.3839	9.3929	8.8778	9.45685	
CASP10	8.65565	8.568	8.0321	8.8058	7.4764	7.1108	
SDHB	11.267	11.8395	12.094	12.2885	11.6268	11.8665	
ETS1	7.65235	7.58115	7.08335	6.99345	7.1142	6.8426	
YTHDF1	9.1076	9.00975	8.87725	8.36875	8.5443	9.1142	
FOXO4	5.3467	5.81645	5.6038	5.34185	5.4579	5.39905	
LSM5	12.3919	12.7826	13.0812	12.9473	13.2601	12.1728	
TOMM34	10.0448	10.1228	10.3794	10.5282	11.2925	10.3472	
ZMYM2	9.393	9.6935	9.89365	9.84995	10.5016	9.85385	
CHMP6	5.10405	5.15155	5.78895	5.6472	5.2955	5.02075	
KIAA0907	9.36915	9.0884	9.3917	9.16495	9.4731	8.89955	
CASP7	6.2675	5.2358	5.8469	6.206	5.7013	6.49415	
HK1	6.798	6.5866	6.50075	6.6368	7.0404	6.59405	
PAPD7	12.0084	11.3463	10.9324	11.5156	11.3748	11.1418	
PIGB	8.82125	9.1507	9.30535	9.1529	8.8112	8.89185	
CHEK2	7.3634	6.9216	7.773	7.7171	7.8388	7.55435	
PLOD3	10.8312	10.5977	10.6281	10.7695	11.1648	11.0802	
ACD	10.3436	10.2622	10.2674	8.7397	10.6597	10.2192	
TRAK2	6.30505	6.5822	6.71615	7.19425	6.8607	7.01245	
SUPV3L1	12.1332	11.7357	9.9616	11.2151	12.1431	9.26055	
VAPB	9.06185	9.34045	9.70435	9.55525	9.7384	9.75155	
GPATCH8	6.23425	6.6426	6.68185	6.654	6.279	6.88375	
HSPD1	10.7242	11.3047	11.6578	12.2072	11.8725	11.815	
BUB1B	12.2288	11.7148	11.1933	11.2048	11.311	11.5735	
TGFBR2	7.0968	7.1379	7.549	7.84895	7.5147	7.51955	
MRPL12	11.7132	11.9024	12.0496	12.0262	11.9414	12.3619	
NOTCH1	9.5256	9.11895	9.02085	10.0274	8.8597	8.2515	
PNP	10.6139	11.2617	11.0156	11.0564	10.7936	10.9621	
SHC1	10.4941	10.5477	10.4946	10.961	11.2299	10.8442	
ARPP19	8.3374	8.9725	8.52705	8.80855	9.1125	8.70615	
CEBPA	4.00015	4.21495	4.87305	5.26795	5.023	4.9649	
PSMF1	9.701	9.00185	8.41355	8.5352	9.6886	8.6104	
RTN2	12.0273	11.5625	10.9053	11.1624	11.1591	10.3883	
NPEPL1	8.83945	7.7574	7.88955	8.2425	8.5119	7.58475	
USP1	6.0745	7.04785	6.5335	7.74125	5.6002	6.7628	
RPA1	12.288	12.0399	12.306	11.9963	11.9627	12.4841	
SIRT3	5.9514	5.18585	5.4223	5.65185	6.5335	5.76815	
KLHDC2	10.2849	9.78385	9.631	9.92675	10.2401	9.95825	
UBQLN2	7.61095	7.70605	7.99175	7.91475	8.0382	7.929	
DMTF1	8.4037	6.49835	7.4636	7.1372	7.0189	6.58005	
SCARB1	6.67175	7.98345	7.271	6.5244	6.1319	6.82495	
CLPX	7.82275	8.15775	8.01465	7.7975	7.7502	8.13075	
TPM1	11.2696	11.57	11.2906	11.5676	10.0696	11.2706	
TM9SF2	8.4611	7.91625	8.08215	8.60095	8.774	8.43505	
TXNL4B	7.58755	8.61875	7.42225	7.76995	7.4655	7.7085	
ATF6	8.51735	8.8645	8.8248	8.7128	9.4999	9.2214	
PRR15L	6.7071	6.3238	6.22305	6.1378	6.6119	5.3742	
NUP88	10.7975	10.951	11.058	11.2799	11.4844	11.6255	
ST6GALNAC2	8.56575	5.8227	6.53585	8.1515	5.1277	6.23145	
ADH5	6.5398	6.0286	6.92195	6.95145	6.6953	6.7034	
FUT1	8.2321	7.532	6.94565	6.8651	7.8117	7.0204	
GOLT1B	9.03005	9.2555	9.8286	9.52375	9.5224	6.9481	
PRUNE	5.55385	4.93865	5.37515	5.23495	5.1434	6.6219	
PPOX	10.0487	9.0326	10.041	9.01265	9.6741	9.0078	
SYPL1	11.34	10.9473	10.6	10.8694	10.5698	11.5604	
CANT1	11.0371	11.1296	11.1094	11.0366	10.7468	11.035	
ZNF451	7.8373	8.2736	8.5749	8.33335	8.7631	8.4185	
HOMER2	6.6631	7.3477	7.0686	7.11	6.7057	6.98185	
RALB	10.773	10.5969	10.6439	10.6639	10.4331	10.8542	
CLTB	12.6989	12.6742	9.61145	12.7371	12.4872	12.6627	
TRIM13	8.70335	8.09135	7.7669	8.01025	8.1165	7.4058	
FBXO7	7.1467	7.39445	7.46235	7.75645	7.8207	7.98305	
PHKA1	7.50625	6.2598	6.49795	6.4311	6.3949	6.5061	
CYCS	9.59675	10.1726	9.90835	10.2479	9.7062	7.9998	
PPARD	6.94895	6.88455	6.98145	6.76615	7.4668	7.4893	
ENOSF1	5.08345	5.4502	4.7372	5.36095	5.5233	6.5311	
MAP4K4	6.29515	7.6601	6.54595	4.81	7.7143	5.37755	
PAN2	4.54585	5.37435	4.0671	4.1113	4.2687	3.92405	
STAT3	4.80385	4.628	4.60555	4.7443	4.9256	5.06715	
LIG1	8.98575	9.2676	9.49395	9.6915	9.8801	9.60365	
PPIC	9.32025	9.13105	9.14465	8.9517	8.4975	9.00205	
EIF5	7.80615	9.7402	9.27415	10.0793	10.1696	9.9505	
GNB5	8.7277	8.1129	8.06545	8.16845	8.3668	7.8799	
GNAI1	5.6125	4.38945	6.43455	6.63605	4.7637	6.1233	
INSIG1	10.6319	10.5283	10.518	10.2956	9.7957	10.5154	
DNMT3A	10.3623	9.3387	9.58035	9.4193	10.1216	8.84345	
TM9SF3	7.77845	9.26515	8.0979	7.84815	7.6102	7.98745	
CCDC86	10.9072	10.7109	9.63405	10.2421	10.4478	9.93305	
HIST2H2BE	8.39465	8.2394	8.12755	7.5924	8.5876	7.52395	
S100A4	6.15695	6.0331	5.88065	5.52795	5.9239	4.82385	
SLC25A14	6.22535	5.28925	5.42035	5.1876	4.7074	4.74515	
KTN1	11.5854	11.3523	11.3545	11.3451	10.7178	11.5896	
TBXA2R	6.71125	6.53015	6.97655	6.66985	6.5794	6.11695	
ARHGAP1	9.6132	9.2028	9.358	9.39135	9.2885	9.58555	
FBXO11	6.1475	5.4201	6.7771	5.5668	5.5529	5.5085	
HERPUD1	8.6296	9.63985	9.21745	9.07515	9.6128	8.9642	
LPAR2	9.8343	9.4366	9.63295	9.25975	8.7739	8.5922	
COASY	6.33965	7.2708	7.357	7.6819	7.8277	7.53055	
RPL39L	4.74485	5.1824	5.2898	5.5674	5.1889	5.6401	
BPHL	7.63755	7.63635	6.1929	6.88235	6.5315	6.72235	
RASA1	7.4092	7.06505	7.31165	7.79845	7.1754	7.50735	
ATMIN	9.2436	9.51875	9.4152	9.31025	8.6277	9.23065	
MAPKAPK3	6.9588	7.15675	7.53845	7.46115	7.1111	7.50145	
CASP3	10.3524	9.83815	9.6819	9.8453	9.9019	10.2105	
MBOAT7	13.7703	13.7297	13.6301	13.8942	13.5831	13.6663	
PNKP	8.18585	8.02775	8.3703	8.53555	9.0383	8.74605	
PSME2	13.1339	13.43	13.3903	13.6071	12.9256	13.2584	
NISCH	7.6777	6.7472	7.2098	7.3551	7.5198	7.7206	
SLC35A3	6.16955	7.77675	5.9839	5.98275	6.7815	6.92925	
CPSF4	10.5212	10.3763	9.17605	9.49385	9.6492	9.76445	
LSR	9.4885	9.3723	10.7447	10.4175	10.6488	10.334	
COPB2	11.4375	11.4474	11.2987	11.3622	11.2755	11.8365	
MEF2C	6.224	6.3609	5.9888	6.01065	5.8661	5.62275	
GADD45A	10.374	10.4787	9.78865	10.2845	9.7355	10.4351	
KDM5A	7.56835	8.25065	9.21475	7.72525	7.8023	8.18205	
FAM63A	7.72475	7.49635	6.89835	6.8434	6.7881	7.10215	
SMNDC1	7.82205	8.20045	8.46115	8.26345	7.8801	7.66415	
NUDCD3	8.9118	8.747	9.2481	9.20255	9.3517	9.61855	
RAB4A	6.9386	7.1207	7.2606	7.8478	6.4229	7.40545	
FGFR2	9.8712	9.8067	8.2465	9.5352	10.8473	7.86265	
IFRD2	9.42705	8.50795	9.34775	10.5907	8.5772	11.5936	
BACE2	10.3222	9.82465	10.668	11.242	9.5373	10.7999	
HMGCR	8.78105	8.5733	8.4511	8.0753	9.4348	8.3233	
LYN	6.7155	6.7482	6.3128	6.72035	6.0301	6.7412	
SLC35B1	8.5976	8.61585	8.96205	9.23275	9.1223	9.072	
ISOC1	8.9884	8.87205	9.2451	8.8802	8.3386	8.0513	
TIMP2	9.4159	8.3164	8.57205	9.0115	9.2387	8.76775	
DUSP3	8.0509	8.1162	7.1831	7.2412	8.8679	7.2078	
LSM6	6.07465	6.2493	6.26075	6.38685	5.519	6.38465	
CALM3	8.1596	7.6096	7.25045	7.39625	8.0832	6.77115	
MOK	6.99565	4.8581	5.36955	5.3349	5.2485	5.3896	
PPP1R13B	7.93695	8.0811	7.4144	8.0628	7.4158	7.12235	
SACM1L	9.5854	9.57595	9.81225	9.65415	10.0409	10.2095	
DNAJB2	10.1556	10.0175	10.4148	9.36665	9.7329	9.97855	
TCERG1	10.2045	10.0959	9.8889	10.3638	9.2632	10.1341	
CERK	8.5296	8.05	7.41825	7.4628	7.5406	7.72735	
KIAA0196	10.2235	9.7816	9.2185	9.60705	10.8434	8.7802	
DNM1	4.8172	4.94835	4.5413	4.693	4.3488	4.2089	
LAP3	11.8095	12.0259	11.9875	11.7815	11.769	11.5124	
DDIT4	7.84425	8.2211	7.6783	7.44535	8.9873	7.56365	
MAPKAPK5	7.0021	7.21	7.19765	8.36225	8.0441	7.09675	
ALAS1	12.1324	11.3555	11.0582	11.775	11.7544	11.525	
HDGFRP3	5.2871	4.79475	5.6495	5.1989	5.3207	5.6159	
PAFAH1B1	11.1223	10.2971	9.7973	10.0744	10.1362	9.18645	
PRKCH	6.434	6.2679	6.84805	6.6363	6.279	6.48135	
PSRC1	11.5984	11.0964	10.9214	11.4214	11.7838	11.8586	
RAB21	8.5209	7.886	8.5348	8.3761	8.1986	9.81275	
ERO1L	6.6861	7.0536	7.11245	7.83405	7.4664	7.44495	
PSIP1	8.1994	8.5511	9.5171	9.68005	9.3116	8.6379	
APOE	7.18605	6.0162	6.0838	6.2064	6.5052	6.6079	
CREB1	5.0278	5.11525	5.193	4.90975	4.6456	4.94935	
MBNL2	11.2652	11.5422	11.5976	11.4883	10.8519	10.9986	
RBM15B	8.9781	9.00765	9.02845	8.6254	8.4415	8.76735	
PACSIN3	8.12935	7.68735	7.99795	7.68965	7.659	7.61785	
TOMM70A	9.8324	9.597	8.94595	9.6421	9.8415	10.0786	
CBR1	10.5265	10.6525	10.4874	10.9878	10.6808	10.8979	
MTA1	11.3958	10.7043	11.382	9.8998	10.1696	11.2698	
MACF1	9.5639	9.23135	9.2811	9.3498	8.578	8.8382	
PRKCD	8.8309	8.36215	8.8776	9.15585	8.6005	9.4497	
CCNA1	7.00085	5.8508	6.3231	6.03585	6.2954	5.52435	
PIK3R4	6.9564	7.1722	7.05965	7.66695	7.6405	7.41105	
CSNK1E	10.0383	9.85805	9.89865	9.63655	10.0664	10.0257	
HIST1H2BK	12.016	11.7043	11.9652	11.945	12.7836	12.4576	
JUN	8.0172	8.4433	9.24315	9.195	8.6653	8.45325	
PCCB	10.2914	10.6539	10.439	9.3326	10.2393	10.6984	
STAP2	7.5654	7.097	7.33785	7.8576	7.8774	7.8897	
TMEM50A	8.7329	9.0383	8.91095	9.00305	8.4735	9.06325	
PMM2	13.3427	12.3518	11.8541	12.0713	13.299	12.147	
SCCPDH	5.86735	6.17765	5.67515	5.2459	5.0662	5.1183	
HSD17B11	8.225	8.5042	8.61785	8.2239	8.627	8.39895	
TSC22D3	9.84315	9.65775	9.75355	9.95515	9.8804	9.6199	
FBXL12	7.644	7.029	7.913	7.54465	7.9525	7.74305	
TFAP2A	12.1024	11.3666	11.0709	11.7217	11.979	11.0951	
WDR61	8.61315	9.4974	9.00375	9.69725	8.7298	9.09585	
ZNF395	11.654	11.0499	10.2474	10.2999	11.7544	9.705	
FAS	6.94485	5.21195	4.062	4.7325	4.1692	4.27035	
VPS72	9.24385	8.31665	7.4718	8.325	10.1008	7.52855	
CENPE	7.56815	7.44215	7.3412	7.88765	7.4509	7.88165	
CLSTN1	10.1653	10.0719	10.0718	10.1545	9.5722	10.0545	
CREG1	11.445	11.0812	11.4121	11.7356	10.9618	11.6323	
MAPK9	11.0911	11.2365	10.7212	10.4326	10.0558	10.4706	
PRR7	5.31155	5.2009	5.63715	6.5159	5.7269	5.29365	
SKP1	5.71125	5.74185	5.5378	5.1971	6.1842	6.48955	
POP4	9.0652	8.9411	8.7046	9.3051	9.3035	9.42895	
TMEM110	6.54665	6.95895	6.40715	6.0086	6.4751	6.1845	
NFE2L2	10.5877	10.3008	10.3338	10.4524	10.1104	10.4069	
ZNF589	7.3009	6.9777	9.3266	8.58985	7.3303	6.8654	
BAX	9.8394	10.1672	9.55945	9.33195	10.5817	8.99015	
BLCAP	11.356	11.7912	11.5944	11.7597	11.2482	11.8003	
CNDP2	10.9261	11.2599	11.4268	10.9999	11.0077	11.0512	
FAM20B	8.53555	8.51125	8.58515	8.4481	8.3788	8.4385	
PROS1	5.4116	3.8132	3.44175	5.03055	3.2357	3.4348	
TNIP1	7.58535	7.68605	7.1691	7.5908	7.8068	7.99445	
CRKL	11.2451	11.418	11.1602	10.9937	10.1614	10.4559	
P4HTM	8.42925	8.48505	8.5169	8.84725	9.6839	9.38025	
REEP5	8.12575	8.0379	6.50545	7.6243	8.2992	7.12085	
ZNF318	6.7782	7.0306	6.67305	6.6985	6.9424	7.10705	
BZW2	8.95085	10.0385	9.0993	9.88995	8.505	9.91855	
FDFT1	9.83065	8.98365	9.6881	9.95255	11.0113	9.63475	
CGRRF1	7.89195	8.22705	8.48375	8.63615	9.179	8.1994	
TRAP1	8.98605	9.303	9.01835	9.12695	8.8756	9.3595	
AMDHD2	6.39715	6.92615	7.117	7.0716	6.88	6.9894	
GTF2A2	11.7473	11.6145	11.7438	11.7178	11.0738	11.7466	
PEX11A	7.0377	5.5597	5.11195	7.7661	5.5643	6.57305	
PSMD9	8.97025	9.40595	9.04985	9.17215	9.2275	9.7613	
GFOD1	7.53935	7.83055	7.6368	7.4908	7.2144	7.42825	
MTFR1	10.7073	10.5964	10.2518	10.7593	10.5975	9.41945	
PECR	6.23	6.2988	5.85445	6.50925	5.8725	5.6909	
UBE2A	13.101	13.1353	13.2581	13.0979	13.1339	13.4007	
NIT1	11.7058	10.76	10.6774	10.6997	10.9009	10.3825	
SOCS2	7.23305	6.77	6.9642	6.90945	6.7986	6.05745	
SYNGR3	5.3884	5.75875	5.44335	5.15405	5.3939	6.0645	
ZDHHC6	5.19075	5.7867	4.51235	4.61235	3.271	5.5821	
ITGAE	10.6027	10.6297	10.6339	10.406	10.8059	10.5358	
NFKB2	4.3073	5.5133	4.99785	4.732	4.8972	4.08505	
STK25	11.2408	11.3232	11.1759	11.4334	11.3374	11.1924	
TMEM5	7.9323	7.7013	7.97245	7.6015	7.6513	8.21765	
ABCF3	8.28745	8.2568	8.65245	8.17405	8.8501	8.7534	
ATP5S	7.3696	7.51065	7.66655	9.1404	7.9966	8.17565	
FCHO1	7.39015	7.0625	7.2433	7.846	7.8906	6.7161	
NGRN	7.49415	7.30175	7.4636	7.0544	7.1062	6.53175	
HOXA5	7.1558	7.1519	6.82655	7.0288	6.4869	8.32205	
OXSR1	8.155	8.3932	8.1213	8.46015	7.944	8.18215	
GRN	10.6699	10.3117	10.1787	10.8116	9.9815	10.316	
SMARCC1	9.77815	10.5461	10.6688	10.362	10.5313	10.4724	
NUP85	9.45735	9.3359	9.36065	7.63535	9.179	9.347	
PAK6	3.9874	4.5344	4.60525	4.09125	3.8855	5.3057	
GHR	4.5536	5.7298	4.7969	4.62835	4.1271	5.1094	
GTPBP8	6.48715	6.30265	7.6995	6.27915	7.59	6.8262	
GLOD4	9.83905	10.3375	10.235	10.8823	10.9254	10.3587	
PTK2	11.3717	10.6468	11.1725	10.7583	10.7336	11.073	
CDK4	10.26	11.1364	11.2711	11.0283	10.3988	10.6845	
EPN2	9.18505	8.76955	8.67815	8.85905	9.1112	7.87695	
CCDC90A	7.688	6.93485	7.7988	7.95045	7.5495	7.71245	
IL4R	7.44125	7.65315	7.4069	7.53095	8.3311	7.19815	
KIAA0528	9.2349	9.79415	9.28455	9.375	9.3843	9.18315	
PRKAG2	6.34595	7.00635	6.57665	6.93405	5.9239	6.8339	
KIT	5.8463	6.87515	6.03455	3.934	4.0108	3.994	
MRPS16	7.66915	6.484	5.60715	6.3835	9.0121	9.00625	
PTPRC	7.63	7.6696	6.6252	7.17475	6.9278	5.81905	
RPS5	7.40155	5.7626	5.97245	6.769	6.4259	6.38885	
NOL3	8.52485	10.0696	9.03915	9.08115	9.045	9.3349	
PSMG1	9.68465	9.10585	9.9458	10.1581	9.9489	10.2126	
NR1H2	8.36565	7.5415	8.09985	8.0262	8.0805	7.4629	
TMEM97	9.64275	9.6937	10.0812	9.88345	10.4862	10.2521	
LRRC41	11.2924	11.3032	11.2123	11.1699	11.0184	10.6211	
PLS1	9.8585	9.64165	10.3795	10.8703	9.6952	10.6366	
DUSP22	6.62715	7.2569	6.4851	7.2587	6.0844	6.7043	
KIAA1279	7.75265	7.18995	8.19705	8.1008	8.2107	7.64805	
RPS6KA1	8.12435	8.44785	8.94545	8.48595	8.9717	9.3289	
TCEAL4	8.43775	8.13855	8.60955	8.88895	9.3304	9.00785	
DCK	9.781	9.58675	8.5987	8.56285	8.4643	9.4842	
NUP133	9.05305	8.90205	9.2132	9.17365	9.2275	8.77635	
NUP62	9.19185	9.2978	9.8855	9.9133	9.7716	9.9327	
TRIM2	11.8684	12.4771	11.0769	12.5224	12.3147	12.6089	
SNCA	9.4471	9.538	9.08855	7.6398	9.3726	9.40745	
SPTAN1	5.9522	5.5818	5.26935	6.04395	5.3335	5.912	
MALT1	9.372	9.3628	9.6323	9.7271	9.5167	9.3196	
VPS28	7.00925	7.24075	7.19865	7.12505	7.7285	7.51115	
LRRC16A	5.5758	6.76105	6.68095	6.8735	6.8552	7.038	
YKT6	9.1001	9.52835	9.51835	9.90885	10.0598	10.3429	
CHP	5.35375	4.8666	5.1448	4.477	6.1532	4.6655	
KIF2C	6.262	5.465	5.6901	6.2302	5.6071	6.01	
NNT	5.3491	5.44825	4.886	5.0779	4.5708	4.63775	
NR2F6	11.7435	12.0582	12.5381	12.2501	12.5317	12.0615	
COL1A1	5.9247	5.55115	5.47175	5.78355	6.1836	5.8331	
EXOSC4	5.2045	6.0904	5.2268	4.83125	5.3225	5.79255	
CDC25A	7.13695	7.34125	7.2291	6.30245	6.9974	7.14625	
PDLIM1	8.999	8.94765	9.07175	9.23695	8.4901	9.258	
CRELD2	8.4916	7.9244	7.52985	7.9603	8.0121	7.59535	
TP53	11.5016	11.4447	11.9401	11.9955	11.6828	11.7204	
IQGAP1	10.576	10.626	10.5005	10.9119	10.5865	10.9231	
RRP12	7.21165	7.2433	7.31285	7.09365	7.2063	7.4261	
ACAT2	8.3706	8.1653	8.69695	7.60885	8.995	7.20475	
EGR1	5.69555	6.2559	5.09765	5.7167	5.952	6.26755	
MUC1	7.07915	7.04415	6.47965	7.2016	7.1557	6.5942	
THAP11	7.11155	7.2611	8.00755	6.9711	6.2098	8.03255	
AURKB	11.0825	10.5173	10.4464	10.9579	11.4171	11.018	
CEBPD	9.06865	8.763	8.87665	9.04675	8.8649	8.2244	
HSPA4	11.8708	12.0634	11.7402	12.1201	11.6147	11.4102	
MAST2	8.1368	8.22105	8.17215	8.4298	8.1086	8.1509	
DHDDS	7.5471	7.4901	7.74585	7.4686	7.2921	7.1415	
TOP2A	12.5558	12.3862	12.5636	12.6915	13.2621	13.3864	
GADD45B	6.5771	6.66545	6.40545	7.45435	6.1004	6.1466	
NCK2	6.7958	7.2657	7.6492	7.79205	7.2258	7.85255	
AURKA	8.25915	8.05005	8.5581	9.1073	9.2275	9.1934	
KIAA0355	5.39295	6.82075	5.4307	5.96625	5.5677	5.8921	
B3GNT1	5.99345	5.91865	6.7771	6.30495	6.578	6.2038	
DYNLT3	5.4809	6.04825	5.99	5.631	6.0507	5.79795	
CDK5R1	4.8195	5.0875	6.3062	5.54065	3.7185	4.08145	
CHMP4A	6.56595	5.7971	5.44755	4.5401	6.4751	5.81375	
IPO13	9.19185	6.54975	7.7485	7.7792	7.7804	6.53605	
SCP2	6.3954	7.24525	6.59155	7.0952	6.431	7.4271	
ITFG1	8.9582	9.0114	8.91865	8.8992	9.1456	9.2155	
RAD9A	5.5622	5.53275	5.99	7.43685	5.9929	5.2061	
DRAP1	8.6478	8.10785	8.52475	8.6325	9.0506	8.9818	
SPP1	8.2036	3.7978	3.7242	6.1044	4.468	4.46235	
HYOU1	10.3256	10.9284	10.3167	10.5409	10.5593	9.53055	
PCMT1	10.1208	10.024	9.93635	10.0476	10.3077	10.4099	
FOS	7.82035	7.77985	6.84385	6.8731	5.1277	5.76205	
FYN	5.92985	6.0781	6.0152	6.2744	5.6002	6.2559	
MCOLN1	5.18605	4.95555	4.84595	5.271	5.2829	5.26815	
MYC	9.52115	9.17055	9.1841	9.7413	9.6422	10.0497	
ID2	7.1561	7.0056	5.26425	5.98425	6.8202	6.37365	
POLB	7.2478	6.8854	7.32135	7.54985	7.0839	7.45255	
CETN3	6.2948	6.884	6.6194	6.9441	7.6703	7.49935	
KCNK1	9.16625	9.4567	9.76695	9.6654	10.0885	9.67615	
AXIN1	7.1734	7.11465	7.5447	7.4007	6.4561	6.96435	
SMC4	11.5285	11.8766	12.0537	12.2495	11.5412	12.1497	
RAI14	11.4832	11.1953	11.1383	10.8424	10.7732	10.9032	
SMARCD2	9.71945	9.6837	9.76805	9.8617	9.9419	9.50555	
DNAJC15	7.59575	7.6129	8.0286	9.7115	6.9461	7.8948	
MPZL1	9.6847	10.174	9.86495	9.7329	9.325	9.5173	
HOXA10	4.63155	4.47795	7.5241	4.50695	4.0787	7.02835	
NRAS	10.6929	10.7172	11.0305	10.8486	10.8411	11.2205	
CASP2	6.48805	6.34215	6.6997	6.67325	6.3758	6.6298	
EBNA1BP2	10.5964	11.1775	11.2814	11.4101	11.2011	11.1985	
CTNND1	11.1652	10.3424	9.59175	7.25505	10.4065	9.7741	
TATDN2	5.95745	6.1303	6.4614	6.73185	5.9929	6.3627	
LRPAP1	8.9892	9.6185	9.44655	9.57785	10.0505	9.6441	
ZNF131	10.246	9.62605	9.96065	9.94375	9.5336	10.1707	
BNIP3L	6.3118	7.0152	7.2677	6.90955	7.5198	7.26185	
HOOK2	7.7054	7.51845	6.91725	7.4705	6.9702	8.3634	
ERBB2	10.9992	10.6742	11.0799	11.3129	11.2839	11.4475	
TBPL1	6.43385	7.11745	7.42185	7.0678	7.0712	7.0377	
INTS3	8.6143	8.48815	8.6601	8.7066	8.9169	8.90265	
RAE1	9.2972	9.61745	9.8327	9.52025	9.493	9.43095	
CDK1	10.8736	10.7367	10.4494	11.3584	11.4756	11.4667	
RFNG	10.0408	10.316	9.7037	10.0851	11.0291	9.8817	
MICALL1	8.7098	8.4028	7.9989	7.15775	6.8369	7.7456	
SLC35A1	7.57755	7.46235	7.6097	8.09785	7.8011	7.22665	
KLHL21	4.71465	4.2208	4.8649	5.3399	4.5558	4.71095	
NIPSNAP1	8.46975	8.09975	8.51775	8.51145	8.5594	9.05435	
BCL7B	6.213	5.7591	5.90995	5.9622	6.0143	6.0021	
TLE1	9.3271	9.1044	9.2005	9.41465	9.1456	9.0927	
FZD7	9.515	9.3875	9.1553	9.36015	9.8019	9.16475	
TIMELESS	10.5167	10.3321	10.7678	10.5751	10.8707	10.6574	
COG2	6.03045	7.5572	7.09395	5.5215	7.4483	6.37815	
DHX29	7.15265	6.42455	6.73345	6.561	6.375	6.7622	
MMP2	10.1409	8.7046	8.36965	8.6749	8.8285	6.8928	
MRPS2	11.5576	11.5918	11.5597	11.5381	11.3614	11.6288	
KCTD5	6.7087	6.98045	6.8227	8.127	6.3949	7.2922	
TCEA2	10.9571	10.4839	10.0407	10.4755	10.909	10.7302	
CNPY3	8.32285	8.26285	10.2659	7.62205	7.6388	7.55905	
FHL2	13.4864	13.6334	13.8624	13.4703	12.7221	13.7115	
ADAM10	11.0597	10.9087	11.0996	11.4385	10.4726	11.4438	
FKBP4	14.9699	14.659	14.5075	14.5876	15.0	13.9114	
CD58	10.2494	10.5372	10.4499	10.9361	10.9775	10.7678	
KAT6A	7.5624	7.58515	7.43825	6.73085	7.2024	7.4045	
CDK7	9.23875	8.77335	9.1172	8.87955	8.9091	9.20955	
KIF5C	5.18345	5.39795	5.679	5.21775	4.6528	7.1921	
HMG20B	12.1342	11.574	12.0287	11.451	11.9176	12.9321	
MAP3K4	5.03305	5.32005	5.20535	5.5034	4.7849	5.73385	
PIN1	10.0572	10.9162	9.9818	9.7919	10.1231	10.7212	
ZFP36	10.993	10.7044	10.8525	10.9194	10.4216	11.3024	
INPP1	5.89395	5.4931	5.3275	4.2157	6.1836	5.99555	
LAGE3	4.60225	5.4524	4.8763	6.33595	5.6312	4.61655	
RAC2	5.51395	5.8804	6.03595	6.3129	6.0585	6.27525	
TNFRSF21	12.4131	11.6668	11.762	11.2952	11.5044	11.081	
HMOX1	8.01945	8.3615	7.2205	7.47405	7.5564	7.5285	
KIF14	6.7371	7.34055	7.21225	6.80295	7.3187	6.8532	
COL4A1	7.60495	6.7372	6.9865	6.9829	6.3155	6.05315	
DUSP6	7.4242	8.04765	6.01245	5.88405	7.4509	6.96595	
CYB561	9.68725	10.2423	9.88375	9.73415	9.5894	10.236	
EPB41L2	9.86355	10.067	10.35	10.6108	10.3776	10.7014	
GNAI2	6.8452	7.36465	7.67075	7.57345	7.9007	7.45525	
HTRA1	7.8322	6.5748	7.8943	7.27945	8.0563	7.1391	
TSTA3	8.4655	9.2493	9.788	10.0326	9.6085	9.822	
WASF3	7.1037	6.97765	7.42525	7.2438	6.7883	7.3968	
DNMT1	12.9126	12.4987	12.2052	12.4472	12.5577	12.1343	
TSPAN6	7.07735	6.6167	6.95805	7.09935	6.7565	6.7599	
FBXO21	10.1395	10.0075	9.7572	10.0993	10.0258	9.0271	
RAB27A	7.6363	7.6507	7.58855	7.58715	7.8277	7.16225	
DDR1	9.07555	8.8499	9.1293	8.7963	9.5615	8.9879	
PPP2R3C	8.38495	7.38925	7.62695	7.36565	6.913	7.37775	
ADRB2	4.7849	5.3335	4.92815	7.30855	7.9758	5.16935	
LPGAT1	8.35245	9.0296	8.98425	9.0159	8.7413	8.62605	
DUSP11	11.5445	10.7901	10.2792	10.6312	11.4997	8.93705	
GRB10	5.59365	7.3164	5.2697	5.15115	5.0709	5.221	
MMP1	8.16105	5.99525	5.7712	5.54085	5.3433	5.7539	
TP53BP2	11.2412	11.2569	11.1075	11.4248	10.6316	11.2878	
CDKN1A	6.5618	6.76585	7.71415	6.0998	6.3244	6.08985	
ZW10	7.8247	8.86205	6.87305	8.003	9.1963	8.3973	
CORO1A	7.39185	7.1665	6.4076	6.60495	6.6672	7.2418	
TJP1	8.54085	8.5504	8.3054	8.4676	7.4022	8.1735	
ABCB6	8.9489	8.58735	9.4625	8.54655	9.0769	8.9688	
XPNPEP1	7.2131	5.5007	6.04425	6.0071	5.9383	5.9662	
MAMLD1	5.9249	5.56945	5.28125	5.79445	4.9492	5.3063	
MTHFD2	11.7078	12.1548	12.1716	12.2646	12.4684	12.1628	
DSG2	5.5412	7.0172	5.8314	5.3098	5.584	4.99225	
PRAF2	6.25285	6.2525	5.5624	6.7791	6.5345	6.39995	
DNTTIP2	10.5791	10.0629	9.9452	10.3421	10.8118	10.2437	
SLC27A3	11.16	9.13885	9.46035	9.201	10.2126	8.14945	
CD97	8.9021	8.91505	9.1089	8.9935	8.6984	9.3693	
HTATSF1	13.1647	13.3997	13.4242	13.5117	13.5048	13.2506	
IL13RA1	10.6188	10.6052	10.8552	10.4459	10.2568	9.386	
NCAPD2	11.2312	10.9377	11.2276	11.0646	11.1805	11.048	
AGL	6.86015	6.8707	6.35095	6.50025	6.7565	6.9303	
TMEM109	8.328	8.54985	8.48125	8.55995	8.6573	8.6878	
CDC25B	11.3544	11.3946	11.5837	11.7865	11.8591	12.0813	
ICAM1	6.49105	5.87695	6.05455	6.6066	6.9569	6.57725	
GATA3	5.95665	6.46645	5.8184	6.08855	5.8851	6.80735	
NUP93	7.8467	8.00495	8.41965	8.5492	8.6333	7.7783	
PLA2G15	7.526	7.7338	7.8488	7.71455	7.6703	8.01255	
RPA3	6.60415	6.8059	7.28695	7.8246	7.6654	8.2037	
PIP4K2B	5.6246	6.1477	6.13655	6.4786	6.0756	7.24305	
TES	12.7892	12.4923	11.7395	12.3767	12.7946	11.5854	
MYCBP2	6.3145	6.71585	8.38655	7.45875	6.4495	6.33285	
SPR	10.1919	10.6598	10.4502	8.86565	9.8629	10.4457	
PGRMC1	13.217	13.2488	13.3719	12.9419	12.8137	13.2288	
RELB	7.09005	7.07745	6.98355	7.09385	7.4595	6.61815	
AARS	11.6956	11.7442	11.8182	11.8528	12.5248	12.4286	
EPHB2	5.79915	5.40555	5.7194	5.3764	5.013	5.47475	
GPC1	9.509	8.8554	9.3982	9.209	9.8307	9.31695	
RPIA	10.0553	9.98635	9.40795	9.11595	9.2796	9.9298	
ELAC2	11.7507	11.8392	11.8195	11.8075	11.9475	11.5877	
GPR56	11.3551	12.2671	11.8659	11.9312	11.5555	11.6295	
NVL	11.578	10.8043	10.1924	9.3583	10.6414	9.51535	
PLSCR1	6.2073	6.5119	6.8526	7.74275	6.7954	6.1895	
CHEK1	7.6897	8.35105	8.06435	7.7029	10.1574	8.104	
CTSL1	8.70085	8.903	8.9642	8.34405	8.42	8.5744	
CTSD	12.163	12.1297	12.3008	12.3197	12.8185	12.0283	
ME2	6.3811	6.7056	7.3127	7.45135	7.055	7.57165	
ARHGEF2	7.491	7.63885	7.92365	7.49925	7.3851	7.54745	
PDGFA	8.3864	7.7318	7.28185	7.0328	8.1153	8.12955	
ILK	8.6302	8.41725	8.65385	8.596	8.4647	8.7435	
WDR67	8.7038	8.50195	7.74085	7.6037	7.4248	7.10105	
NFIL3	4.6512	5.42195	5.3239	6.3393	6.0027	5.6201	
RFC2	8.7652	8.78185	9.00715	6.89595	8.6094	8.65235	
ARL4C	10.0685	9.1542	9.16695	9.47205	9.5397	9.0325	
TIMM9	9.64225	10.0892	10.3655	10.0273	10.2635	10.912	
CPNE3	9.62955	9.9126	10.1244	10.1107	10.2691	10.5613	
ORC1	12.5943	11.9868	11.7441	11.0414	12.0438	10.2785	
C5	5.77535	5.83815	5.9338	5.8875	5.7736	5.04145	
PARP2	7.56045	6.01405	6.36785	6.9889	8.1723	8.05855	
FASTKD5	7.3049	7.87235	8.7751	8.44825	8.522	8.3392	
SCRN1	8.62565	8.53665	7.8142	8.3661	8.2085	8.7935	
MAN2B1	8.02435	8.1992	9.31355	8.54585	8.298	8.21485	
PTPLAD1	10.2198	10.7654	9.7799	10.9552	11.0956	10.6008	
MSRA	7.35045	6.3825	6.64295	7.0759	6.1521	7.0596	
NFKBIA	7.374	7.4846	7.6818	7.6845	7.8979	7.67855	
DCTD	8.9231	9.00905	9.46675	9.32335	9.1309	9.4886	
SYNE2	7.66895	6.8764	6.47165	6.8849	6.6253	8.1342	
MBNL1	6.9516	7.6875	7.7723	7.61885	7.4579	7.5904	
UBE3C	11.7444	11.8154	11.9948	11.9766	11.6398	12.3733	
CCDC92	7.1081	6.7134	6.58795	6.3523	6.279	5.93365	
MYCBP	9.7351	9.56675	9.97165	10.1984	9.6799	9.85625	
CXCL2	5.6195	5.2599	5.5958	5.58205	5.8003	5.20835	
PTPN1	10.7256	10.7562	10.7606	10.9924	11.8123	10.8223	
BRP44	11.2491	11.1094	11.3954	11.2195	11.0291	11.1978	
TIMM22	7.94565	8.3716	8.16955	8.09705	8.3917	8.19225	
ATF5	9.5487	10.4615	10.5019	10.1481	9.4246	9.69035	
ECD	7.51995	7.6208	8.08225	8.0134	7.7101	7.94405	
CIRBP	6.06295	6.5496	7.47	6.7533	6.4659	7.30015	
NSDHL	8.9992	9.21225	8.24125	9.0835	9.8469	7.73805	
ADI1	9.9668	10.0532	10.4671	10.6042	9.9633	10.5401	
NFKBIE	7.0117	6.7947	6.5835	6.72935	6.7762	5.757	
ADCK3	4.7418	4.5728	4.7966	9.79275	5.0818	7.4606	
PRSS23	10.1975	10.3065	10.1779	10.0778	9.4867	10.3074	
CCNH	6.805	6.82225	7.5207	7.1866	7.6231	6.71015	
GDPD5	7.78445	6.36155	6.2893	5.97045	6.2098	5.98405	
P4HA2	5.599	5.02	5.68295	5.92945	4.2085	6.7726	
TARBP1	7.124	8.83815	7.02465	8.84475	8.1551	8.6975	
ATP6V0B	4.784	5.7638	6.6491	5.3466	5.5256	5.66745	
RBKS	5.32165	4.92055	5.58685	5.7911	6.9047	4.1053	
CAPN1	7.3063	7.935	6.9042	8.1228	7.9667	7.762	
KDM3A	8.13155	7.9053	8.9803	7.31695	8.692	9.04295	
BID	8.7748	8.2816	8.38545	8.36395	8.4439	7.12245	
STXBP1	5.216	5.33685	5.43575	5.6602	5.7096	5.72795	
ITGB5	13.0051	13.2281	13.2777	13.1612	12.4376	13.2535	
MTF2	8.42225	8.71875	9.3815	8.9194	8.7788	8.5345	
HLA-DRA	6.48445	6.041	6.66605	6.191	6.0214	6.00645	
SLC11A2	9.27815	9.23455	8.34195	8.56365	8.8498	8.65135	
PDIA5	5.1081	4.5555	4.4879	4.852	4.6997	5.42615	
PIK3C2B	6.7806	8.3766	8.5964	8.60525	8.4427	8.5682	
RAP1GAP	8.33415	8.9606	9.03705	8.7485	11.0885	9.2493	
SLC25A46	9.23925	8.85555	8.6741	9.1109	8.3382	8.88325	
CDK19	9.8653	9.5437	8.70405	8.09425	10.1877	9.9577	
NOLC1	6.76825	7.53465	8.0547	8.1554	7.4269	7.59335	
CAT	11.5917	11.3568	11.4955	11.6175	11.6146	11.6962	
KIAA0753	8.51685	8.56405	8.6171	8.69465	8.1724	8.1152	
DUSP14	7.85585	7.2927	7.69045	7.6311	7.177	7.48675	
KAT6B	7.57845	6.9974	6.5696	6.17845	7.4153	7.34525	
CHN1	4.9362	4.24785	4.913	4.1555	4.4334	4.29345	
HMGA2	5.4664	5.48855	5.1298	5.56215	5.0379	5.38635	
IGFBP3	5.6669	6.06735	5.29425	5.3513	5.7585	4.9832	
MAPK13	9.83515	10.2058	10.5171	10.0618	10.1568	10.0012	
TRIB1	8.1586	8.0705	7.9013	7.24895	8.4016	7.0497	
UFM1	10.3049	10.7888	11.2153	10.4158	10.6395	10.6784	
GNA15	8.4768	8.5562	7.40895	7.3722	8.894	8.3943	
TP53BP1	8.94415	8.72595	9.05465	9.1147	9.325	8.8723	
FRS2	7.1665	7.1502	6.6505	6.7614	6.4659	6.92045	
IARS2	11.922	12.5	12.6047	10.7315	12.1299	12.3703	
BECN1	8.5097	8.6933	9.04255	8.85	9.1606	8.7867	
GATA2	8.60685	8.7585	8.52225	8.62145	8.1687	8.70125	
KDELR2	6.89635	7.3493	6.9576	7.31035	6.9659	7.34735	
RALGDS	9.01415	9.12645	9.04445	8.4901	8.9462	9.2171	
ELAVL1	7.2104	7.1616	7.472	7.9576	8.1404	8.0592	
NRIP1	9.4422	10.0908	10.0152	8.9815	9.4412	10.6275	
CCNB2	13.2016	13.1742	13.2361	13.3743	13.217	13.5128	
IFNAR1	9.71685	8.80455	8.8871	8.5086	9.2785	7.84555	
MIF	14.4555	14.624	14.9701	14.6189	15.0	14.9396	
RNPS1	13.1551	13.1744	13.1924	13.3474	13.1864	13.3275	
DAG1	7.41575	7.2348	7.63355	7.81625	7.632	7.85365	
SATB1	5.62555	4.3773	5.96825	5.04025	4.4549	4.65225	
ARID4B	8.36065	8.7826	7.8872	7.5303	8.9772	8.5	
IGF2BP2	5.13005	6.12825	6.1943	6.0134	5.3984	6.4158	
GSTZ1	8.0962	8.4327	8.7961	8.2612	8.4533	8.06365	
IGF2R	10.1189	10.0752	9.92735	9.59425	9.9708	9.384	
SESN1	6.7718	7.7735	6.98905	6.6718	6.4723	6.8348	
TIPARP	9.0169	9.49735	9.73065	9.86595	9.8158	9.4208	
CRTAP	5.3669	6.04395	6.5038	5.67575	5.9741	5.7846	
SPEN	8.4341	7.2863	7.4802	6.564	8.2266	7.37205	
GMNN	11.2655	11.2239	10.6706	10.666	11.0968	10.9185	
PFKL	9.5608	9.98605	10.5886	10.5377	10.1806	10.1726	
CYTH1	5.33265	6.6036	6.26085	6.14965	5.1551	5.38105	
PDHX	9.4186	9.59405	9.56065	9.603	9.9089	9.77885	
DENND2D	5.4438	6.41215	6.1455	7.07345	5.7013	5.4607	
PRCP	7.41565	7.4082	7.63155	7.7532	7.4269	7.26645	
CTTN	5.3786	5.4641	5.7103	6.19405	6.2268	6.53675	
SMARCA4	7.0484	6.87855	6.5951	7.27575	7.0404	7.4347	
PYGL	7.5993	7.7139	7.28835	6.88145	7.4883	7.0998	
UBR7	6.5268	6.8837	8.08795	8.29545	7.3225	7.72315	
GRB7	12.6192	12.416	11.5961	11.417	12.8122	11.2677	
RPA2	8.02455	8.0461	7.72645	8.14785	8.016	7.8575	
CD44	13.6005	13.729	13.7039	13.9902	13.7759	13.8899	
ERBB3	6.8998	6.8024	6.8122	7.57375	7.4031	7.51425	
GTF2E2	9.3847	9.10955	9.054	8.8923	9.2125	8.8324	
VAV3	7.27395	6.6856	6.7629	6.55195	6.8837	6.8441	
ABHD6	6.7706	6.7404	6.92855	6.9143	7.164	6.39165	
ANXA7	8.01655	8.33115	8.70605	8.2631	8.8268	8.74655	
MAPKAPK2	10.3225	9.6077	10.0853	10.427	9.6731	10.2138	
TXNRD1	14.6658	14.8903	14.9149	14.7062	15.0001	14.8295	
CAB39	9.004	9.00595	9.3053	9.69015	10.2964	8.33075	
FZD1	7.29165	7.1944	7.1295	6.94215	6.4853	6.6061	
CRYZ	6.5198	7.46145	7.1754	6.5219	7.0621	6.45745	
TIAM1	7.8835	6.54435	7.0456	7.96335	6.5241	7.1384	
DNM1L	10.384	10.5633	10.331	10.2912	10.0716	10.3881	
GAA	4.296	4.9184	5.35385	5.3795	4.3373	5.22185	
DERA	10.6414	10.7118	10.7078	10.3988	10.129	10.6322	
SKIV2L	7.78265	7.53745	8.06045	8.21745	8.9596	8.5891	
BLMH	3.3294	3.48985	3.72725	7.32395	3.4491	3.93105	
PTPRK	11.6256	11.3155	10.9093	10.8469	10.8895	10.886	
HERC6	7.0081	6.21585	6.2314	5.7611	6.4723	6.11015	
RRP1B	8.4746	9.06005	8.72805	8.6995	7.9743	9.03455	
MKNK1	11.4035	11.3766	10.4812	10.8323	10.739	11.139	
TSPAN3	7.59135	4.1375	3.9784	3.6471	3.8542	4.28375	
ACOT9	7.29755	6.94385	8.29595	7.7364	8.3674	7.6397	
PIK3R3	7.5276	7.8608	6.85675	8.1957	7.9181	7.27155	
KEAP1	9.15755	8.96975	8.9892	8.83	9.6159	9.4286	
ST3GAL5	5.59145	6.82465	5.55625	5.86745	5.5714	5.0202	
CTNNAL1	9.40605	9.86665	10.5592	10.2874	9.358	9.65605	
TFDP1	10.4342	11.2859	11.4892	11.6967	10.7176	10.5852	
ABHD4	8.7603	8.16795	8.6781	8.98335	8.1845	7.90095	
SMC3	7.4524	7.6061	6.81695	7.01625	8.6005	7.4415	
INPP4B	6.36205	5.51455	5.4026	5.65445	5.5373	6.57845	
LBR	8.9271	8.7763	9.0334	8.9889	8.8094	9.04005	
PPIE	9.63445	8.93475	9.40895	9.38155	9.1161	9.21765	
ZMIZ1	8.72775	9.18585	8.82455	8.6338	8.578	8.9245	
PPARG	7.8	7.7312	8.73025	8.22955	8.234	8.14875	
TERF2IP	11.771	11.7885	11.7029	11.6325	12.3573	12.1031	
BNIP3	7.46585	8.22475	7.78085	7.75515	7.9096	8.2765	
RPP38	8.71925	8.05115	8.8835	7.9811	8.1955	7.97485	
BCL2	4.1896	4.3978	4.00425	3.82615	3.6343	4.8031	
CAST	12.4273	12.3886	12.5868	12.4758	11.7642	12.273	
BAG3	9.61135	9.38255	9.65555	8.50485	9.1906	9.10305	
RBM6	7.8788	7.99015	8.1829	8.0023	8.3462	8.21665	
CSK	8.8366	9.4653	9.2156	9.3754	9.3485	9.4001	
GNA11	9.7944	9.1665	9.593	9.48025	8.7645	9.3531	
ALDOC	4.78755	5.39995	5.0727	5.436	5.4063	5.523	
TOR1A	9.12635	9.31665	9.1986	7.73815	9.0906	7.47135	
SLC25A13	11.1052	10.7307	10.2915	9.88495	9.2175	10.7288	
UBE2L6	10.6327	10.156	10.1714	9.78955	10.3663	9.7805	
SYK	7.0616	6.91175	6.5759	8.20375	6.8777	5.9915	
TSPAN4	10.6235	10.558	10.0638	9.80895	10.3449	10.4601	
NR3C1	5.52275	5.21495	5.28425	5.72715	5.367	5.79305	
PCBD1	12.5161	12.068	12.2529	12.0667	12.3899	12.5689	
ICMT	9.5458	9.6959	9.55225	9.5799	9.5523	9.42295	
TRIB3	13.1623	11.1483	11.7807	11.8899	13.0293	10.9342	
EIF4EBP1	9.21305	9.6969	9.8605	10.0009	10.3335	9.62535	
PHF15	6.8256	6.0431	7.1985	6.96245	7.3034	7.4736	
CXCR4	7.1716	7.4289	8.168	6.5583	6.5006	7.5139	
GNPDA1	8.3656	8.7205	8.41485	8.53885	8.8498	8.5098	
CCND3	8.44655	8.76425	8.84285	9.78275	9.876	9.11235	
FKBP14	5.4056	5.89545	6.22645	5.9685	5.9855	6.2348	
CIAPIN1	9.60565	9.6952	10.295	9.4353	10.2274	9.5047	
NUCB2	8.5103	8.67325	8.90345	8.8688	9.138	8.7313	
COG7	9.2778	9.60385	7.6538	9.3359	9.0101	9.5657	
RSU1	7.98555	7.3575	8.2273	7.1412	8.033	7.84895	
PTPN6	7.93675	8.4045	7.7678	8.7373	9.0767	8.18965	
TUBB6	9.4353	9.9246	9.89195	8.4615	8.222	9.3994	
ABL1	10.1634	9.96575	9.54185	9.86205	9.659	9.91905	
DUSP4	7.9628	8.6728	8.45435	8.8329	9.8222	8.9514	
CCNF	7.9129	8.26645	8.28245	7.91155	8.3182	8.534	
PTPN12	8.84725	8.45125	8.69765	9.08625	9.0044	8.90855	
HSPA1A	12.0998	12.8841	12.566	12.3717	13.5576	12.2336	
PCK2	9.3498	9.19715	8.4863	8.2468	8.3915	7.8116	
FAM57A	8.7457	8.632	8.83565	8.8094	8.0269	9.23455	
RB1	9.27915	9.48735	9.5789	10.0718	9.7755	8.773	
EVL	5.2903	5.58205	6.2211	5.837	5.653	5.7069	
GFPT1	7.70565	7.61475	7.5505	7.63245	8.2891	7.5984	
BLVRA	6.71675	6.49245	7.3001	7.0167	7.575	7.61645	
GPER	6.038	5.24205	5.19055	5.0194	5.367	5.82105	
EAPP	6.75595	6.8531	6.4275	6.77885	6.7553	6.81775	
S100A13	10.5851	10.6637	10.9823	11.1255	10.8789	11.0211	
EXT1	13.6854	12.9402	12.6667	12.7507	13.5684	11.9733	
MYBL2	10.9459	11.4776	11.5851	11.3487	11.144	11.4239	
POLE2	7.27475	5.47515	5.7794	6.0965	5.7432	5.93385	
STX4	9.46685	9.8401	9.32535	9.49325	9.4139	9.0602	
PLCB3	10.1449	9.62825	9.57105	9.60585	9.3397	9.5479	
TMCO1	11.1418	11.4353	11.4507	11.2819	11.2097	11.6877	
C2CD2	9.1258	9.14755	8.67925	9.1777	9.0344	8.8695	
PARP1	11.2864	11.1411	11.1428	11.2488	10.4009	11.434	
ANKRD10	7.5694	8.34605	6.91765	6.94905	6.7055	8.1555	
CCDC85B	7.1253	6.89075	7.1719	7.4843	7.566	7.34585	
DDB2	5.6449	6.629	6.8045	7.07865	5.7991	5.71145	
DDX10	9.7753	9.86075	10.0696	8.3723	8.8826	9.6818	
BAMBI	10.8057	11.2498	11.1304	9.63395	10.1614	10.928	
CEP57	8.59625	9.0654	8.22465	9.96765	9.6952	7.92905	
HADH	9.5477	9.6498	10.2056	9.86585	9.4272	9.28465	
RAB31	9.125	10.1397	9.7042	9.75945	9.3548	9.7768	
ABCC5	6.25285	5.7203	5.9531	5.44305	6.2669	6.4401	
GLRX	6.0463	6.7394	5.75565	6.46715	6.8966	5.89385	
MVP	9.00235	8.62035	9.34745	9.4431	8.9413	9.21665	
RFC5	9.78815	9.03755	8.7529	8.99105	9.6039	8.88875	
HES1	9.6578	9.12925	9.4099	9.8533	9.2488	10.1279	
STMN1	10.2654	10.1637	10.6308	10.0756	9.9554	10.0301	
GALE	8.53375	8.4258	8.80885	8.33685	8.7544	8.79905	
KLHL9	8.1429	7.6159	7.98705	8.48065	7.5089	7.36	
PTPRF	9.9242	9.762	9.5843	9.1231	9.7725	9.3168	
UBE2J1	10.7182	9.869	9.2788	9.1521	9.1995	8.78905	
PGM1	9.0884	9.27145	8.93115	9.13735	9.1868	9.55235	
SLC37A4	6.03825	5.90455	6.71385	5.8342	6.0807	6.1656	
LOXL1	5.34195	6.8129	5.86835	5.6689	4.9766	5.22695	
PLK1	9.40545	9.8566	10.4664	11.3133	10.9507	10.9226	
MYO10	9.5879	9.18395	8.83875	9.09015	9.1311	9.3555	
NPRL2	8.18535	7.46315	7.2055	7.2438	8.4823	7.43345	
LIPA	8.92135	8.6859	8.79875	8.9015	8.1629	9.1819	
PWP1	8.44235	8.88155	9.54915	9.25665	8.6181	8.7596	
PHGDH	13.683	13.5312	13.6093	13.7044	13.8263	13.8728	
PLEKHM1	12.8078	11.9468	11.6575	11.8837	12.4184	10.4203	
ST7	6.81635	6.494	6.58585	7.01365	7.0624	7.2876	
VAT1	6.1727	5.76775	6.3333	7.03905	6.5667	6.7094	
IKBKB	5.46015	6.3065	5.7808	5.61975	6.0097	5.64725	
KIF20A	9.47885	7.3267	7.93045	8.8678	8.6703	9.90175	
CDH3	11.5886	11.3541	11.7135	11.7402	10.577	11.7834	
PCM1	4.3343	4.69335	4.9672	5.33685	4.9007	5.7027	
IER3	9.0138	8.8663	9.18085	9.18875	10.9041	9.75005	
SSBP2	6.71665	6.42775	5.9295	5.4975	6.4937	6.20715	
FAT1	9.0659	9.01515	8.8751	8.95655	8.5648	8.8635	
SNX11	5.77015	4.924	5.25625	6.7831	4.8166	5.84325	
RNMT	6.5665	7.1377	6.65	6.48765	6.8463	6.9809	
SFN	9.38065	8.78815	8.94655	9.07695	9.639	9.97625	
EGFR	9.957	10.2399	10.1879	10.8089	11.4179	11.1288	
RFX5	8.0196	6.0546	6.6193	6.30015	6.848	6.06165	
NET1	8.86465	9.4347	9.46855	9.6639	9.9267	9.0285	
PKIG	7.72835	8.06605	7.1688	8.43625	7.5102	7.51175	
DECR1	5.89425	6.3932	5.9434	6.44025	6.1939	6.51885	
FSD1	9.01225	7.2438	6.8676	6.1376	7.947	6.13735	
ATP6V1D	9.3135	9.35365	9.4744	9.0048	8.2936	9.05125	
CDK6	4.4472	5.27895	7.37405	7.1317	5.6106	4.9889	
CDC45	9.3705	9.1783	8.9584	8.28705	8.4933	8.0571	
NPC1	5.7292	5.9217	5.6746	5.5691	7.1182	5.71775	
EDEM1	10.0103	9.861	10.1394	10.1749	9.6039	9.9578	
MEST	14.5844	14.1758	13.6157	13.8292	14.6341	13.0427	
MYLK	6.3453	4.67065	4.19685	4.63345	3.9722	4.48725	
PAFAH1B3	9.38285	9.09385	9.49145	9.50505	9.0218	9.53095	
CALU	10.7846	10.6767	10.6944	10.9131	10.5636	10.7968	
USP6NL	6.4951	7.39855	7.1523	7.1904	7.4897	7.234	
LGALS8	9.6013	8.73815	8.37885	8.7522	9.6261	8.9403	
NT5DC2	8.31805	8.87265	8.2056	8.67945	7.5344	8.1814	
CCP110	7.3689	7.32825	8.20525	7.51975	7.4416	7.13375	
LRP10	10.5237	10.845	10.5058	10.6251	10.3342	10.5615	
ATP1B1	11.3058	10.9861	10.6752	10.9688	10.7658	10.7572	
STK10	5.90155	6.5426	6.10545	6.04455	6.938	6.7584	
OXCT1	9.7321	10.4035	10.611	10.521	9.6085	10.577	
UGDH	8.9082	9.5923	8.7918	8.95955	9.3839	8.3642	
SLC25A4	7.95805	8.2181	7.86155	7.54475	8.1907	8.21675	
SQRDL	7.1639	7.29225	7.6828	8.5693	7.252	8.102	
HEBP1	8.585	8.1533	8.7358	8.199	8.3128	8.6194	
PSMB10	10.5785	10.705	10.9461	10.7029	10.5087	10.1974	
ASCC3	6.30565	7.13455	7.3986	7.47945	7.4442	7.92455	
FGFR4	5.23135	5.28565	5.1071	5.10405	4.9862	5.8249	
CDKN2A	10.5012	11.3645	11.7833	11.4341	10.2995	10.1512	
TRAM2	5.9032	5.943	5.8878	5.6735	4.8375	5.6785	
ATP11B	9.76365	8.7067	7.99415	7.19125	9.2434	7.98355	
PYCR1	7.3991	7.34665	7.8967	8.38625	7.566	8.7349	
CD320	5.5554	5.41255	5.4148	5.54615	4.9266	8.18125	
NCOA3	10.7122	10.9483	10.8664	11.2169	11.4414	11.1922	
CDKN1B	9.90345	10.4991	10.4209	10.7518	11.055	10.6842	
POLD4	8.25345	7.6822	7.8367	7.9821	8.4118	8.00435	
FOSL1	7.35815	6.67775	7.5718	8.19855	8.5318	8.1466	
MLLT11	4.5611	4.5676	5.3901	5.9925	4.1157	5.01555	
CEBPZ	8.4034	8.68885	8.5933	8.74915	8.8455	8.3885	
PRKACA	11.6971	11.3559	11.1255	11.1891	11.2478	11.1967	
GAPDH	15.0	15.0	15.0	15.0	15.0002	15.0001	
CBR3	5.8505	5.99365	7.043	6.2143	8.6822	6.92285	
LYRM1	5.1081	5.2157	4.22185	4.93115	5.5558	5.6045	
