gene	0.04uM	0.12uM	0.37uM	1.11uM	10uM	3.33uM	
PSME1	11.7196	11.7295	11.8468	12.1342	12.1855	11.8925	
CISD1	10.5203	10.171	10.5633	11.0667	11.2491	11.3087	
VDAC1	6.7169	7.0543	6.7503	6.9709	7.3965	7.121	
SORBS3	9.01425	9.6321	9.2017	9.0732	8.6692	9.0281	
SPDEF	7.1273	5.9602	6.349	6.452	7.5074	7.0097	
ATF1	6.9248	7.7338	7.2193	7.7993	6.9101	6.7566	
SPAG4	4.73975	4.4224	4.9986	4.7168	4.3077	4.7297	
E2F2	4.8213	4.6517	5.0891	4.7753	5.3345	5.1082	
RHEB	11.8076	11.5346	12.0998	11.7801	11.6276	11.9837	
IGF1R	7.1621	8.0715	7.4741	7.4923	5.8293	6.3917	
SLC5A6	7.21475	7.8395	7.4851	8.2439	7.9139	7.8844	
FOXO3	7.97835	7.8289	7.9245	7.6315	7.6434	7.892	
RGS2	6.6734	5.2084	5.4395	5.1857	6.9669	5.1176	
GSTM2	4.54525	4.7402	4.5793	4.8104	4.3833	4.2188	
SCYL3	4.16435	3.8441	4.3533	3.7497	3.948	3.8822	
RHOA	9.39395	9.597	9.5215	9.867	8.4071	9.1377	
TBX2	7.18065	4.4193	4.2797	4.8262	4.6397	4.6387	
DNAJA3	14.0583	12.3166	13.6773	13.9223	14.9976	14.3889	
IL1B	5.97945	6.1374	6.2241	6.6319	8.4325	6.8808	
ASAH1	6.96955	6.8606	6.6517	6.7823	7.408	7.1828	
DCUN1D4	6.30595	7.5545	7.0051	6.6168	6.9488	7.0382	
DYRK3	7.1481	6.2373	6.6088	6.7965	7.1572	7.3111	
RALA	8.6312	8.6299	8.6337	8.4559	8.4734	8.3727	
ARHGEF12	5.1678	7.5238	7.3831	7.5785	6.9235	5.9204	
POLG2	6.5461	7.5467	6.4949	6.2813	6.0523	6.6298	
SOX2	6.12325	5.7028	5.7715	5.7683	6.8864	6.2241	
TRAPPC3	10.9749	11.0218	11.0667	11.1457	10.9598	11.0083	
SERPINE1	11.3146	11.7481	11.4748	11.3713	7.6031	10.3294	
TCFL5	4.39495	4.7701	4.5516	5.1701	4.4926	4.8149	
CRK	9.2346	9.9438	9.3773	9.521	8.7166	9.3857	
HLA-DMA	4.6473	4.6612	5.1014	4.4572	4.6783	4.3451	
EGF	7.2714	6.9801	6.9844	6.3726	5.0905	5.8147	
RBM34	9.4548	9.8453	9.7028	9.1633	9.9456	9.7656	
ITGB1BP1	9.9392	9.5671	9.9727	9.9389	9.4103	9.7905	
SPTLC2	5.86665	7.5648	6.4307	5.9394	4.7402	5.8994	
ACLY	10.8419	11.4223	11.1638	11.0583	10.9412	11.0262	
APP	13.708	13.5432	13.7548	13.7548	14.0316	13.7548	
RAD51C	6.95695	6.9564	5.692	6.6631	6.8407	6.8899	
TSKU	4.81705	6.0518	6.6815	5.9407	4.7073	4.8883	
SMC1A	9.69635	9.3105	9.6268	9.1829	9.136	9.1631	
TMEM2	9.7963	9.9913	9.7905	9.8703	9.4725	9.7302	
NOS3	4.5631	4.1811	4.4375	4.4073	4.6079	4.5987	
YME1L1	9.2411	9.545	9.8121	9.674	9.0801	9.4227	
ACAA1	6.877	8.2001	6.5343	6.192	5.9772	6.5393	
CSNK1A1	8.27455	8.7529	8.4837	8.429	8.376	8.1958	
HSPA8	11.3795	11.7801	11.2699	11.62	10.3606	10.8558	
NFATC4	6.3777	6.6319	6.4916	6.751	7.533	6.5764	
CCNB1	12.7863	12.8081	12.949	12.8469	12.8524	13.0302	
TBP	7.94465	8.1862	8.2226	7.8316	7.8203	7.5956	
SLC2A6	10.9484	10.7787	10.7604	11.0448	11.4824	11.3913	
WFS1	8.14395	7.7611	8.2439	7.906	7.8832	7.9748	
EZH2	8.76545	7.9139	8.7065	8.5907	8.5719	8.5738	
UBE3B	7.9254	8.6134	7.7329	8.0998	8.1887	7.9416	
ICAM3	4.4236	5.5405	4.8983	5.0202	4.4287	4.2426	
NPDC1	7.7328	7.3301	7.2912	6.9223	7.83	7.8769	
ALDH7A1	8.3835	8.3671	8.4573	8.4802	9.0482	8.3927	
BRCA1	6.1324	6.516	6.6321	6.5275	6.1708	6.6128	
NFATC3	8.1519	10.4009	7.896	10.1676	9.6639	9.5103	
PSMD4	8.11685	10.4179	7.896	10.1936	9.6669	9.5491	
PCNA	14.1189	13.8273	13.9223	13.9853	13.9223	14.083	
PHKG2	7.775	7.3111	7.7896	7.6315	7.8229	7.8289	
ETV1	4.40885	4.2426	4.6296	4.3765	6.0183	4.8718	
POLR2I	9.5187	9.8239	9.4347	9.3949	9.3575	9.4207	
KDM5B	6.3898	6.8191	6.9101	6.9605	6.3782	6.279	
PSMB8	9.0731	9.3661	9.4849	9.3902	10.2408	9.6754	
AKAP8L	7.24525	6.2867	6.9814	6.8975	7.2031	7.5402	
COG4	8.14075	8.3727	8.221	8.2339	8.1928	8.0692	
MCM3	11.2433	11.2332	11.3823	11.4227	11.6027	11.2351	
PLEKHJ1	9.8316	9.6924	10.0947	9.9157	9.8573	10.2109	
HAT1	9.6675	10.1543	9.6947	10.1119	9.7126	9.7223	
TERT	6.77575	6.002	6.5708	6.4261	7.8229	7.0455	
G3BP1	10.7021	11.0825	10.7419	11.1039	9.6811	10.2866	
SNX13	8.7982	7.0784	8.7919	8.871	8.4382	8.9078	
PAK4	8.40985	7.7338	7.9353	8.1733	8.3727	8.5427	
TPD52L2	7.8549	8.3004	8.293	8.5585	7.7113	7.6673	
DPH2	7.9353	7.9385	8.2393	8.1928	7.1828	7.5477	
PIH1D1	8.09835	8.5014	8.231	7.7489	8.9012	8.5475	
PRKCQ	5.6869	5.4523	5.5151	5.8201	6.6377	6.0906	
SNX6	9.9749	10.6736	10.2361	10.827	10.5663	10.049	
EED	7.74455	8.1328	8.1887	7.8938	7.9193	8.1391	
SHB	9.69185	7.7944	8.928	8.7919	10.5977	10.1119	
UTP14A	8.11385	8.4517	8.9135	8.6568	8.4894	8.1119	
WIPF2	9.12855	8.6401	8.3685	9.0371	8.626	8.9914	
NENF	9.6074	9.7813	10.0342	10.0672	10.1782	9.8454	
TSEN2	8.0114	7.4926	7.6218	7.1032	7.932	7.8944	
RPN1	13.1229	13.0927	13.0865	13.0865	12.7695	12.9173	
SUV39H1	7.73985	8.231	8.018	7.7062	7.5708	7.4389	
C2CD2L	5.3711	5.1059	5.7356	5.2609	5.6276	6.6857	
LYPLA1	6.39125	9.1433	8.0197	8.5148	7.3345	7.7879	
BIRC2	9.60065	9.5936	9.643	9.6384	8.293	9.5327	
GABPB1	8.39935	8.639	8.7622	8.4781	7.5746	8.3127	
MAP2K5	7.48545	6.7773	7.4229	6.9702	7.7714	7.8172	
POLR2K	9.5012	9.93	9.4413	9.9327	9.4492	9.5714	
PTK2B	6.6205	6.7208	7.0648	6.5989	8.1414	7.4286	
PUF60	12.3365	12.3925	12.5708	12.6202	11.188	12.1342	
DHRS7	9.6378	9.4492	9.6118	9.1123	9.5065	9.5667	
PAF1	8.7219	8.9574	9.0314	9.4876	10.063	9.3105	
ARID5B	8.9325	8.7312	9.2406	9.2958	8.7559	8.6551	
POLR1C	8.96415	8.5802	8.6955	8.7648	8.7529	9.159	
PAK1	6.72855	5.8887	6.5719	6.2541	6.6856	6.192	
RUVBL1	10.8646	10.7862	10.8752	10.8357	10.412	10.8083	
AKT1	11.0685	10.5215	10.626	10.6222	10.3859	10.8135	
CDC42	11.75	11.752	11.8186	11.8819	10.8666	11.3823	
IGHMBP2	6.3179	6.0521	5.9204	6.231	5.5434	5.8948	
SENP6	8.9333	9.4207	8.9171	9.2461	9.2613	9.2609	
ADO	6.7586	7.1112	7.1828	7.0648	6.111	6.7455	
HSPB1	12.5227	12.4183	12.7818	12.7471	12.4183	12.5793	
EBP	7.08805	8.8015	7.83	8.2737	9.0079	8.6755	
TCTN1	7.07665	6.2184	6.572	6.4436	7.3111	7.1167	
AKR7A2	11.0646	11.3878	11.0359	11.1926	11.0018	11.2568	
CASK	6.58105	7.1017	7.0728	6.6251	6.17	6.5989	
PPP2R5E	10.2788	10.412	10.3464	10.9018	11.5034	10.7998	
RRP8	6.18315	6.4838	6.4611	6.3688	5.6675	6.0809	
LAMA3	3.58135	4.1396	3.7955	7.9353	4.0422	4.075	
PIK3C3	8.73695	8.6836	8.8121	8.8975	8.9999	8.8156	
BHLHE40	5.29295	7.1495	7.0596	6.8363	6.5007	5.5565	
CCNE2	7.0579	7.3608	6.4753	6.8752	6.1972	6.1452	
BDH1	5.36835	6.0832	5.8571	6.0432	5.5996	5.5434	
FEZ2	5.52485	5.3177	5.4523	5.4216	5.872	5.1248	
IKBKAP	9.8064	8.9963	9.1651	9.1477	9.2232	9.5874	
SH3BP5	8.1925	8.444	8.3377	8.4019	8.6264	8.6231	
PPP2R5A	9.09495	8.8912	8.8847	8.7591	9.421	8.884	
SGCB	7.22775	8.8218	8.4542	8.7073	7.64	7.0747	
EML3	7.82115	7.4523	7.7611	7.6075	8.2705	8.4347	
ENOPH1	10.6964	10.9192	10.8841	10.6457	10.3332	10.4441	
BIRC5	12.6288	12.7695	12.8524	12.7558	12.2052	12.4701	
CNOT4	6.54565	6.9064	6.5388	6.3576	6.5595	6.0121	
EPRS	11.0064	10.7538	10.8462	10.4654	10.2461	10.4042	
SNAP25	4.9811	4.8547	4.9598	4.5516	4.5261	5.5998	
JMJD6	11.5479	12.109	11.6371	11.5263	10.8357	11.4722	
PAX8	10.4035	10.2408	10.2408	10.3865	11.0198	10.8346	
CBLB	5.8142	6.1531	6.2057	6.2057	6.5911	5.7212	
SLC35F2	7.62655	6.5137	9.0885	9.0314	8.0362	8.5907	
ANO10	8.1601	8.3517	7.9358	7.5074	7.6134	7.7438	
PDS5A	9.2425	9.2334	9.2131	8.9999	9.128	9.1069	
DFFB	6.42315	6.2024	5.8948	6.3917	7.224	6.2755	
STUB1	12.792	12.9173	12.8768	12.8768	12.949	12.865	
PGAM1	12.7524	13.6078	13.3347	13.3831	11.9912	12.6692	
TGFB3	4.80805	5.5962	5.4973	5.909	7.113	6.3576	
BAD	8.5231	9.7877	8.5195	8.4532	9.2342	9.2232	
XBP1	9.22735	9.0079	9.251	9.1873	8.6836	8.1792	
NMT1	8.8126	8.3077	8.573	8.8156	9.2017	8.6942	
PSMD10	6.63495	8.7688	7.3852	8.8108	8.9475	8.3546	
ARFIP2	10.1859	10.5133	10.505	10.3294	10.2652	10.0078	
RAB11FIP2	7.4142	7.4733	7.155	7.1234	7.7113	7.3301	
FPGS	9.04625	9.4227	9.2958	9.4194	9.1226	9.7748	
STAMBP	8.2448	8.8121	8.6552	8.8092	8.3377	8.4125	
PRKX	6.75375	6.257	6.4077	6.0194	7.1778	6.9808	
RNH1	11.3936	10.6159	11.3628	10.5956	11.3483	11.6466	
ATG3	8.41585	7.8996	8.5802	8.4573	7.8759	8.2168	
FAH	6.58135	8.5304	7.1999	7.4709	7.5832	6.7707	
NCK1	8.26975	8.5998	9.5291	8.5834	8.4781	8.7771	
PLP2	9.29225	9.4943	8.7522	9.6013	9.7608	9.5498	
CFLAR	7.90925	8.5864	8.4325	8.231	6.2867	7.3831	
SOX4	6.4696	6.5487	6.8298	5.8675	6.3887	5.872	
HEATR1	9.28185	9.7343	9.5793	9.0693	9.1114	9.3118	
TESK1	9.80085	8.8234	8.8881	9.6101	10.061	9.7744	
HN1L	9.8594	10.2264	10.1618	10.2139	9.0783	9.8046	
WDR7	7.34975	6.7918	6.9779	6.8286	8.2878	7.6436	
AKAP8	8.5148	9.128	8.518	8.7223	8.4856	8.5611	
RRAGA	9.51075	9.6545	9.4697	9.7302	9.5756	9.2555	
ELOVL6	7.4737	7.3345	7.1594	7.7408	9.7656	8.7445	
SLC1A4	5.02985	5.6835	5.3106	5.8061	5.0584	5.3949	
ACBD3	6.46395	7.7845	7.3417	7.5867	6.5989	6.4323	
GRWD1	7.71585	7.1731	8.0385	6.4649	6.9344	7.6851	
PMAIP1	6.7346	6.6319	7.0708	7.0859	7.4073	7.4229	
STAT1	8.8705	8.8764	7.3637	8.8527	9.1894	8.9574	
FOXJ3	8.71085	9.4838	8.6692	8.9604	8.4217	8.6745	
TWF2	9.83845	8.9014	9.8919	9.7525	9.6229	9.8919	
HDAC6	7.71505	8.4663	8.2393	7.8938	8.4573	8.2616	
MTERFD1	9.73735	9.6769	9.8687	9.6639	9.545	9.5592	
CCND1	4.8071	6.0121	5.266	5.6041	3.8747	4.4926	
CHIC2	8.06565	8.1928	8.0781	8.3685	8.1691	7.8139	
PXN	12.3633	12.2349	12.1695	12.1101	11.7671	12.2393	
USP7	6.57525	7.1032	6.7566	6.6952	6.0368	6.2541	
NOSIP	8.521	9.3297	9.1159	7.8317	10.1996	9.6131	
PHKB	8.6192	7.5648	8.7794	8.1273	7.8681	8.5352	
DLD	11.1565	10.924	10.9977	10.8137	10.1154	10.4179	
NFKBIB	6.6102	6.4061	6.7397	6.2698	6.0931	5.9457	
CASC3	8.9877	9.1377	9.2111	9.2279	8.8582	8.8325	
IDE	6.65025	5.1095	4.8612	5.1348	4.8446	4.7753	
CD40	11.8837	10.3256	10.5694	10.1782	11.5643	11.7053	
MLEC	12.3576	12.5708	12.7147	12.5708	12.0871	12.692	
GLI2	6.3177	9.4222	6.5931	6.1476	6.0521	6.7248	
PRPF4	10.0301	6.0931	9.1598	7.8457	8.6088	9.5594	
MELK	12.4326	12.5391	12.3385	12.3385	11.4071	12.2632	
USP22	13.0176	13.1476	13.0927	13.2302	12.8475	12.5162	
DAXX	9.436	9.1285	9.0472	8.928	8.5946	8.9395	
TMED10	10.7271	11.0977	11.0514	10.978	10.4009	10.718	
CHERP	9.24735	9.2486	9.3902	8.9041	8.9603	8.8456	
SMAD3	8.1687	8.8773	8.8083	8.8527	8.6401	8.3204	
OXA1L	11.1585	11.4722	11.0851	11.4722	11.2921	10.0483	
PIK3CA	9.71325	8.4806	9.527	9.5128	10.0371	10.5694	
SNX7	9.7833	9.6669	9.6654	9.8093	11.456	10.2739	
TRAPPC6A	7.91165	7.6254	7.6656	7.9612	9.3664	8.4814	
ATP2C1	9.4473	9.5594	9.3363	9.62	9.6033	9.545	
CDCA4	7.79565	8.0069	7.8369	7.8263	6.9448	7.7043	
TBC1D9B	7.76945	7.9948	8.4937	7.4682	8.2393	7.6668	
USP14	7.5996	7.1999	7.1828	8.0753	7.6982	8.0362	
APPBP2	7.0788	7.4631	7.7301	7.6656	7.7329	7.433	
CDC20	13.7078	14.0835	14.0316	14.033	14.2526	14.033	
NARFL	9.1657	8.6629	8.6476	8.9631	9.5215	9.3518	
RPS6	14.8364	14.4905	15.0	14.4905	14.9158	15.0	
DDX42	8.50895	9.3297	8.9052	8.6552	8.4627	8.7609	
ECH1	10.2484	9.3575	9.8847	9.8209	11.2149	10.5445	
HDAC2	10.2742	10.477	10.6698	10.9878	10.3678	10.6942	
IKBKE	5.7386	5.6385	5.9407	5.6249	5.9457	7.1011	
CCL2	8.73725	9.5849	9.7119	9.3523	8.0984	9.1586	
DFFA	9.4425	9.0994	9.0539	9.7796	9.6769	9.6669	
MRPL19	10.5231	10.2228	10.581	10.5977	10.3733	10.3865	
WDTC1	8.1722	8.2488	8.0571	7.9517	9.0994	8.2737	
PLSCR3	9.44375	9.2593	9.2915	9.597	9.3889	9.8573	
SUZ12	10.5586	10.718	10.5862	10.7691	10.7661	10.6085	
CSNK2A2	8.44035	7.4229	7.5433	8.0753	8.8881	8.8169	
H2AFV	8.4124	8.2674	8.7622	8.8111	9.4558	8.1192	
NUSAP1	11.4666	10.9412	11.5377	11.3087	11.2446	11.559	
TICAM1	6.56745	7.6121	6.7959	7.2515	6.5589	6.4951	
FAM69A	10.997	8.5506	10.0499	10.3921	11.3087	10.5916	
KIAA0100	7.55765	9.0935	7.7634	7.5379	7.4733	7.7514	
PAICS	7.50705	9.0122	8.1912	8.5195	7.6927	7.3277	
SRC	6.05545	8.9703	7.8395	5.9194	5.6129	5.1559	
BMP4	7.73075	8.0715	6.1166	6.5635	8.4532	7.5891	
CDK2	10.1946	10.0052	10.2228	10.3118	10.211	10.451	
EDN1	10.422	10.4283	10.3048	9.5141	9.4838	9.4014	
XPO7	9.3755	9.8239	9.4497	9.9254	8.9346	8.8111	
FAIM	8.15145	7.968	8.4671	8.3516	9.0186	8.3429	
KIAA0494	9.5538	9.521	10.04	9.7343	10.3438	9.8311	
PXMP2	10.1295	9.8715	10.2334	10.2933	10.319	9.9882	
SQSTM1	11.2003	11.6559	11.344	12.109	13.8273	12.1444	
HIF1A	13.278	13.6611	13.4154	13.5297	13.4692	13.4692	
TIMM17B	10.7246	10.8752	11.1143	10.8402	10.9862	11.5065	
STXBP2	7.39225	7.9847	7.5956	7.7801	8.2126	7.8064	
WRB	6.40325	6.3014	7.1269	6.9801	6.8477	6.8191	
ETFB	9.9917	9.8399	10.2015	10.0123	10.0789	9.7644	
MNAT1	8.01175	8.3644	8.208	8.2411	8.0731	7.9955	
CAMSAP2	10.9447	10.3464	9.3871	9.8493	9.8891	10.8849	
HPRT1	9.8204	11.4907	10.3381	10.2987	9.8611	10.1456	
ARNT2	13.184	10.3048	12.2723	11.2541	13.2972	12.732	
RRS1	7.52145	7.7581	7.7831	7.7812	6.106	7.4107	
ADAT1	7.47645	6.5807	7.224	7.4682	7.7532	7.6622	
SPAG7	9.731	9.9506	10.1245	10.2228	10.4941	10.2234	
MAPK1IP1L	10.1522	10.2537	10.1371	10.0253	10.0947	10.2981	
SCAND1	10.192	10.0156	9.8291	9.9758	10.432	9.8589	
MFSD10	10.5187	10.3164	10.7361	10.6753	10.3118	11.2332	
MSH6	10.6418	10.8666	10.5916	11.0627	10.8328	11.1638	
COPS7A	11.6518	10.6663	11.0847	10.8958	11.0289	11.6371	
UBE2C	11.9737	12.6008	11.6928	11.3483	12.5162	11.9605	
FIS1	8.75915	7.7078	9.41	8.6016	8.2446	8.7688	
HS2ST1	6.19935	5.872	6.4754	5.9703	6.4753	5.9703	
NUDT9	9.85685	8.7475	9.1433	8.8352	9.3525	9.2413	
TXLNA	9.964	11.6384	11.2041	11.7966	10.7393	11.0198	
CSRP1	14.705	14.6547	14.4905	14.7766	13.2302	14.4905	
DNAJB1	9.69605	9.8066	9.7626	9.4948	9.1949	9.5128	
METRN	7.09775	6.9836	7.2012	6.5515	6.6524	7.2669	
TOPBP1	9.35205	9.1863	9.4672	9.5327	9.9727	9.643	
ABCF1	10.0126	10.4837	10.4029	11.0262	11.5192	11.343	
TCTA	10.2206	9.2279	9.1242	9.7656	9.4759	9.3279	
LGMN	9.04685	9.4645	9.1141	9.4798	8.6568	8.6473	
TLK2	9.16725	8.8055	9.8996	8.8881	10.1517	9.1797	
KIAA1033	9.3786	9.4136	9.4478	9.3936	9.8291	9.3803	
PTGS2	3.9596	4.0568	3.9379	3.9866	4.3058	3.9496	
DNAJB6	11.4767	10.2109	8.5945	10.7787	11.0974	11.1806	
PLA2G4A	11.7112	8.3909	8.9405	11.1806	9.6622	12.0032	
MAT2A	12.0376	11.9925	12.0032	12.283	12.0278	11.9326	
TLR4	8.6507	5.9835	5.366	5.4023	6.2208	6.022	
HMGCS1	11.0237	11.1875	10.7998	11.3163	14.3889	13.0552	
MBTPS1	7.69655	8.0517	8.0753	8.1358	8.4443	8.1068	
SPRED2	10.2466	9.6811	10.1858	10.1517	10.6601	11.0065	
ZNF274	7.99135	8.2973	7.7229	8.344	7.8369	8.3127	
CLIC4	13.8962	14.033	14.0835	14.0835	13.7548	13.9223	
MAP7	4.28625	3.7497	3.8998	4.5155	3.9655	4.8345	
CHAC1	9.8845	8.4607	8.7374	9.0426	9.168	10.0038	
EIF4G1	9.2898	9.0108	8.7073	8.254	8.1186	9.5374	
BTK	3.5658	3.6825	3.5843	3.4802	3.4294	3.2875	
GNAS	13.2917	13.3954	13.4614	13.6611	13.3001	13.4614	
MYL9	12.6036	12.949	12.7471	12.8475	11.5334	12.3925	
TEX10	8.95565	9.0482	8.937	8.8547	8.9554	8.9185	
PSMD2	13.2172	12.9399	13.2473	13.0302	12.2632	12.8969	
ZNF586	5.36945	5.2508	5.0125	5.465	5.5834	5.4973	
CLTC	11.3983	11.9912	11.5126	11.8759	11.7355	11.2041	
IKZF1	4.30395	3.6913	4.3941	4.4749	4.8259	4.9815	
APBB2	9.30855	7.2962	7.9193	7.1319	8.2987	7.9113	
HSD17B10	10.4994	10.5091	10.4076	10.2294	10.321	10.3118	
RNF167	10.1523	9.681	9.8257	9.9615	9.8046	9.9254	
STX1A	7.2642	7.1652	6.8477	7.1083	7.3648	7.2394	
ALDOA	8.6163	10.9199	8.4871	9.8311	7.9984	7.988	
EPHA3	5.7621	5.7362	5.8587	5.2405	5.6705	5.7276	
STAT5B	4.26165	5.2692	4.8345	4.8998	4.3516	4.4745	
TXNDC9	9.65645	9.867	9.6731	9.7201	9.0108	9.5874	
CCNA2	10.218	10.6929	10.7957	10.9305	10.0536	10.4672	
VGLL4	8.3469	8.4532	8.375	8.0396	8.3297	8.2168	
CASP10	8.6076	6.4142	6.5635	6.2981	8.0253	7.8059	
SDHB	11.6077	11.5695	11.6831	11.4881	10.9305	11.1525	
ETS1	8.46365	8.6059	8.5834	7.9948	7.7581	8.4297	
YTHDF1	6.95655	8.1922	7.5615	7.3788	7.1418	6.9987	
FOXO4	6.1809	6.3782	6.4656	6.4426	8.0998	6.5635	
LSM5	11.714	11.5881	11.8471	11.8529	11.5453	11.6384	
TOMM34	8.7065	9.0963	9.5103	9.277	8.5587	8.7475	
ZMYM2	9.45915	10.1535	8.9097	9.3575	9.528	9.3664	
CHMP6	5.4084	5.9779	5.5661	6.0054	5.0623	5.2323	
KIAA0907	9.0084	8.8404	9.1226	9.159	9.1531	9.0059	
CASP7	7.8222	9.1868	7.892	8.8287	7.121	7.1728	
HK1	7.5172	8.4734	8.114	8.2419	6.6088	6.7523	
PAPD7	10.6741	10.0548	9.8399	10.1245	11.7801	11.2491	
PIGB	8.47225	7.6861	8.2923	8.2001	8.7475	8.7179	
CHEK2	6.92295	8.017	7.5034	7.433	7.433	7.0065	
PLOD3	11.5875	12.1342	11.5881	11.9537	11.3713	11.6172	
ACD	8.02155	8.6134	7.7812	8.4193	9.1777	8.5198	
TRAK2	7.56985	7.8774	8.2613	8.2317	8.4418	8.1535	
SUPV3L1	10.5819	9.9615	9.6131	9.9482	11.7159	11.1039	
VAPB	8.03805	7.8709	7.7944	7.9113	7.4872	7.7301	
GPATCH8	7.15645	6.7773	7.3933	7.1618	7.0097	7.0204	
HSPD1	10.4775	10.6698	10.6817	10.4009	9.2279	9.9952	
BUB1B	11.8087	10.6559	11.0198	11.284	12.0425	11.5453	
TGFBR2	8.9524	6.5442	6.7918	6.7773	7.3902	7.2993	
MRPL12	12.1019	12.6249	12.3564	12.4183	10.9018	11.8306	
NOTCH1	8.0784	7.7831	7.7714	8.0571	10.6698	8.5195	
PNP	10.03	10.3921	10.0156	10.2981	9.5715	10.0156	
SHC1	10.1998	9.1226	8.8912	9.0461	9.9042	9.4413	
ARPP19	8.5001	8.5506	8.6264	8.7522	8.429	8.2705	
CEBPA	3.57845	3.4294	4.1396	3.534	3.8822	3.9813	
PSMF1	9.36305	8.6299	8.9999	8.9052	10.2294	9.6265	
RTN2	11.2078	9.9042	9.926	9.8919	11.9326	10.7726	
NPEPL1	8.34055	7.0416	7.4851	7.8844	9.0362	7.9486	
USP1	8.74665	9.1477	8.8527	9.0472	8.3573	8.3264	
RPA1	11.9556	11.7355	11.8306	11.8925	11.343	11.9136	
SIRT3	3.9916	4.8181	4.5014	4.9038	4.6503	4.3981	
KLHDC2	10.8629	10.4938	10.7538	10.8137	11.5516	11.3483	
UBQLN2	8.252	8.4087	7.9533	8.2616	8.2241	8.2781	
DMTF1	7.66	8.0882	7.6932	7.3699	7.3391	7.2184	
SCARB1	8.2407	7.932	8.3644	8.0323	7.0366	7.889	
CLPX	8.82515	8.4254	8.6801	8.1033	8.2339	8.0131	
TPM1	14.6145	14.9158	14.6547	14.9158	13.5882	14.6547	
TM9SF2	8.7006	9.286	9.0692	9.1725	9.1456	8.4411	
TXNL4B	8.10525	7.3761	7.5379	8.2368	7.8996	8.4276	
ATF6	8.13445	8.6187	8.7609	8.8975	9.1456	8.4411	
PRR15L	6.8146	5.612	5.5763	5.8293	7.1262	6.5542	
NUP88	11.1334	11.0847	11.1411	11.135	10.396	10.8666	
ST6GALNAC2	5.40665	6.5282	5.1511	5.0723	5.9204	5.366	
ADH5	9.53095	11.0518	9.5374	10.4441	9.159	9.5841	
FUT1	7.5788	7.3306	7.2322	7.5745	10.1296	8.8417	
GOLT1B	11.0369	11.4071	10.9112	10.9598	10.2328	10.198	
PRUNE	4.77075	5.0202	4.9799	5.1511	5.2762	5.1709	
PPOX	9.66385	8.4019	10.0468	8.5123	10.9125	10.6529	
SYPL1	11.5948	11.6739	11.7355	11.7205	11.7205	11.5695	
CANT1	11.4292	11.355	11.5633	11.5453	11.4071	11.7153	
ZNF451	8.18875	7.9215	8.4281	8.1626	8.4768	8.1108	
HOMER2	10.1563	10.3682	9.938	9.4538	9.0313	9.9989	
RALB	10.0531	9.6194	9.9358	10.3606	9.4876	9.6862	
CLTB	10.75	11.375	10.6753	10.6517	10.5956	10.329	
TRIM13	8.86695	8.0849	8.3473	8.6162	10.0371	9.2461	
FBXO7	7.6884	8.2705	8.157	8.2987	7.9353	7.8609	
PHKA1	6.34125	5.2762	5.3339	5.4523	6.3576	5.6732	
CYCS	10.7645	10.6236	10.6929	10.7361	9.8409	10.3678	
PPARD	6.86975	7.4295	7.0258	6.8465	7.8203	7.0859	
ENOSF1	5.43725	6.257	6.1708	6.2321	5.8587	6.2373	
MAP4K4	7.8522	8.1156	8.1928	8.4443	8.0914	7.8194	
PAN2	5.6085	6.2163	5.8803	4.8471	4.9986	5.6732	
STAT3	3.7812	5.4163	5.049	5.0387	5.258	3.9379	
LIG1	8.9071	9.1371	9.5756	9.0614	8.6988	9.1392	
PPIC	8.8226	9.7744	9.0313	9.6502	9.1434	9.0537	
EIF5	10.4564	10.8958	10.4938	9.9499	9.942	10.257	
GNB5	8.04785	8.3077	8.0286	8.2049	9.5936	8.7203	
GNAI1	4.678	9.1981	5.612	5.4023	5.1082	4.8394	
INSIG1	10.1509	10.1175	10.2109	10.5548	12.649	11.4907	
DNMT3A	8.29235	6.8845	8.1305	8.2793	9.8399	8.7297	
TM9SF3	9.883	9.5551	9.3105	9.4798	9.2003	9.9053	
CCDC86	10.2465	9.62	10.0507	9.4136	10.1245	10.0342	
HIST2H2BE	7.6334	6.8101	6.9566	7.0928	8.3856	8.2793	
S100A4	5.695	5.3949	6.2813	5.6732	6.0101	6.2981	
SLC25A14	5.78835	6.3475	5.9678	5.1707	6.0059	6.2253	
KTN1	11.4127	11.4823	11.3283	11.4602	11.2021	11.2256	
TBXA2R	7.44475	7.1167	7.121	6.9886	7.0781	7.3744	
ARHGAP1	10.6369	10.505	10.8402	10.9468	10.8212	10.9362	
FBXO11	5.0525	9.2964	5.485	5.3459	5.1606	5.1857	
HERPUD1	9.0099	8.5828	8.6879	8.4125	8.221	7.9391	
LPAR2	7.3224	6.9448	7.0453	7.4826	8.7879	8.4131	
COASY	6.40145	7.3198	6.9337	6.9054	5.7362	6.5025	
RPL39L	4.2398	5.1511	4.9341	5.2961	4.3077	4.3209	
BPHL	7.95555	8.4276	8.3201	7.7332	8.6552	8.6289	
RASA1	7.4937	7.7247	8.3927	8.6151	8.2264	8.5107	
ATMIN	6.5207	7.0	6.6631	7.0815	6.4649	6.3428	
MAPKAPK3	5.73445	5.6346	5.7952	5.8458	5.9394	6.7605	
CASP3	11.014	10.6128	10.7215	10.7726	10.6753	10.9868	
MBOAT7	12.3217	11.4881	12.4054	12.0998	12.5793	12.3564	
PNKP	8.03015	10.6898	7.7229	7.758	8.5101	8.3856	
PSME2	11.6502	11.2759	11.2582	11.5065	11.5732	11.7801	
NISCH	8.396	8.4768	8.6824	8.6535	8.8941	8.9657	
SLC35A3	5.92955	6.1478	5.9457	6.1166	5.5823	5.4306	
CPSF4	10.0298	9.8141	10.0385	10.1296	10.4705	10.2545	
LSR	6.4749	5.4973	6.8151	5.5141	6.1972	7.3493	
COPB2	11.9011	11.8925	11.9499	11.92	11.6683	11.7355	
MEF2C	5.41035	5.0905	5.6835	4.8774	6.0809	6.279	
GADD45A	10.9986	10.8087	11.069	10.718	10.1679	11.0583	
KDM5A	7.39115	7.2332	7.4961	7.7078	7.5198	7.3348	
FAM63A	6.4472	6.5677	6.3576	6.192	7.0374	6.9947	
SMNDC1	9.1305	9.0614	9.0851	9.0784	8.9752	8.9882	
NUDCD3	7.7849	10.6559	7.4572	8.208	7.4286	7.6505	
RAB4A	10.2327	8.7084	10.5215	11.1219	9.6922	10.5956	
FGFR2	9.56495	7.0413	6.2661	6.5807	8.1524	8.0849	
IFRD2	10.1483	11.3713	11.2351	11.5991	10.0078	10.5769	
BACE2	8.9434	10.3585	9.2756	10.0507	9.8802	8.9405	
HMGCR	9.44505	9.4444	9.0094	9.5756	11.8306	10.4941	
LYN	5.08565	4.8998	5.5014	4.7168	5.3824	5.4185	
SLC35B1	9.2245	9.8115	9.4538	9.3664	8.6053	8.8736	
ISOC1	8.0824	9.7748	8.1524	8.1687	9.2694	8.4532	
TIMP2	8.47145	8.5929	8.7128	8.9703	10.0853	8.8636	
DUSP3	8.0696	7.7175	8.0464	8.0585	8.0694	7.4926	
LSM6	7.91195	8.4871	8.0256	8.2444	7.454	8.018	
CALM3	8.51275	7.433	8.0935	9.1343	8.8683	8.0628	
MOK	9.84585	8.9856	9.878	10.1355	8.8554	9.7433	
PPP1R13B	6.9497	8.9999	6.5317	6.0579	7.7634	7.1881	
SACM1L	9.69705	9.2413	9.3949	9.237	9.6502	9.5058	
DNAJB2	9.07355	10.1272	9.2694	9.3014	9.3307	9.0572	
TCERG1	10.2379	9.9389	10.2673	10.4179	9.194	9.9477	
CERK	8.2432	8.6476	8.5382	8.3022	8.7609	8.4916	
KIAA0196	9.3193	9.4101	9.5354	9.3803	10.248	9.8044	
DNM1	8.7488	8.8597	8.5517	8.7981	8.5828	8.6692	
LAP3	10.5534	11.3317	10.5024	11.416	11.1457	10.9192	
DDIT4	7.88185	7.7338	7.896	7.7914	9.2131	7.6696	
MAPKAPK5	8.0018	8.3098	7.7113	7.7062	7.7229	7.1065	
ALAS1	11.1133	10.0507	10.5133	11.0083	12.2546	11.3713	
HDGFRP3	7.7366	8.0984	8.1093	7.8554	7.7993	7.8769	
PAFAH1B1	10.0108	9.614	9.7343	9.7098	10.486	10.1936	
PRKCH	4.342	4.5364	4.1247	4.1365	4.5516	4.5261	
PSRC1	9.85005	9.7707	9.942	10.4938	10.7726	10.4779	
RAB21	8.006	7.9245	8.0362	8.3377	8.8014	8.3608	
ERO1L	6.07985	6.7795	6.5634	6.5275	5.7517	5.8571	
PSIP1	10.7614	11.1539	11.0796	11.0847	10.7215	10.9412	
APOE	4.64995	4.1811	5.2168	4.0596	4.7486	5.3815	
CREB1	6.66205	7.439	6.3585	7.0416	6.5317	7.0928	
MBNL2	8.9585	8.4797	9.545	8.3429	8.3323	9.2734	
RBM15B	8.93685	9.7978	9.088	9.0437	8.9104	8.928	
PACSIN3	7.11415	5.9457	6.7397	6.0579	6.4838	6.9176	
TOMM70A	8.97165	8.832	8.444	8.9979	8.7243	8.6359	
CBR1	8.2034	8.3264	8.4418	8.6408	8.6879	8.6401	
MTA1	9.6057	9.9661	9.7496	9.9851	10.0123	9.8121	
MACF1	10.5424	10.6753	10.9977	10.7692	10.7391	10.923	
PRKCD	6.58205	7.0784	6.8043	6.7656	6.4682	6.6128	
CCNA1	5.31625	4.6612	4.7551	4.8149	5.3035	5.1511	
PIK3R4	6.9652	8.0323	7.2103	7.5267	6.9702	6.8792	
CSNK1E	10.4559	10.5633	10.5382	11.0198	11.1087	11.0018	
HIST1H2BK	9.35345	8.6745	8.8169	8.8015	9.6924	9.9389	
JUN	9.7765	9.0574	10.1059	9.5936	10.073	10.3921	
PCCB	10.324	10.5302	9.6645	10.0789	9.4943	9.7029	
STAP2	5.86865	6.4851	6.0906	6.433	6.6915	6.4142	
TMEM50A	10.8377	11.1806	11.01	11.1025	10.5663	10.8765	
PMM2	12.6068	10.1446	12.109	12.3925	13.1871	12.649	
SCCPDH	9.9677	10.8083	10.0182	10.1077	9.953	9.7796	
HSD17B11	7.76485	8.0396	8.1667	8.1339	9.8291	8.1358	
TSC22D3	5.9253	6.0432	6.6857	6.4152	7.896	7.0455	
FBXL12	7.17575	7.8395	7.6361	7.7332	8.0731	7.9057	
TFAP2A	9.08595	8.9255	9.6502	9.5849	9.8605	9.4194	
WDR61	8.70105	8.9631	9.0537	9.1897	7.8759	8.626	
ZNF395	11.6732	9.8239	11.5849	10.6276	11.9691	11.9691	
FAS	3.088	4.1396	4.086	3.8822	3.6177	3.7825	
VPS72	7.5755	7.8622	7.4926	7.5433	7.9245	7.439	
CENPE	9.9333	9.1669	9.3148	8.7015	9.0574	9.172	
CLSTN1	9.80985	9.5009	9.9793	9.7856	9.6622	9.9438	
CREG1	8.6328	9.3077	8.5195	8.8234	8.8355	9.0079	
MAPK9	10.1479	8.8902	9.9008	9.7373	10.5555	10.087	
PRR7	6.33875	6.2698	6.3356	6.192	6.2867	5.5834	
SKP1	5.66865	7.563	7.2583	7.2045	5.5565	6.3622	
POP4	9.09145	9.3496	9.4838	9.4492	8.6955	9.2131	
TMEM110	6.776	5.7585	6.3979	5.6775	5.8201	6.5359	
NFE2L2	8.24045	8.1774	8.3164	8.7529	9.2806	8.5335	
ZNF589	6.70265	5.8092	5.6536	6.0809	6.5708	5.8678	
BAX	9.05725	9.7029	9.2413	8.9319	9.4697	9.2734	
BLCAP	9.6601	9.3005	9.6984	9.5793	9.6577	9.7373	
CNDP2	11.2298	11.5453	11.2921	11.5034	10.8943	10.9935	
FAM20B	7.51155	6.9609	7.2669	7.2499	7.97	7.5074	
PROS1	3.45425	3.9104	4.1028	4.0157	3.7275	3.3478	
TNIP1	9.13025	9.4876	9.5487	9.5353	9.2958	9.1586	
CRKL	10.3997	9.1981	10.3118	10.3433	10.7804	10.8187	
P4HTM	8.43935	8.6955	8.9135	8.8745	9.7201	8.9707	
REEP5	7.6955	8.9488	8.3785	8.2411	7.4896	7.2993	
ZNF318	6.83755	6.3302	6.3815	6.2241	6.9458	6.0249	
BZW2	9.2693	9.398	9.591	9.3077	8.2616	9.0108	
FDFT1	10.9948	11.0667	10.9192	11.673	12.6249	12.2546	
CGRRF1	8.27375	8.4276	8.2737	7.9984	8.017	7.8089	
TRAP1	9.27205	9.3387	9.1315	9.22	8.7396	9.0924	
AMDHD2	7.32655	7.0154	7.0815	6.9987	7.4147	6.9176	
GTF2A2	11.1851	10.5986	11.1819	10.8666	10.2866	10.8087	
PEX11A	5.74315	4.8181	4.9815	4.6503	4.995	5.0629	
PSMD9	9.36225	9.7142	9.5191	9.459	9.3471	9.0832	
GFOD1	5.3532	4.921	5.1348	4.878	5.4074	5.9407	
MTFR1	10.7313	9.6118	10.2773	10.0926	10.581	10.4573	
PECR	6.5003	6.1053	6.5719	6.3815	6.4032	6.5931	
UBE2A	10.2471	10.3031	10.3574	10.2234	10.061	10.2652	
NIT1	11.3191	10.2987	10.3332	10.4654	12.0257	11.5991	
SOCS2	6.25475	5.8887	5.7028	5.8825	6.0638	5.9602	
SYNGR3	4.2248	3.9132	4.1028	3.7955	4.1128	3.8325	
ZDHHC6	8.3772	8.5738	8.4856	8.2835	7.81	8.2317	
ITGAE	9.91025	9.9758	9.9482	9.7265	9.5846	9.3019	
NFKB2	4.7262	7.3306	4.8673	4.7402	4.8637	4.5516	
STK25	11.6636	11.5065	11.62	11.5881	10.9698	11.5034	
TMEM5	8.7263	8.4964	8.4174	8.3644	8.2613	8.3098	
ABCF3	8.5698	8.5907	8.7663	8.6473	8.2049	8.2878	
ATP5S	5.6031	6.7431	6.6444	8.6248	5.9312	5.8293	
FCHO1	5.37255	4.4528	5.5497	4.6241	5.3949	6.1055	
NGRN	5.77915	6.8508	6.3128	6.7693	6.0194	5.9684	
HOXA5	10.4377	11.5506	11.2071	11.3346	11.1219	10.9305	
OXSR1	10.0429	9.4357	9.2573	9.3518	8.5585	9.0527	
GRN	10.9862	11.3982	10.6663	11.5506	12.3925	11.4466	
SMARCC1	10.8612	10.5874	10.4705	10.6128	9.9908	10.2764	
NUP85	10.9074	11.0404	10.1487	10.967	10.6698	11.1632	
PAK6	4.11245	4.0073	4.4073	4.086	4.501	3.9132	
GHR	4.6072	8.9362	4.6255	4.0568	4.4598	4.1247	
GTPBP8	9.0317	5.3292	9.22	9.0362	8.6724	8.9931	
GLOD4	9.77125	9.7209	9.8023	9.7249	10.158	9.8399	
PTK2	11.5332	10.9708	10.8187	10.7091	10.978	11.344	
CDK4	11.7927	11.92	11.6993	11.8187	11.2243	11.62	
EPN2	8.55205	7.2332	8.1515	7.7485	9.0614	8.8791	
CCDC90A	5.24795	6.2184	5.7989	6.2448	5.909	5.7989	
IL4R	7.18565	6.8606	6.5025	7.2394	8.0167	7.6438	
KIAA0528	10.1852	10.2476	10.3682	10.4171	10.5091	10.4556	
PRKAG2	7.3866	7.4107	7.6622	7.517	7.1867	7.454	
KIT	4.0385	3.9614	3.9866	3.9655	4.9361	3.9614	
MRPS16	9.68575	10.6976	10.0499	10.4236	9.7462	9.9882	
PTPRC	6.24315	6.4426	6.265	5.6041	7.1343	6.9488	
RPS5	5.5075	5.7362	6.1476	6.6088	6.111	5.7683	
NOL3	8.2774	7.4001	7.436	7.4967	8.916	8.5503	
PSMG1	10.4867	11.1404	10.9199	10.6898	9.7744	10.1296	
NR1H2	7.5577	6.8752	6.7693	6.9619	8.159	7.7022	
TMEM97	8.9687	9.3936	9.4392	9.2878	10.8187	9.6984	
LRRC41	10.6306	10.3438	10.8083	10.4362	11.0796	10.8402	
PLS1	7.85995	8.0253	7.9847	8.2613	7.9847	8.2663	
DUSP22	7.01925	7.4676	8.3406	8.5879	8.2393	8.3184	
KIAA1279	7.99285	8.1887	7.9458	8.0914	8.0487	7.7812	
RPS6KA1	9.8329	9.3664	9.4194	9.2719	9.6857	9.2017	
TCEAL4	9.8612	10.3606	9.8919	10.4779	10.3992	9.7978	
DCK	9.74735	9.1094	9.987	9.9632	9.2158	8.9631	
NUP133	9.709	9.8628	9.3785	9.313	10.0038	9.9396	
NUP62	9.39985	10.3739	9.4271	10.3164	8.9826	9.5322	
TRIM2	9.9183	8.1618	8.7838	7.9627	7.7495	9.1868	
SNCA	9.87795	9.3392	10.0052	9.4672	10.3464	10.073	
SPTAN1	6.977	6.9122	7.1083	6.9394	6.4426	6.572	
MALT1	7.7246	8.1718	7.8944	8.1646	7.8844	7.7893	
VPS28	6.17965	6.9609	6.6524	7.2432	6.5388	6.7891	
LRRC16A	5.8349	5.782	5.6598	5.4012	5.6835	6.6319	
YKT6	10.152	10.7304	10.3636	10.7081	10.6377	10.3009	
CHP	6.34195	8.0253	5.5434	5.485	8.0253	6.0521	
KIF2C	6.1499	7.7338	7.1867	7.1343	6.1374	6.5062	
NNT	8.5286	7.6798	8.1285	8.4297	8.5047	7.7771	
NR2F6	7.68015	8.793	8.6676	7.848	9.3518	8.8055	
COL1A1	13.274	13.4692	13.5882	13.686	12.9863	13.3954	
EXOSC4	5.4904	6.5282	5.3952	5.2408	5.0244	5.3662	
CDC25A	9.10235	8.405	7.8316	7.8369	7.3198	7.8136	
PDLIM1	8.35425	10.4796	9.8573	9.8409	9.1398	9.1433	
CRELD2	8.71435	8.2491	8.6053	8.4064	8.38	8.6187	
TP53	9.97295	10.4705	10.2652	10.3294	10.0499	10.3164	
IQGAP1	9.9314	10.0866	10.0903	10.1984	10.8279	10.2809	
RRP12	8.40545	8.7243	8.6745	8.7217	7.8441	7.9945	
ACAT2	10.2707	10.5449	10.4441	10.7959	11.3023	11.1457	
EGR1	5.57585	6.5206	5.9527	6.3149	5.6522	5.8147	
MUC1	3.97155	5.825	4.7402	4.1396	4.0073	4.1247	
THAP11	6.3157	6.5542	6.7017	6.5137	6.2208	6.4061	
AURKB	10.8415	11.1705	10.8666	11.3028	11.5926	11.6831	
CEBPD	7.05185	6.5671	7.0283	6.5492	8.6745	7.7247	
HSPA4	11.9689	10.9011	11.5453	11.6559	11.4227	11.8759	
MAST2	8.3447	8.2725	8.3924	8.3358	8.7688	8.4871	
DHDDS	10.0888	6.8864	7.6532	7.0852	7.7771	7.6532	
TOP2A	13.1373	12.8969	13.345	13.0202	13.3347	13.0202	
GADD45B	8.05515	8.0935	8.0813	8.0532	6.2373	6.8649	
NCK2	7.23905	7.2645	7.3301	7.1728	6.8649	7.4631	
AURKA	7.1616	8.0715	7.5111	8.2904	7.7974	7.3802	
KIAA0355	4.8293	5.8678	5.3194	4.9661	5.1707	5.2439	
B3GNT1	6.7019	7.6438	7.6505	7.3515	7.0928	7.1539	
DYNLT3	7.2926	7.4578	6.7325	7.4818	6.3815	7.3502	
CDK5R1	4.35475	4.9815	5.0202	4.9184	4.1028	4.2573	
CHMP4A	9.81555	8.4517	9.0885	9.0278	8.7527	9.1159	
IPO13	10.5485	7.8203	8.8083	9.0848	9.4558	9.3392	
SCP2	6.89935	7.7338	7.3689	7.1728	7.224	7.1354	
ITFG1	7.4006	6.713	6.8151	7.0051	7.6254	7.4572	
RAD9A	5.1727	6.1352	5.842	5.6536	4.8262	4.9536	
DRAP1	11.5363	11.6121	11.7159	11.9121	11.833	11.78	
SPP1	3.98205	4.2685	3.9813	4.2426	5.7212	4.2797	
HYOU1	11.1426	9.5548	10.1446	9.8093	9.1038	10.1317	
PCMT1	10.4471	11.1039	10.8589	11.1525	10.7081	10.5686	
FOS	5.5971	4.7753	5.1857	4.8262	5.825	5.2508	
FYN	5.50845	6.1218	6.1352	6.1218	6.6039	6.0432	
MCOLN1	6.03685	10.2981	6.2373	6.192	6.8286	6.1708	
MYC	10.336	10.6452	10.5769	10.5694	9.3014	10.315	
ID2	7.2769	7.8917	6.9448	6.8621	8.1108	6.2603	
POLB	6.48255	7.3509	7.4286	7.2398	6.8618	7.2294	
CETN3	6.748	8.0385	7.7532	7.968	7.7441	7.341	
KCNK1	4.3858	6.0121	4.4098	4.2245	4.6742	4.7131	
AXIN1	6.7803	5.842	6.5442	6.4101	6.7079	8.0737	
SMC4	10.9585	11.6683	11.1208	11.9605	11.0977	11.0359	
RAI14	9.7771	11.78	12.1342	11.9326	11.8187	12.0426	
SMARCD2	7.98955	7.7338	8.0996	7.8429	7.6528	7.5867	
DNAJC15	8.4197	8.1384	8.58	8.626	8.2932	8.0471	
MPZL1	10.3315	10.4487	10.412	10.2139	9.8688	9.8271	
HOXA10	9.3251	8.9121	9.0186	8.9796	9.5353	8.8234	
NRAS	9.1267	9.6984	9.5487	9.7849	8.8582	9.4909	
CASP2	6.0078	6.6915	6.3917	6.5317	6.4261	6.5891	
EBNA1BP2	11.0931	11.1404	10.8328	11.4071	10.1891	10.7215	
CTNND1	10.7313	8.7374	8.3058	10.1891	11.8591	11.2149	
TATDN2	5.5972	6.6952	6.106	6.5905	5.612	5.3952	
LRPAP1	9.8549	9.9219	10.072	10.2614	9.9615	9.987	
ZNF131	8.3822	8.0628	8.4663	8.4325	8.8352	8.4325	
BNIP3L	10.0041	10.7691	10.4941	10.5916	10.4602	10.2294	
HOOK2	4.9009	5.4216	5.1999	5.4567	5.5811	5.1059	
ERBB2	9.4332	9.5756	9.3553	9.6669	9.3105	8.5855	
TBPL1	8.4541	8.1626	8.5885	8.2096	7.8361	8.1289	
INTS3	7.4481	8.2962	8.4532	8.3982	9.0314	8.2096	
RAE1	8.9752	9.4347	9.3154	9.0885	8.4131	9.0186	
CDK1	10.2028	10.9362	10.9862	11.3255	10.967	10.9634	
RFNG	10.7685	8.6999	9.6857	9.7644	10.5874	10.3682	
MICALL1	7.4608	8.2002	7.5008	7.2063	6.3576	7.2045	
SLC35A1	9.0108	7.6696	8.6689	8.5335	9.1718	9.0243	
KLHL21	4.7833	5.3266	4.7551	5.2961	4.5754	4.4749	
NIPSNAP1	8.89345	8.6552	8.7529	9.1531	9.6376	9.2406	
BCL7B	6.6106	7.1234	6.8489	6.8864	6.751	6.9394	
TLE1	9.43475	10.2787	9.7978	9.7905	9.5675	9.4538	
FZD7	10.1387	8.928	9.1094	9.088	8.6624	9.3902	
TIMELESS	9.98185	10.1088	10.1933	10.2177	10.7091	10.6698	
COG2	7.6786	7.3306	7.6472	7.8441	8.0396	8.0663	
DHX29	7.39775	7.5956	7.1112	7.1539	6.5275	6.7325	
MMP2	10.056	8.8912	8.5885	9.0108	10.718	9.9615	
MRPS2	9.83695	9.6131	10.2071	9.7978	9.4222	9.7525	
KCTD5	6.8343	7.0128	6.9673	7.2265	6.3576	6.7827	
TCEA2	8.76195	8.5503	8.4087	8.9891	10.1936	9.5953	
CNPY3	8.67535	7.8557	8.38	8.221	8.7015	8.7396	
FHL2	12.5396	12.5693	12.3925	12.4446	11.0479	12.283	
ADAM10	9.73635	10.1535	9.7922	9.9456	9.545	9.654	
FKBP4	14.6945	13.9223	14.0316	13.8074	14.844	14.1819	
CD58	9.0634	9.787	9.7781	9.7367	9.2067	9.3824	
KAT6A	8.51695	7.4523	8.6315	7.7419	8.0256	8.5014	
CDK7	10.7674	10.0947	11.1973	10.0385	10.2177	10.7675	
KIF5C	7.5143	5.3292	4.8262	4.3451	4.878	5.0629	
HMG20B	11.6806	11.2041	11.4824	11.3823	12.1603	11.7966	
MAP3K4	6.59545	6.8845	6.713	6.4916	6.3041	6.7028	
PIN1	12.375	12.0667	12.1603	12.4925	11.361	12.4925	
ZFP36	8.7161	8.9752	8.8322	8.7475	11.56	9.4838	
INPP1	8.12015	7.9486	8.1862	7.8708	8.372	8.1425	
LAGE3	4.43885	6.106	4.7372	5.4012	4.1649	4.8547	
RAC2	6.33975	6.4152	6.8877	6.1252	7.0743	6.3302	
TNFRSF21	9.8956	8.9931	9.1531	9.4347	10.8462	10.3606	
HMOX1	7.02975	7.9057	6.8012	6.9605	8.9707	7.9245	
KIF14	7.6849	7.7769	7.7831	7.4001	8.1305	7.1343	
COL4A1	14.8176	14.7766	14.9196	14.844	13.8785	14.565	
DUSP6	6.8728	6.928	7.0852	6.9976	9.136	7.5915	
CYB561	5.50225	5.9125	6.002	5.7393	7.264	5.5197	
EPB41L2	11.5157	11.5126	11.6683	11.7355	10.5024	11.1705	
GNAI2	9.41275	9.3471	9.5058	9.8576	9.3949	9.5715	
HTRA1	6.0212	6.5025	6.4838	7.1262	8.3429	7.113	
TSTA3	7.4939	7.165	7.4631	7.2213	7.5174	7.5267	
WASF3	6.3385	6.2587	6.5991	5.7212	6.0754	5.8587	
DNMT1	13.3847	12.9863	13.3001	13.1871	13.2881	13.4083	
TSPAN6	8.1666	8.0813	7.8554	7.8613	8.1384	8.1687	
FBXO21	9.12005	9.7877	10.0995	9.727	11.0847	9.474	
RAB27A	8.0972	7.6982	7.978	7.9391	8.5864	8.184	
DDR1	5.9121	6.1166	5.8994	5.842	7.2394	6.433	
PPP2R3C	9.23715	9.2012	9.5849	9.6098	8.9475	9.1669	
ADRB2	3.86605	4.5364	4.0287	5.2902	4.5939	4.3043	
LPGAT1	9.04175	8.8121	8.9508	8.9458	9.1897	8.9752	
DUSP11	9.32425	8.7312	8.866	9.1669	9.8209	9.2613	
GRB10	7.1926	7.6067	7.6134	7.8234	7.1881	7.3689	
MMP1	6.4487	5.6732	6.192	6.4838	7.2031	6.4795	
TP53BP2	11.0312	11.1219	10.9645	11.0479	11.1875	10.9862	
CDKN1A	7.8919	8.3975	8.2616	8.3735	9.8327	9.2838	
ZW10	9.54475	9.6101	9.8327	9.787	9.3148	9.3876	
CORO1A	7.75345	6.9609	7.4733	7.1881	9.674	7.7607	
TJP1	8.34565	7.8844	8.5475	7.8136	8.2444	8.3219	
ABCB6	7.6959	7.4286	7.6264	7.655	7.9569	7.2645	
XPNPEP1	8.1905	8.2096	7.9633	8.2781	7.4631	7.8694	
MAMLD1	7.59315	5.0403	4.8875	4.9579	4.6387	4.7263	
MTHFD2	10.9577	11.2491	11.0448	10.763	9.3154	10.477	
DSG2	8.59775	10.217	8.3814	8.6552	8.375	8.2439	
PRAF2	9.5006	9.1725	9.6464	9.953	9.987	9.9645	
DNTTIP2	10.986	11.1638	11.1142	11.0887	10.6457	10.9125	
SLC27A3	9.96475	8.8169	10.6698	9.643	9.9482	10.1617	
CD97	7.2248	7.1354	7.5851	7.049	7.0852	7.1544	
HTATSF1	11.3939	10.763	10.9018	10.9192	11.7966	11.5849	
IL13RA1	8.93175	7.8811	8.0585	7.7738	8.8736	8.429	
NCAPD2	10.9151	9.6545	10.3865	10.5699	10.8135	10.8662	
AGL	7.03935	6.6088	6.763	6.8191	7.3509	6.9458	
TMEM109	10.1199	10.1891	10.2508	10.0671	9.7098	10.0278	
CDC25B	11.017	11.0583	10.9598	10.8765	10.6559	11.2243	
ICAM1	7.67005	7.5008	7.7363	7.7634	7.7202	7.5008	
GATA3	5.1684	10.7512	5.3505	5.2902	5.5511	5.6416	
NUP93	9.98775	10.0058	10.0995	9.9952	9.9319	9.6811	
PLA2G15	8.29975	8.9346	8.5627	8.9504	8.6942	8.2488	
RPA3	6.4703	7.8609	6.7248	7.5811	6.7675	6.7503	
PIP4K2B	6.75285	7.6472	7.0453	7.4474	6.7827	6.8319	
TES	10.0864	12.1695	12.649	12.9173	12.8081	11.7671	
MYCBP2	7.373	7.3831	7.1881	7.36	7.36	7.5433	
SPR	7.9901	6.6684	7.6798	6.6517	7.8554	8.4607	
PGRMC1	12.2304	12.1855	12.4183	12.2393	11.9499	12.2052	
RELB	6.0697	6.5677	6.582	6.7186	6.7959	6.6631	
AARS	10.2076	10.486	10.5609	10.3048	10.4938	10.319	
EPHB2	8.6367	8.7203	8.7084	8.6439	7.1427	8.376	
GPC1	7.94415	7.4229	7.5915	7.5923	8.4087	8.2987	
RPIA	10.4539	10.6517	10.4009	10.248	9.9661	10.1059	
ELAC2	11.9652	11.01	11.8243	11.2332	11.3255	11.4901	
GPR56	9.94185	9.159	9.8524	9.2711	9.1114	10.0452	
NVL	10.7439	10.2866	10.6898	10.8558	11.8759	9.3387	
PLSCR1	6.4659	6.9675	6.8239	6.9458	7.3687	6.8142	
CHEK1	9.0468	8.8683	9.2342	9.1198	9.5548	9.2289	
CTSL1	10.7772	10.978	11.0583	10.9125	11.2568	10.9018	
CTSD	9.0514	9.088	8.8773	9.0935	10.5162	9.4671	
ME2	8.92165	8.4125	8.3297	8.2895	7.5071	8.0596	
ARHGEF2	7.68135	7.8098	7.9057	7.9913	8.1697	7.8751	
PDGFA	7.1062	7.2799	7.3933	7.5108	5.5715	6.5545	
ILK	11.4815	11.5849	11.5991	11.5849	10.6898	11.0847	
WDR67	9.45415	8.4975	8.775	8.9802	9.4144	9.6341	
NFIL3	7.54695	8.4347	8.4418	7.7267	7.7247	7.6472	
RFC2	8.96385	8.5253	8.2025	9.1608	9.4207	9.128	
ARL4C	8.215	8.0753	7.9547	8.2241	9.9169	9.0455	
TIMM9	11.9629	11.7053	11.673	11.7658	11.1632	11.416	
CPNE3	10.4808	10.9698	10.8662	11.2021	11.4282	11.0514	
ORC1	12.1358	8.9657	11.1219	10.238	12.3085	12.0257	
C5	5.2918	5.3949	5.6385	5.6732	6.3149	5.6385	
PARP2	9.51395	9.6265	9.4101	9.4697	9.2461	9.1897	
FASTKD5	8.67365	8.7492	8.306	8.0849	8.0119	8.1465	
SCRN1	10.3042	10.1394	10.0231	10.0331	10.3031	10.2537	
MAN2B1	6.4367	6.8151	6.7564	6.5209	6.6068	6.2959	
PTPLAD1	10.2455	9.8271	10.3453	10.251	9.7796	10.1394	
MSRA	7.8923	7.1343	8.1769	7.6927	7.8388	8.208	
NFKBIA	9.2873	9.9116	9.4227	9.6063	8.6324	9.3707	
DCTD	9.6904	9.528	9.6654	9.6265	9.527	9.7849	
SYNE2	6.532	6.6524	7.2706	6.8696	7.1572	7.0852	
MBNL1	11.0295	10.489	10.6222	10.6929	10.315	10.7692	
UBE3C	10.3873	10.9868	10.7512	10.4738	9.8257	10.1543	
CCDC92	8.0405	8.2973	8.1082	8.3297	7.8996	8.3058	
MYCBP	9.3068	10.2992	9.7656	9.6769	7.8692	9.0832	
CXCL2	3.9787	4.2944	4.3864	4.093	4.4572	4.3043	
PTPN1	9.3146	9.277	9.4943	9.5671	9.9758	9.4909	
BRP44	9.57295	9.7249	10.2809	10.1059	10.4441	10.1858	
TIMM22	9.3772	10.4441	9.5594	9.2569	9.528	9.0614	
ATF5	8.8417	9.3434	8.4174	8.1414	8.4837	9.3871	
ECD	8.91345	8.6264	9.1315	8.9891	8.8975	8.8547	
CIRBP	9.4597	9.2289	9.2279	9.6811	9.3253	9.4838	
NSDHL	8.7553	9.6098	9.4323	9.128	11.1039	10.5226	
ADI1	8.44755	8.1565	8.7096	8.5475	7.9633	8.0753	
NFKBIE	6.7142	6.2448	6.3205	6.6433	7.1778	6.9337	
ADCK3	3.81595	4.5364	4.0027	4.0422	4.1684	4.0027	
PRSS23	11.2593	11.3183	11.325	11.344	9.3387	10.5103	
CCNH	8.76445	8.639	8.8456	8.5719	8.7879	8.9346	
GDPD5	6.5487	6.4649	6.4061	8.7396	7.5477	6.6731	
P4HA2	9.32495	9.6407	9.8404	9.6259	8.0813	8.775	
TARBP1	8.13775	7.8955	8.0694	7.6622	7.5923	7.7089	
ATP6V0B	6.78335	7.2193	7.3105	7.1488	6.5589	6.6856	
RBKS	4.61485	4.616	4.5676	4.6079	4.6959	4.797	
CAPN1	4.3362	4.7131	4.4572	4.7486	4.2589	4.2944	
KDM3A	8.4608	8.5427	8.7622	8.6372	8.6187	8.4443	
BID	8.8403	8.7775	8.4768	8.8453	8.7166	8.9149	
STXBP1	5.8261	6.9609	6.0751	6.7169	7.0648	6.6703	
ITGB5	9.88595	9.4538	9.5058	9.8688	10.7538	10.1245	
MTF2	9.54475	9.2466	9.9732	9.3876	8.8902	9.1949	
HLA-DRA	5.34495	4.5793	8.0812	4.921	5.5998	5.692	
SLC11A2	10.2578	6.452	6.7028	6.5677	6.9223	7.0652	
PDIA5	5.00305	6.6319	5.7069	6.3622	5.0768	5.4523	
PIK3C2B	5.22595	6.0809	5.3887	5.0905	4.8044	5.0623	
RAP1GAP	4.79875	4.713	5.0403	4.591	5.1559	5.0807	
SLC25A46	9.4103	9.4579	9.5498	9.5551	8.9052	8.9802	
CDK19	8.68605	8.0517	8.6115	7.6852	9.1159	8.38	
NOLC1	8.76535	9.3065	9.277	9.1392	8.2721	9.0455	
CAT	9.77985	10.0483	10.0038	10.063	10.4253	10.3402	
KIAA0753	8.7028	7.6436	7.6753	7.6736	8.3164	9.878	
DUSP14	8.5395	7.4741	8.0615	7.7879	7.8136	8.1289	
KAT6B	7.479	8.0628	7.2117	6.9488	6.9836	8.2091	
CHN1	6.5842	5.1095	7.5491	8.0322	5.692	8.2049	
HMGA2	5.2103	5.8571	5.7212	5.5252	5.9913	5.7393	
IGFBP3	11.7935	11.941	11.7801	11.456	8.0849	9.7462	
MAPK13	6.1387	6.9293	6.7325	6.6524	6.9987	6.1636	
TRIB1	8.14865	7.5281	7.4474	7.3902	8.1756	7.5034	
UFM1	8.9316	10.1925	9.6348	10.412	9.4058	9.2065	
GNA15	6.98615	5.3292	6.0432	5.7362	9.9358	8.5702	
TP53BP1	9.10395	9.0399	9.3484	9.1134	9.4914	9.7573	
FRS2	6.66455	6.74	7.1425	6.6816	7.2793	8.8554	
IARS2	11.6959	11.5991	10.393	11.2568	11.1638	9.9989	
BECN1	8.76675	8.832	8.9465	8.8941	9.2915	8.958	
GATA2	5.35715	8.4806	5.6416	4.5754	5.4306	5.5284	
KDELR2	8.93165	9.6118	9.2917	9.5714	8.444	8.793	
RALGDS	8.7365	8.4894	9.3214	8.6852	9.5841	8.4087	
ELAVL1	8.9018	8.5655	8.1792	8.2845	7.4884	7.7769	
NRIP1	7.75285	10.44	10.1296	10.1355	9.3392	9.7126	
CCNB2	10.7454	12.3425	12.7471	11.7692	12.9756	12.7147	
IFNAR1	8.99385	7.478	8.1756	8.1186	9.8023	9.2719	
MIF	14.958	15.0	15.0	15.0	14.9976	14.9579	
RNPS1	13.8394	13.3478	13.8701	13.4947	13.3954	13.8701	
DAG1	6.54645	7.6038	6.7767	7.2719	6.5275	6.3014	
SATB1	3.6899	4.086	4.0568	3.7825	4.0157	3.7275	
ARID4B	7.9638	7.83	8.2923	7.7714	7.4432	7.6254	
IGF2BP2	8.39535	8.2793	8.3264	8.2904	8.0882	8.1524	
GSTZ1	9.2106	8.3516	8.2241	8.3219	10.9645	8.2895	
IGF2R	11.1669	10.3353	11.2215	10.6016	10.9935	11.1208	
SESN1	5.68395	9.0248	5.7585	5.7393	6.9549	5.5313	
TIPARP	9.4241	9.0362	9.3685	9.4323	10.158	9.3187	
CRTAP	8.05455	8.1687	7.7076	7.4709	7.7889	7.1032	
SPEN	7.6448	7.7338	8.5352	8.5472	8.6022	8.6159	
GMNN	12.7568	13.143	13.4083	13.4083	12.9173	13.0865	
PFKL	7.9607	8.7685	8.7015	8.8527	8.5725	9.0204	
CYTH1	8.39005	8.6473	8.1769	8.7297	7.6702	7.7202	
PDHX	7.9279	9.0692	9.3065	8.1524	8.5702	8.5047	
DENND2D	6.07845	5.6946	5.8729	5.9684	6.2698	6.4611	
PRCP	9.0217	8.0424	8.5998	8.6025	8.7339	8.8286	
CTTN	7.2163	6.6517	6.17	5.2762	5.5823	6.044	
SMARCA4	8.6476	8.375	8.6187	8.375	8.3241	8.1756	
PYGL	12.3332	11.896	12.0871	12.0667	11.1173	11.9499	
UBR7	9.4543	9.8688	9.2613	9.9513	9.3307	9.3745	
GRB7	12.1925	11.9499	12.8081	12.7471	12.0663	12.9863	
RPA2	10.556	9.9327	10.4438	10.2866	10.4283	10.5555	
CD44	12.5357	12.0425	12.1855	12.0426	11.941	12.1695	
ERBB3	4.57485	4.6204	4.7753	4.4528	5.1709	4.7787	
GTF2E2	10.1569	10.3992	10.171	10.6416	10.1317	10.217	
VAV3	5.54045	4.9536	5.4449	5.1709	5.9938	5.5753	
ABHD6	6.61685	5.472	9.2555	6.2981	7.5923	7.0051	
ANXA7	9.6529	9.942	10.2926	9.8023	9.4838	9.7343	
MAPKAPK2	11.0546	11.069	11.9958	11.1539	10.8558	10.8903	
TXNRD1	12.0651	11.9753	12.0425	12.1855	12.5322	12.3385	
CAB39	7.2567	7.968	7.4578	8.405	7.1032	6.7469	
FZD1	7.1984	5.2961	6.1478	7.1488	8.5472	7.7363	
CRYZ	10.508	10.5555	10.7804	10.7489	10.7661	10.7007	
TIAM1	5.8889	5.9527	5.8825	5.8092	5.8293	5.9855	
DNM1L	7.45145	10.2545	10.3256	10.5226	9.7265	10.0507	
GAA	3.9163	4.178	4.3735	4.2091	3.7287	3.4802	
DERA	10.9992	11.1395	11.0977	11.247	10.8803	11.1142	
SKIV2L	8.3397	8.5923	8.4193	8.8151	7.9569	8.1691	
BLMH	8.3774	8.9752	8.429	8.3573	7.6112	7.9813	
PTPRK	11.6908	9.6862	11.2759	11.5263	12.3564	12.2349	
HERC6	6.34195	6.192	6.5543	6.8158	7.6067	6.5545	
RRP1B	9.2416	8.9255	8.9631	8.8014	8.3951	8.6337	
MKNK1	11.356	8.7622	9.9661	9.8399	10.0953	10.5977	
TSPAN3	7.8409	9.8751	8.4281	8.4916	7.2499	7.8554	
ACOT9	9.72065	10.8808	9.9979	10.5112	9.4392	9.6731	
PIK3R3	5.6429	5.692	6.0931	5.953	6.8158	6.9229	
KEAP1	9.83945	9.674	9.8365	9.9477	10.0758	9.8628	
ST3GAL5	5.3421	5.5916	5.6946	5.4797	5.9938	6.2417	
CTNNAL1	9.8186	9.9908	10.1018	10.6698	9.1633	9.9205	
TFDP1	10.3537	10.5986	10.3921	10.2368	10.0253	9.8916	
ABHD4	7.42375	7.3105	7.8622	7.0596	7.563	7.0382	
SMC3	9.06335	9.0313	8.7254	9.3397	9.7942	9.144	
INPP4B	7.1304	6.6444	7.1017	6.9353	5.9527	6.8408	
LBR	9.92225	9.8824	10.0828	9.8522	9.7849	10.04	
PPIE	10.5231	10.2695	10.1914	10.5259	10.2764	10.7393	
ZMIZ1	10.4554	11.2662	11.2568	11.2174	10.7489	10.5862	
PPARG	6.96265	4.4745	4.5754	4.4836	4.5987	4.5396	
TERF2IP	9.90865	9.3889	9.9456	9.5519	10.3711	10.0553	
BNIP3	11.937	12.0278	12.2632	11.941	10.257	11.3255	
RPP38	7.35035	7.5811	7.673	7.4971	7.5708	7.5379	
BCL2	4.2287	4.2274	3.9104	4.713	5.0202	5.0768	
CAST	10.32	9.6689	10.1133	6.4949	10.2109	10.5462	
BAG3	11.3576	11.2921	11.2243	11.2491	10.6063	11.135	
RBM6	8.928	8.5352	8.462	8.2992	8.2112	8.7659	
CSK	9.6175	8.6942	8.626	8.7663	8.5148	8.3975	
GNA11	9.3888	9.7265	9.9615	9.9219	9.9157	9.6712	
ALDOC	5.45895	5.2961	5.7821	5.1216	5.2233	5.4625	
TOR1A	7.3985	9.4014	9.3783	9.1295	9.7512	9.6337	
SLC25A13	9.2537	9.3553	9.6924	9.908	9.8996	9.4222	
UBE2L6	10.0525	8.9185	9.2334	9.5215	10.5916	10.0672	
SYK	6.371	5.3949	6.2844	5.872	6.8191	6.9293	
TSPAN4	11.7386	12.5105	11.5733	11.3965	12.3385	11.7205	
NR3C1	5.4499	5.7362	5.7216	5.3662	5.3505	5.5197	
PCBD1	12.4389	12.0663	12.3981	12.4543	12.283	12.0877	
ICMT	10.6226	10.4837	10.5075	10.4556	10.2161	10.4042	
TRIB3	12.5954	10.0331	10.9525	11.4223	13.0202	12.5708	
EIF4EBP1	10.3893	10.581	10.1782	10.257	8.9458	9.8522	
PHF15	4.88975	5.8019	5.3438	10.2446	6.0368	5.4234	
CXCR4	6.1988	8.7492	5.5313	7.8004	6.7079	6.4795	
GNPDA1	8.9655	9.1069	9.1477	9.5986	10.8626	9.5846	
CCND3	8.9635	8.9012	8.5856	8.5503	8.8404	8.7663	
FKBP14	6.96755	7.2058	7.36	6.4101	5.1487	5.7813	
CIAPIN1	9.7564	9.0437	10.0672	9.4914	9.3446	10.2408	
NUCB2	9.8521	9.3014	9.7294	9.9438	10.171	9.9645	
COG7	8.92915	8.5217	9.3005	9.7721	8.7073	8.985	
RSU1	9.53	9.6416	9.7626	9.6924	9.2168	9.4463	
PTPN6	9.1098	4.5516	5.2875	4.9799	5.1857	5.3824	
TUBB6	10.6364	12.8524	13.2302	12.949	12.3295	13.2881	
ABL1	10.4528	10.0452	10.3439	10.489	9.9677	10.198	
DUSP4	6.621	6.1574	6.0194	5.9913	7.0497	6.5764	
CCNF	6.8588	9.4222	7.2546	7.3788	6.3329	6.8562	
PTPN12	9.42215	9.9477	9.8084	9.9396	10.0231	9.4863	
HSPA1A	9.80965	10.3332	10.258	8.6836	10.6128	10.5133	
PCK2	9.73855	9.1981	9.0248	10.0536	9.6384	9.4347	
FAM57A	9.9872	9.6063	9.8281	9.7142	9.2489	9.4725	
RB1	9.6843	9.9632	10.1914	10.3031	10.6663	9.9219	
EVL	7.4076	8.0694	7.3182	7.8004	6.4916	6.8286	
GFPT1	7.6809	7.6363	7.8709	7.5707	7.0952	7.3417	
BLVRA	10.1574	9.2569	9.7683	9.5038	9.4621	9.7294	
GPER	5.0256	4.8673	5.3815	4.8774	5.4625	5.677	
EAPP	9.527	7.2523	7.8395	7.433	6.9566	7.178	
S100A13	12.1161	12.4543	12.9066	12.5105	12.7818	12.7695	
EXT1	12.8722	12.4739	12.283	12.5391	12.8202	12.8475	
MYBL2	10.2745	9.7181	9.8069	9.9952	9.4175	9.953	
POLE2	8.4278	8.1192	7.9633	8.1192	7.3301	7.6798	
STX4	9.8696	9.7142	10.1425	10.1154	10.3711	10.1517	
PLCB3	9.7751	9.9796	9.9281	10.1175	9.8121	9.9407	
TMCO1	11.9752	11.8819	12.1232	12.1603	11.5991	11.8591	
C2CD2	6.99645	6.7017	7.113	7.0747	7.4572	6.9006	
PARP1	10.0552	10.0483	10.5548	10.5592	9.5327	10.2614	
ANKRD10	7.81825	7.2972	7.8064	8.0324	8.2126	8.1414	
CCDC85B	7.73205	7.8098	8.0424	7.8059	8.6337	7.7611	
DDB2	6.4722	7.1652	6.9844	6.6816	7.4229	6.6524	
DDX10	8.87485	8.9097	8.9458	8.444	7.6356	8.3608	
BAMBI	8.13165	7.8708	7.8194	7.6505	7.3922	7.7267	
CEP57	7.92815	7.1728	8.4607	7.9945	8.916	7.6001	
HADH	9.27215	9.3197	9.5714	9.5519	9.135	9.4914	
RAB31	7.85045	9.1531	7.3266	7.4229	7.9391	7.8004	
ABCC5	5.4379	9.0751	5.2951	5.4395	5.1606	5.7585	
GLRX	9.94045	9.2486	9.5715	9.9727	11.5126	10.1154	
MVP	11.3149	11.361	11.5926	11.6993	11.8471	11.8127	
RFC5	10.3942	8.1033	8.7973	8.8218	8.4542	8.7838	
HES1	8.80055	6.5282	6.5137	6.6684	7.0154	7.896	
STMN1	11.0851	11.1411	11.0378	11.0796	10.8083	11.1173	
GALE	8.49085	8.7312	8.9657	9.4838	9.6862	9.1752	
KLHL9	8.97425	7.9964	8.1667	8.5344	8.2523	8.2343	
PTPRF	10.5634	9.7516	9.9952	10.0953	10.2202	10.6276	
UBE2J1	8.91095	9.0472	8.8381	8.5879	9.503	9.1958	
PGM1	9.26625	9.3154	9.0079	8.7648	8.1792	8.6624	
SLC37A4	6.17045	6.9229	6.6087	6.7773	6.5634	6.3756	
LOXL1	11.8563	12.649	12.602	12.6008	10.6159	11.9121	
PLK1	9.85905	10.2809	10.4796	11.0763	10.2739	10.0231	
MYO10	9.7648	9.5065	9.7821	9.545	9.6448	9.5148	
NPRL2	8.2202	7.5811	8.0167	9.3675	8.5253	9.3014	
LIPA	8.40695	8.8453	8.5517	8.6988	9.0963	8.8417	
PWP1	10.5711	10.2718	10.8357	10.2537	10.049	10.497	
PHGDH	11.1419	11.6831	10.9843	11.5733	10.2202	10.6976	
PLEKHM1	10.8929	9.4463	11.3948	10.5874	11.6559	11.2759	
ST7	6.3376	6.5961	6.5542	6.3475	6.2127	6.2981	
VAT1	9.2279	10.2446	9.7201	9.1038	11.135	9.9169	
IKBKB	7.4774	7.1262	7.0335	7.3417	7.8198	7.5851	
KIF20A	9.11735	11.2256	11.4978	11.5695	11.2332	11.361	
CDH3	4.54485	4.1365	5.0723	4.5128	5.7821	5.5497	
PCM1	6.71655	8.2164	7.6436	7.3509	6.37	7.1622	
IER3	10.0464	10.1317	9.9107	10.0058	10.6276	9.7698	
SSBP2	6.38435	5.5197	5.6249	7.0576	5.8458	5.6185	
FAT1	9.95645	9.0539	10.1763	9.9732	9.5594	9.887	
SNX11	8.23455	7.0154	6.4467	7.6241	5.8054	6.5359	
RNMT	8.73605	8.9802	8.8121	8.8597	8.8169	8.7457	
SFN	6.09645	8.0628	7.8263	8.7896	6.9337	6.9645	
EGFR	6.4297	6.5218	7.1879	5.953	6.3199	5.7517	
RFX5	8.05685	7.9113	7.9282	8.1125	8.5864	8.1082	
NET1	8.77355	9.5128	8.7445	9.4158	9.0681	9.2172	
PKIG	8.9856	8.6624	9.4576	8.7457	8.5107	8.7073	
DECR1	8.9275	9.4759	9.6712	9.688	9.8919	9.523	
FSD1	9.3214	9.0851	9.3629	9.1868	9.4158	9.7225	
ATP6V1D	11.187	8.2973	11.011	10.6377	9.9913	11.0796	
CDK6	5.69525	5.909	5.8678	5.4807	4.5259	5.2875	
CDC45	10.2259	10.0253	10.1494	9.8201	10.5382	8.67	
NPC1	7.92865	8.1119	8.5503	8.1813	9.884	8.3022	
EDEM1	11.3785	8.7396	8.8736	9.5125	9.4347	9.5416	
MEST	13.5364	13.2881	12.9863	13.2881	14.1491	13.5432	
MYLK	7.8093	8.8527	9.0437	8.6088	8.2523	8.4515	
PAFAH1B3	10.091	9.7294	10.0078	10.3433	10.1059	10.581	
CALU	11.9025	12.2546	12.0278	12.5322	11.8186	11.8187	
USP6NL	7.1739	10.9708	7.1343	12.2052	6.9064	6.7455	
LGALS8	9.6775	8.1322	8.2523	11.1395	9.0527	8.7527	
NT5DC2	12.2222	11.1926	12.1666	11.1354	10.8516	11.7159	
CCP110	8.4461	10.4362	8.306	8.5655	7.9708	8.8092	
LRP10	10.8188	9.878	10.5876	10.5414	10.6292	10.6898	
ATP1B1	10.8215	10.9487	11.1404	10.9468	10.2987	10.8118	
STK10	6.00985	6.5007	6.1574	6.3014	6.8929	6.4261	
OXCT1	9.4301	9.3824	9.3785	9.313	9.0122	9.1478	
UGDH	9.8001	10.1287	10.7393	10.8279	9.8141	10.4487	
SLC25A4	10.6496	10.2933	10.8626	10.2764	9.7272	10.5609	
SQRDL	6.24185	10.8902	6.6816	6.4753	7.1427	6.7105	
HEBP1	8.4121	7.9847	8.9856	8.4802	8.2793	8.4768	
PSMB10	8.5573	8.7973	8.1465	8.5047	8.9826	8.4975	
ASCC3	7.1003	8.287	7.7113	7.6668	6.3304	6.7248	
FGFR4	7.62075	8.2737	6.6753	6.0995	5.1176	7.4611	
CDKN2A	13.6553	13.3347	13.5886	13.6773	13.7675	13.8273	
TRAM2	8.8448	9.7302	8.9993	8.775	7.8568	8.5758	
ATP11B	9.2878	8.3814	9.0108	9.881	10.5133	9.6639	
PYCR1	9.97735	9.9254	9.8605	9.4941	8.0464	9.4271	
CD320	10.3623	10.826	10.8902	10.7512	9.7028	10.3423	
NCOA3	8.72705	8.2973	8.9752	8.9574	9.1669	8.8322	
CDKN1B	10.7616	8.2049	10.8087	9.6341	11.3163	10.6377	
POLD4	7.96995	8.2126	8.2932	8.1093	8.3097	8.3319	
FOSL1	10.1271	10.073	10.2933	10.7215	11.0583	10.9622	
MLLT11	8.95715	10.4837	9.0885	10.2699	7.2706	8.5923	
CEBPZ	10.4382	9.4176	9.0527	9.3148	8.8482	9.5103	
PRKACA	11.4782	10.451	11.1951	11.1632	11.5849	11.6559	
GAPDH	14.8579	15.0	15.0	15.0	15.0	15.0	
CBR3	7.00965	8.2208	7.5477	7.5477	6.8562	6.3756	
LYRM1	4.6611	5.2896	4.8262	5.5713	4.7753	4.6959	
