gene	0.04uM	0.12uM	0.37uM	1.11uM	10uM	3.33uM	
PSME1	9.8349	10.0899	10.0519	10.0641	9.8275	9.9862	
CISD1	11.1407	11.3728	11.543	11.2132	10.8622	11.2013	
VDAC1	8.47275	8.4657	9.0943	8.6868	9.2837	8.8539	
SORBS3	4.40245	4.6538	4.0871	4.8435	4.5033	4.2758	
SPDEF	8.45445	8.3047	8.1909	8.3875	7.7173	8.2179	
ATF1	8.9165	9.1322	9.6367	9.4578	9.4234	9.3908	
SPAG4	6.70905	4.9925	4.6922	4.8195	5.0543	4.9775	
E2F2	4.77755	5.0238	4.6422	4.6162	4.5052	4.6422	
RHEB	11.6089	12.0399	11.8089	11.8089	11.9914	11.9036	
IGF1R	5.78435	5.7007	6.1932	5.794	6.1703	7.1438	
SLC5A6	8.86935	8.9607	8.7744	8.8182	8.9817	8.869	
FOXO3	5.35685	5.6577	5.2261	5.5689	6.2794	5.7272	
RGS2	10.7314	11.0559	11.4071	11.1281	10.5503	10.9156	
GSTM2	4.494	4.1209	4.1209	4.1822	4.4222	4.2592	
SCYL3	6.1795	6.1529	6.6366	6.228	6.4801	6.3401	
RHOA	8.7793	8.1516	8.1459	8.014	8.3064	7.8015	
TBX2	4.53255	4.4191	4.5884	4.4419	4.2607	4.294	
DNAJA3	14.085	13.609	13.2524	13.9281	13.4991	13.609	
IL1B	5.8192	5.4856	6.4277	6.3821	5.5274	5.9926	
ASAH1	8.4307	8.6969	9.3193	9.0387	9.1053	9.0665	
DCUN1D4	7.98065	7.2504	7.4596	7.6518	7.748	7.6057	
DYRK3	6.91915	6.9189	7.0221	6.8125	6.6688	7.0595	
RALA	8.0718	8.5251	8.5204	8.4932	8.7578	8.5349	
ARHGEF12	6.32785	5.9362	6.7786	6.1389	6.3117	5.9293	
POLG2	6.93055	6.9859	7.3884	7.3228	7.7013	7.9218	
SOX2	7.10935	6.8364	6.307	7.0591	7.0991	7.0196	
TRAPPC3	11.0988	11.3763	11.006	10.817	11.2981	11.3728	
SERPINE1	4.2702	4.0765	4.3339	4.0871	3.8352	4.0457	
TCFL5	5.89565	6.1703	6.4183	6.2171	5.8697	5.7885	
CRK	8.4306	8.4885	8.6052	8.2832	8.7882	7.9192	
HLA-DMA	6.17345	5.9841	6.1058	5.7078	6.5241	5.9534	
EGF	4.6268	4.14	4.456	4.5594	4.2697	4.7775	
RBM34	10.3404	10.7108	10.7196	10.8648	10.972	11.1052	
ITGB1BP1	9.80575	9.912	9.8617	9.9722	9.755	9.9722	
SPTLC2	4.7596	5.127	5.2569	4.7994	5.2026	5.2491	
ACLY	10.378	9.9371	10.1249	9.5941	11.7402	9.7919	
APP	13.7507	13.8371	13.7372	13.5828	13.7372	13.6642	
RAD51C	7.53125	7.5954	7.5977	7.4928	7.0423	7.8047	
TSKU	6.1358	6.3045	6.7402	6.2501	6.1587	5.9151	
SMC1A	10.1336	9.9475	10.4355	10.2893	10.1448	10.6105	
TMEM2	9.03265	9.4931	9.2033	9.029	9.5485	9.2124	
NOS3	4.15485	4.14	4.6931	4.5033	4.2487	4.3134	
YME1L1	8.5983	8.2003	8.5821	8.5427	8.5442	8.6219	
ACAA1	6.70225	5.6849	6.2031	6.3787	6.4177	6.4543	
CSNK1A1	7.5362	7.3404	7.5104	7.2419	7.9413	7.5104	
HSPA8	10.9321	10.4613	11.2715	11.0185	10.8766	10.1509	
NFATC4	6.59215	5.9031	6.034	6.5335	5.2848	6.0792	
CCNB1	12.6847	12.5929	12.4822	12.4375	12.5305	12.6795	
TBP	7.81055	8.4277	8.6944	7.9206	8.0449	8.3184	
SLC2A6	7.94805	7.1612	7.1841	7.9832	7.7382	7.4378	
WFS1	7.31775	7.2308	6.8907	7.3984	7.3052	7.2749	
EZH2	9.02085	9.289	9.0235	9.2552	8.8714	9.3112	
UBE3B	8.99515	8.6299	9.5485	8.621	8.889	8.6837	
ICAM3	5.82355	5.6707	6.351	5.9362	6.0466	6.0032	
NPDC1	12.2164	11.9329	12.2128	11.8898	12.4822	11.9727	
ALDH7A1	7.54715	7.4265	7.4889	7.6109	7.5911	7.1209	
BRCA1	5.56955	5.9783	6.3984	6.591	5.9293	6.5034	
NFATC3	7.0227	10.2555	11.0083	10.655	10.7656	10.7818	
PSMD4	10.7717	10.8648	10.9899	10.6654	11.1101	10.7584	
PCNA	13.2697	6.8954	13.4991	13.3177	12.9748	13.1317	
PHKG2	7.0159	6.8072	6.7477	7.209	6.7982	6.9871	
ETV1	6.1497	6.1836	6.0846	6.0789	6.2131	6.6116	
POLR2I	9.65005	8.6677	9.4862	9.7039	9.3702	9.4203	
KDM5B	7.5695	7.0196	7.3316	7.1433	7.464	7.0221	
PSMB8	7.93605	9.1157	8.7102	8.6978	9.0387	8.2703	
AKAP8L	7.66015	6.3989	6.3696	6.5604	6.788	6.5721	
COG4	9.1676	9.0921	9.2104	9.1067	9.4931	9.34	
MCM3	10.8235	10.8152	10.8564	10.6502	10.1389	10.4061	
PLEKHJ1	9.0497	8.8014	8.4556	8.6399	8.609	8.6042	
HAT1	9.74655	9.4172	10.1649	9.9788	9.4269	9.5485	
TERT	6.1006	5.86	5.5348	6.282	5.8596	6.1086	
G3BP1	10.1322	10.4495	10.9198	10.5105	10.3747	10.4826	
SNX13	9.2767	8.5184	8.1139	8.6353	8.2132	8.7735	
PAK4	8.33585	8.3708	7.8407	7.8035	8.0565	8.3014	
TPD52L2	8.40335	7.7067	7.7926	8.0385	7.8669	7.6525	
DPH2	8.15655	8.713	8.5523	8.677	8.6477	8.6978	
PIH1D1	8.2088	7.8914	7.5552	7.5808	7.5086	7.4031	
PRKCQ	4.8002	5.3281	5.645	5.2085	4.7775	5.2981	
SNX6	9.9927	9.9688	10.4814	10.3669	10.2259	10.1389	
EED	7.18295	7.2047	7.6518	7.5763	7.2575	7.298	
SHB	9.47115	9.4602	8.5898	9.9166	7.4378	9.1829	
UTP14A	8.6905	8.369	9.0448	8.5704	9.0822	8.6469	
WIPF2	8.68645	8.9817	8.5389	8.811	8.974	8.9048	
NENF	10.8977	11.2002	11.3763	11.2431	11.2366	11.0969	
TSEN2	7.0303	7.4139	7.7949	7.7326	7.3662	7.7522	
RPN1	13.1325	13.3768	13.1512	13.0416	13.0105	13.1098	
SUV39H1	7.88585	8.3766	8.4175	8.0701	8.0263	8.4932	
C2CD2L	5.15595	5.0669	4.9993	4.945	5.1139	5.0745	
LYPLA1	8.69725	8.6469	9.8668	9.249	9.394	9.0768	
BIRC2	7.9009	9.0853	8.811	9.1217	8.2122	8.811	
GABPB1	7.82355	8.1139	7.975	7.9947	8.5228	8.3064	
MAP2K5	7.45915	7.8082	7.3688	7.4139	7.3739	7.5244	
POLR2K	10.1723	10.3283	10.6421	10.5514	10.4407	10.3793	
PTK2B	8.3667	8.3396	8.3411	8.544	7.8564	8.2078	
PUF60	12.3472	12.2788	12.3153	12.153	12.3153	12.3481	
DHRS7	10.7969	11.2356	11.3728	11.4572	11.7928	11.5213	
PAF1	8.58135	7.9469	8.0628	8.2043	8.2857	8.1324	
ARID5B	7.35815	6.6333	6.4986	7.3655	6.3787	7.378	
POLR1C	9.56505	9.2417	8.8184	9.36	8.6356	9.1404	
PAK1	5.1146	5.3581	4.9508	4.9245	5.3994	4.9167	
RUVBL1	11.2039	10.723	10.806	10.846	10.3068	10.6913	
AKT1	10.9844	10.9883	10.6673	10.481	10.1286	11.1281	
CDC42	11.4977	10.9663	10.1912	11.0768	10.5798	10.5494	
IGHMBP2	9.70375	9.53	9.0768	9.4119	9.3412	9.2681	
SENP6	8.5494	8.7288	9.1664	8.6164	8.7685	8.3539	
ADO	6.6176	7.0075	7.5785	7.2046	7.4504	7.3441	
HSPB1	12.7363	12.4159	12.3033	12.3963	12.39	12.2809	
EBP	8.67685	8.6109	9.1191	8.7345	10.2953	8.6052	
TCTN1	7.5856	7.6838	8.105	7.9184	7.8472	7.6732	
AKR7A2	9.928	9.7568	10.2513	10.0054	10.0745	10.0126	
CASK	7.6458	7.5011	7.3823	7.4134	8.374	7.9543	
PPP2R5E	10.0763	10.0419	10.0771	9.7723	9.7919	9.8039	
RRP8	5.9974	6.1737	6.2456	6.1875	6.1058	6.3163	
LAMA3	6.23825	5.987	6.1578	6.034	6.5235	6.3471	
PIK3C3	7.18055	7.6808	8.0813	7.9652	7.876	7.828	
BHLHE40	7.54825	8.0925	8.217	8.0489	7.9328	7.4994	
CCNE2	6.35395	6.5359	7.0713	6.6353	6.0623	6.7295	
BDH1	6.545	6.4622	6.6154	6.9779	7.4354	6.228	
FEZ2	6.06745	5.7993	6.6221	6.1629	6.7155	6.8262	
IKBKAP	9.51125	9.3274	9.034	9.319	9.7408	9.7897	
SH3BP5	6.19555	6.2292	6.2306	6.6713	6.0744	6.3517	
PPP2R5A	10.8525	10.7423	10.5695	10.7343	10.8011	10.7655	
SGCB	8.323	6.3264	6.7734	6.2701	6.5853	6.5106	
EML3	8.4566	7.9725	7.783	7.8548	7.8548	8.0328	
ENOPH1	10.9101	11.0273	11.2468	11.1496	11.0366	11.0945	
BIRC5	12.3592	12.1351	12.11	12.0399	11.4326	12.2788	
CNOT4	6.88215	7.0328	7.0881	7.2308	7.1953	7.3052	
EPRS	10.7083	10.8985	11.0424	10.8511	11.3237	11.1144	
SNAP25	4.2069	4.4322	4.6345	4.1394	3.8718	4.6422	
JMJD6	11.3616	11.5398	11.7173	11.6951	11.7313	11.83	
PAX8	5.59405	5.5249	5.241	5.4765	5.4294	5.4884	
CBLB	5.47065	5.5274	5.5553	5.7294	5.9821	5.5344	
SLC35F2	9.01505	9.029	9.2188	9.0809	9.1335	9.2164	
ANO10	6.03715	6.3647	5.7352	5.7705	6.2306	6.0152	
PDS5A	9.2919	9.5939	9.8305	9.7175	9.6737	9.7424	
DFFB	6.23125	6.0095	6.1464	6.0266	5.8383	6.1427	
STUB1	12.442	12.1844	12.0141	12.2378	11.4596	12.1706	
PGAM1	12.7467	12.5649	12.7585	12.4861	12.2075	12.153	
TGFB3	5.86515	6.241	6.3628	6.1956	5.5901	5.7851	
BAD	8.51245	8.367	8.5376	8.2603	8.1009	8.4344	
XBP1	10.196	10.16	10.112	9.7944	10.0787	9.8359	
NMT1	8.42495	7.9563	7.5375	8.1098	7.7565	7.5239	
PSMD10	9.1287	9.2998	10.2581	9.7747	9.8765	9.315	
ARFIP2	10.5763	10.4224	10.4674	10.1357	10.8349	10.1065	
RAB11FIP2	7.92935	8.1831	8.3644	8.1334	8.2677	8.2254	
FPGS	8.48215	8.5657	7.8127	8.1686	8.2559	8.4213	
STAMBP	9.3044	9.3541	9.7897	9.6313	9.6115	9.5152	
PRKX	6.84115	6.3628	6.3984	6.056	6.3257	6.2587	
RNH1	9.81005	9.3461	9.1942	9.0452	9.5387	9.8765	
ATG3	8.54095	9.3979	9.075	9.111	8.9276	9.7077	
FAH	6.72355	6.2013	6.125	6.334	6.045	6.2587	
NCK1	8.95935	9.3746	8.6373	9.3655	10.6654	10.6824	
PLP2	9.87235	9.5387	10.2371	9.7195	9.1935	9.0604	
CFLAR	7.57655	7.3041	7.7598	7.7522	7.4458	7.2046	
SOX4	8.34875	8.0669	8.0328	7.5839	8.7057	8.4778	
HEATR1	9.90815	9.933	8.7363	9.1942	9.963	9.8853	
TESK1	9.55355	8.9349	8.9965	8.7557	8.4277	8.5771	
HN1L	8.1375	8.0818	8.1666	7.7704	8.307	7.9783	
WDR7	6.85665	6.3517	6.4333	7.0008	6.8932	7.3316	
AKAP8	8.21755	8.7709	8.2252	7.8256	8.3597	7.875	
RRAGA	8.3374	8.2018	8.298	8.3597	8.6632	8.2603	
ELOVL6	6.128	6.5656	7.1367	6.8854	7.131	6.8932	
SLC1A4	5.8817	5.628	5.1139	4.9688	5.2261	5.4128	
ACBD3	7.50745	7.7721	7.4354	7.0603	7.8602	7.4064	
GRWD1	6.9945	7.1546	7.7484	7.5915	7.0721	7.1163	
PMAIP1	5.8471	5.7352	6.3401	5.8962	5.6117	6.3133	
STAT1	8.3173	8.4463	8.6109	8.6847	8.9326	8.7633	
FOXJ3	9.24775	9.7124	9.8765	9.6633	10.122	9.9809	
TWF2	8.1198	7.9453	7.8902	7.8279	7.876	8.2211	
HDAC6	7.98355	8.0541	8.2409	7.9369	8.9405	7.9169	
MTERFD1	9.66905	9.7189	10.1958	9.9317	9.7175	9.8315	
CCND1	7.95475	7.3445	8.1643	7.4504	7.5957	7.8902	
CHIC2	6.92285	7.5481	7.7543	7.6809	7.9551	7.5915	
PXN	12.2835	12.1953	11.986	12.2643	11.9479	12.1351	
USP7	6.10445	6.0299	6.2365	6.0612	6.6353	6.2453	
NOSIP	7.0743	7.5086	6.9157	6.9982	7.4994	7.2904	
PHKB	8.2045	8.5601	8.2745	8.3667	8.6873	8.8674	
DLD	11.2973	11.7928	11.5321	11.7173	11.6126	11.8571	
NFKBIB	5.59915	5.7224	5.79	5.8207	6.0858	5.6593	
CASC3	9.1732	8.943	9.1191	9.0996	9.5065	9.1398	
IDE	6.26625	6.0152	6.3221	6.1108	6.0732	6.1443	
CD40	11.8352	10.0912	9.6541	10.0176	9.3838	9.5729	
MLEC	12.4957	12.1018	12.3116	11.6706	11.9542	12.0282	
GLI2	5.00195	5.2026	5.2569	5.4399	4.8506	5.1906	
PRPF4	7.7458	7.7013	7.7214	8.2618	7.9854	8.0639	
MELK	10.5866	10.772	10.7925	10.8789	12.335	11.0642	
USP22	11.8352	11.4138	12.1263	11.8571	11.7713	11.986	
DAXX	8.5779	8.4073	7.9854	8.0107	8.082	8.3678	
TMED10	12.1713	12.4137	12.4601	12.4159	12.6887	12.4712	
CHERP	9.0055	9.1737	9.0353	8.7791	9.075	8.9911	
SMAD3	7.6144	7.7687	7.8868	7.9267	8.4526	8.2832	
OXA1L	11.6526	11.3516	11.7131	9.6424	12.153	11.543	
PIK3CA	8.4465	8.4238	8.0639	8.9992	8.3761	8.7882	
SNX7	7.7903	9.42	9.6072	9.7837	9.261	9.6649	
TRAPPC6A	8.21285	7.695	7.4242	7.7326	7.8979	7.4297	
ATP2C1	8.77605	9.2662	9.2789	9.2334	9.3908	9.3063	
CDCA4	9.55855	8.6133	9.0099	8.6944	8.7834	8.9077	
TBC1D9B	7.8449	8.155	8.2857	8.362	8.6547	8.5228	
USP14	7.9159	7.7767	7.5695	7.5695	7.8868	7.6313	
APPBP2	7.2868	7.1267	7.9623	7.5697	7.7903	7.783	
CDC20	13.6181	13.6075	13.9264	13.7378	13.2142	12.8203	
NARFL	9.025	8.2858	7.5661	9.1825	7.6216	8.013	
RPS6	14.6889	15.0	14.5656	14.5656	14.5656	14.8122	
DDX42	8.3674	8.7304	9.0407	8.6591	8.6995	8.7044	
ECH1	11.7563	11.5537	11.2614	11.2555	11.839	11.2868	
HDAC2	9.9352	10.0282	10.1002	9.7189	9.6506	9.6914	
IKBKE	5.32755	5.3994	5.3802	5.5244	5.5689	5.7705	
CCL2	12.0576	12.1263	12.1042	11.7928	11.4428	11.8611	
DFFA	9.37615	8.9669	8.6929	9.4576	8.8362	8.3903	
MRPL19	9.87175	10.408	10.5466	10.5641	10.1984	10.795	
WDTC1	7.34865	7.5568	7.3192	7.333	7.8161	7.4748	
PLSCR3	7.0443	6.9937	6.9189	7.0762	6.9463	6.974	
SUZ12	10.6827	10.7037	11.1058	10.7872	10.5931	10.6332	
CSNK2A2	8.28635	7.6838	7.7377	7.9514	7.6133	8.0393	
H2AFV	8.1818	7.2525	7.4127	8.3177	7.0172	7.3039	
NUSAP1	10.8401	11.0535	10.5924	10.772	10.3301	10.729	
TICAM1	6.36135	5.5715	6.5241	6.5762	6.2957	5.9937	
FAM69A	10.7703	10.082	9.9743	10.9017	9.3804	10.0968	
KIAA0100	8.68755	7.8902	8.7508	8.2126	8.8784	8.5601	
PAICS	8.50435	8.3372	8.5305	8.1115	8.2026	7.8508	
SRC	6.3264	8.3102	4.8357	4.4419	5.4559	4.7527	
BMP4	7.68725	6.9692	7.0347	7.7286	6.7178	7.3325	
CDK2	10.0483	10.1865	9.765	9.8911	9.2334	9.7522	
EDN1	8.858	8.2562	8.2026	7.906	7.7165	8.1698	
XPO7	7.14785	7.2083	7.7354	7.7961	8.2797	7.4764	
FAIM	8.6857	8.6873	9.2098	8.8824	8.8891	8.841	
KIAA0494	10.4095	10.6024	10.5461	10.2341	10.5606	10.4152	
PXMP2	9.25795	9.2172	9.9385	9.0549	9.3916	12.914	
SQSTM1	12.8923	12.7815	13.0824	13.0824	14.0488	13.0941	
HIF1A	13.4549	13.3603	13.7378	13.5494	13.8406	13.6943	
TIMM17B	12.1189	12.39	12.335	12.4623	12.4969	12.5131	
STXBP2	7.6691	7.3354	7.9267	7.7854	8.0568	7.8683	
WRB	8.3377	8.7144	8.367	8.4885	8.4909	8.4348	
ETFB	10.1747	10.0495	10.2729	10.2781	10.3402	10.4907	
MNAT1	8.39485	8.6427	9.4217	9.0426	8.8472	8.9515	
CAMSAP2	11.1292	10.6373	10.6258	10.709	10.6772	10.831	
HPRT1	10.5476	11.0702	11.604	11.6115	10.3696	11.2002	
ARNT2	13.1026	12.4698	11.918	12.6583	11.4019	12.194	
RRS1	7.4402	7.3823	7.4322	7.1163	7.2832	7.3984	
ADAT1	7.1283	7.3236	7.0121	7.4753	6.7698	7.3192	
SPAG7	9.40155	9.319	9.5025	9.2552	9.5887	9.2582	
MAPK1IP1L	9.54615	9.5671	9.5246	9.5152	9.5152	9.8174	
SCAND1	11.0128	10.5461	10.7395	10.6291	11.0909	10.5845	
MFSD10	10.4298	9.7017	9.9879	9.9243	10.4907	10.2581	
MSH6	9.8414	9.963	10.3488	10.1941	9.639	9.7712	
COPS7A	12.2932	12.4496	12.2809	12.4353	12.7395	12.4174	
UBE2C	5.25545	5.3327	5.0008	5.127	4.8309	4.8244	
FIS1	9.8666	10.1343	9.8118	10.2828	10.3029	10.3402	
HS2ST1	6.7407	6.8738	6.8534	6.762	6.7786	6.9558	
NUDT9	8.9238	9.1715	9.2496	9.4234	9.6038	9.5554	
TXLNA	11.2875	11.6798	12.1953	11.9479	11.7809	11.6611	
CSRP1	13.4491	13.2953	13.8406	13.6779	13.4334	13.5828	
DNAJB1	9.5607	9.6038	9.6453	9.7378	9.6638	9.7189	
METRN	6.6622	6.5853	5.8444	5.8293	5.8842	6.0858	
TOPBP1	8.6674	8.764	9.2662	8.9326	8.3539	8.7508	
ABCF1	10.8087	10.122	9.8899	10.1315	10.1315	10.1433	
TCTA	8.4578	8.1658	8.5471	8.3792	8.617	8.5661	
LGMN	8.81265	8.877	8.897	8.3924	8.8116	8.614	
TLK2	9.0415	9.0665	8.9862	9.444	9.2522	9.3655	
KIAA1033	9.25	9.6264	9.6914	9.5856	10.0604	9.8003	
PTGS2	4.72935	4.5266	5.0867	4.8811	4.7527	4.6988	
DNAJB6	10.7317	10.3777	10.9503	10.1023	10.4623	10.1315	
PLA2G4A	11.4858	11.1052	10.4982	11.332	10.5903	11.2974	
MAT2A	12.2856	12.2643	12.2643	12.1706	12.2378	12.2401	
TLR4	4.07345	3.8271	4.0393	4.1054	4.1807	3.9893	
HMGCS1	8.2094	8.5741	8.4916	8.5881	12.7585	8.4818	
MBTPS1	7.55005	7.5325	7.9947	7.8902	8.3177	7.8502	
SPRED2	10.1136	9.3916	9.3185	9.9505	9.2482	8.6356	
ZNF274	7.55715	7.5993	7.7266	7.6	7.8201	7.5552	
CLIC4	10.4864	10.8766	11.0702	10.6673	11.1669	10.8766	
MAP7	8.00415	5.6254	5.8383	5.4128	5.8852	5.3868	
CHAC1	8.96075	8.6735	8.9276	9.334	7.3933	9.0539	
EIF4G1	9.9907	9.8853	8.841	9.1618	9.8604	9.9785	
BTK	3.74675	3.5984	3.9249	3.8139	3.8866	3.7544	
GNAS	8.49475	13.4334	13.2953	13.3603	13.4442	13.3882	
MYL9	6.9958	6.7347	7.0196	7.2178	6.7284	6.86	
TEX10	6.7847	7.3939	6.9573	6.6796	6.86	6.8646	
PSMD2	12.398	11.9479	11.9914	12.1351	11.9668	12.0849	
ZNF586	5.52165	5.3179	5.7831	5.6323	5.2487	5.0978	
CLTC	12.048	11.8611	12.2378	11.83	12.3709	11.9024	
IKZF1	3.98655	4.1819	4.3657	4.0765	4.2607	4.0575	
APBB2	7.13375	8.9326	6.6043	7.1218	6.6059	6.5423	
HSD17B10	11.6004	11.5225	11.3924	11.6884	11.5202	11.628	
RNF167	9.52625	9.9596	9.3574	10.1002	9.7343	9.2956	
STX1A	9.03495	8.5925	9.0161	8.9911	9.4353	9.4353	
ALDOA	8.7935	8.1043	8.8555	8.1876	8.4426	7.9236	
EPHA3	4.7509	4.4097	4.6484	4.6931	4.9167	4.4322	
STAT5B	4.7009	4.6272	4.7527	4.4858	5.2018	4.8829	
TXNDC9	9.31005	9.4864	10.2828	10.1649	9.6995	9.8911	
CCNA2	9.5682	9.5085	9.9862	9.9758	9.4764	9.9213	
VGLL4	10.0702	9.4694	9.4353	9.6822	9.5523	9.4899	
CASP10	7.76685	6.558	6.558	6.6974	6.5396	6.7477	
SDHB	11.649	11.918	12.1552	11.8426	12.0141	12.0063	
ETS1	6.37495	6.1686	6.0825	6.3257	5.9178	6.7297	
YTHDF1	8.2589	8.0393	8.2018	7.7165	8.1459	7.6261	
FOXO4	5.9632	5.9611	5.7489	5.6901	6.5335	6.0499	
LSM5	12.6768	12.9327	13.0373	12.6161	12.8199	12.9748	
TOMM34	8.1975	8.4454	9.1804	8.8675	8.4348	8.6958	
ZMYM2	9.5727	9.9617	10.1649	10.2105	10.3522	10.2105	
CHMP6	5.5505	5.3061	4.9752	5.4884	5.3686	5.5978	
KIAA0907	9.91665	10.3226	10.2781	10.0943	10.3603	10.1436	
CASP7	7.9606	7.9384	8.2296	7.7961	8.609	8.0925	
HK1	6.04995	6.0667	6.334	6.0968	5.7952	5.6374	
PAPD7	9.79535	10.1243	10.0419	11.226	10.1243	10.2719	
PIGB	10.4387	10.6824	10.6866	10.4104	10.6925	10.5724	
CHEK2	8.29715	8.5821	8.963	8.9195	9.092	8.963	
PLOD3	11.2248	10.9984	10.941	10.933	10.5695	10.8289	
ACD	8.27635	7.84	7.9725	8.1317	7.6948	8.4238	
TRAK2	8.07635	8.2968	8.4885	8.3978	8.5896	8.2618	
SUPV3L1	10.2024	9.6756	9.5147	9.8255	8.8822	9.5889	
VAPB	8.1241	8.0751	8.2618	8.3042	8.2521	8.5093	
GPATCH8	7.431	7.4569	7.504	6.9422	7.585	7.6681	
HSPD1	11.0107	10.9496	11.1923	10.9496	10.9198	10.9496	
BUB1B	11.4157	10.846	10.8271	11.0922	10.772	10.9017	
TGFBR2	7.50385	7.7205	7.1267	7.4322	8.1841	7.484	
MRPL12	13.1392	13.0416	13.3882	13.2524	13.0373	13.1512	
NOTCH1	9.46725	9.1442	9.0241	8.9126	8.8693	8.6547	
PNP	10.5967	11.1058	11.3147	11.2868	10.7196	11.2497	
SHC1	11.0786	10.1453	9.8036	10.1419	10.1204	10.2341	
ARPP19	9.34385	9.1564	9.3125	9.2805	9.6001	9.2412	
CEBPA	3.80275	3.9194	3.6662	3.7544	4.5454	4.0075	
PSMF1	9.7025	8.7852	8.4762	9.1595	8.5523	8.6158	
RTN2	10.1777	8.5442	8.8489	9.8936	9.3063	8.0591	
NPEPL1	9.13275	8.9326	8.2211	9.4899	8.5058	8.6592	
USP1	9.13035	9.1372	9.3856	9.0359	8.9156	9.2152	
RPA1	9.74205	9.9935	10.0586	9.946	10.0853	10.0318	
SIRT3	4.5592	5.7705	4.6381	4.7873	4.8741	4.1946	
KLHDC2	11.0005	11.1058	11.0559	11.4183	11.4572	11.4695	
UBQLN2	7.6927	7.9328	8.1777	7.9136	7.9707	7.9049	
DMTF1	7.6418	7.8472	8.2343	8.0946	8.3177	8.2931	
SCARB1	9.5221	9.36	8.7345	8.4643	8.7578	8.3266	
CLPX	8.78625	9.0579	9.143	9.0698	9.4807	9.386	
TPM1	12.3172	12.3493	12.8203	12.5818	11.6054	12.1552	
TM9SF2	8.6694	8.5305	8.9965	8.0813	9.1942	8.7242	
TXNL4B	7.8734	8.0316	7.7454	7.6576	7.9023	8.1925	
ATF6	8.4324	8.8373	8.9356	8.5978	8.9704	8.8236	
PRR15L	7.17595	6.2031	6.4378	7.1694	5.9371	6.7402	
NUP88	10.2342	10.1963	10.4014	10.1509	10.3542	10.2379	
ST6GALNAC2	5.3754	5.3779	5.5725	5.4856	5.555	5.5274	
ADH5	10.3989	10.3402	10.8349	8.5701	10.7395	10.4982	
FUT1	7.37095	7.6104	7.1546	8.0154	6.9941	7.5106	
GOLT1B	11.4487	11.4826	11.9036	11.9329	11.7742	11.8089	
PRUNE	5.99215	6.6043	6.2601	6.1497	6.3641	6.1204	
PPOX	10.142	10.3719	10.1023	10.6856	9.7219	10.3301	
SYPL1	12.257	12.3709	12.3463	12.1263	12.3925	12.2291	
CANT1	10.9658	11.1216	10.9244	11.1052	11.2521	11.2264	
ZNF451	8.1343	8.6921	8.511	8.3835	8.9715	8.7517	
HOMER2	6.13995	6.3322	6.3057	6.3133	6.3264	6.4687	
RALB	10.0069	9.7712	10.0146	9.8271	9.5206	9.7707	
CLTB	11.5852	10.9557	11.1751	11.0642	10.6291	10.9557	
TRIM13	8.5132	8.5867	8.6099	9.2333	8.1018	8.6868	
FBXO7	7.385	7.2133	7.5915	7.4354	7.6012	7.335	
PHKA1	8.8331	8.7744	8.4847	8.7617	8.7942	8.8389	
CYCS	11.146	10.9017	11.3616	11.2002	10.846	11.226	
PPARD	6.0875	5.5689	5.7522	5.8383	5.7591	5.5344	
ENOSF1	8.0087	8.1334	8.7942	8.5174	8.6751	8.4505	
MAP4K4	6.88385	5.9597	6.6307	6.2275	6.4271	6.6425	
PAN2	5.1366	5.7235	5.0265	5.704	5.4574	6.0968	
STAT3	4.96805	4.8864	5.8697	5.5969	5.443	5.6524	
LIG1	8.41105	8.2082	8.3177	7.7266	7.8127	7.9341	
PPIC	7.8449	8.8496	9.0822	8.3427	8.7471	7.9901	
EIF5	11.3352	11.3236	11.5063	11.6564	11.5213	11.4415	
GNB5	8.85705	8.6804	8.9802	8.7761	8.8363	8.9182	
GNAI1	5.6456	5.5974	6.9902	6.132	7.0535	6.2827	
INSIG1	7.6086	7.622	7.4994	7.4447	10.5212	7.8152	
DNMT3A	8.27455	7.7286	7.669	8.5997	7.3613	7.9142	
TM9SF3	9.46115	9.2526	9.3509	9.2124	9.7759	9.8428	
CCDC86	9.07755	9.7798	9.4674	9.7648	9.8651	9.8524	
HIST2H2BE	9.05025	7.2893	7.3108	8.18	8.31	7.932	
S100A4	11.803	11.628	11.2991	11.2715	11.0535	11.2715	
SLC25A14	7.26305	7.5444	7.6261	7.7854	7.6631	7.504	
KTN1	11.4344	11.0472	10.7037	11.0782	10.9465	10.8648	
TBXA2R	6.95045	6.2901	5.2548	6.7028	5.7705	6.6043	
ARHGAP1	8.9219	9.1664	9.1497	9.3746	9.3112	9.1217	
FBXO11	4.78705	4.5758	5.1778	4.8905	5.0543	5.0983	
HERPUD1	8.5307	8.3875	8.3723	8.155	8.621	8.4875	
LPAR2	6.49475	6.1932	6.3133	6.71	6.1956	6.5783	
COASY	7.75785	7.3696	7.8201	7.6579	7.7231	7.7775	
RPL39L	4.7969	4.7335	5.391	4.9925	5.2166	4.8357	
BPHL	8.36495	8.7044	8.6836	9.1715	8.18	8.8555	
RASA1	6.5373	6.7665	7.1901	7.2828	7.2047	7.0816	
ATMIN	7.70175	7.7648	8.1426	7.8902	8.3343	8.234	
MAPKAPK3	7.4198	6.788	6.5643	6.8441	6.8996	7.1014	
CASP3	9.08615	9.143	8.6187	9.2051	9.0966	9.3916	
MBOAT7	10.2819	10.1743	9.3112	9.5214	9.7712	9.1497	
PNKP	7.49095	8.0489	7.2196	7.3901	7.8119	7.6402	
PSME2	10.8614	11.1823	10.9883	11.1001	10.9557	11.5321	
NISCH	7.12675	7.2736	7.2256	7.5058	7.6089	7.3696	
SLC35A3	7.08015	6.7954	7.8256	6.9157	8.0813	7.6273	
CPSF4	9.91695	9.946	9.8187	9.9162	10.0701	9.6737	
LSR	8.03215	7.7266	7.3039	7.5115	7.4156	7.5695	
COPB2	11.2573	11.2468	11.3497	11.2777	12.0282	11.3875	
MEF2C	4.7234	4.8629	5.3179	5.2287	4.9993	4.8195	
GADD45A	8.93945	8.7736	8.8012	9.0718	9.0201	9.1715	
KDM5A	7.28895	7.5244	7.2351	7.4242	7.6504	7.2621	
FAM63A	8.1003	7.5456	7.1049	7.0385	8.2968	7.2046	
SMNDC1	8.82925	9.0532	9.1511	8.9778	8.9372	8.9131	
NUDCD3	8.24025	7.9595	8.4236	8.0459	8.6285	8.0459	
RAB4A	10.2873	10.3095	10.9059	10.5792	10.2756	10.1101	
FGFR2	8.4206	7.4367	7.0535	8.398	6.8441	6.912	
IFRD2	11.2933	11.1797	11.6611	11.4695	11.1058	11.3187	
BACE2	5.39875	5.5139	6.101	5.5715	5.7613	5.8119	
HMGCR	10.2541	10.1002	9.8853	10.0092	11.6564	9.6633	
LYN	4.6688	5.0977	4.8455	4.9993	4.9014	5.2934	
SLC35B1	10.9365	11.0788	11.1479	11.0347	10.9156	10.9663	
ISOC1	8.3365	8.31	8.6518	8.4118	8.2179	8.6158	
TIMP2	7.5435	6.8822	6.8125	6.8369	6.8108	6.9692	
DUSP3	8.46805	9.0387	9.2124	8.8743	8.7044	8.7761	
LSM6	7.86795	8.2166	8.6299	8.2496	7.8548	8.3644	
CALM3	8.6733	7.3514	7.0523	7.6631	6.4433	7.5623	
MOK	6.5743	6.125	6.4417	6.5491	6.9076	6.6264	
PPP1R13B	6.4	5.8001	6.1875	6.4042	5.7112	6.4524	
SACM1L	9.27555	9.7893	9.4662	9.336	9.6806	9.6453	
DNAJB2	9.6667	9.1053	8.9607	8.9214	9.6543	9.0452	
TCERG1	10.6363	10.795	10.846	10.7818	10.4439	10.799	
CERK	7.99115	7.681	8.253	8.3791	7.6525	8.1537	
KIAA0196	9.26815	9.5858	9.4057	9.6756	9.4149	9.6246	
DNM1	7.71545	7.3434	6.878	6.5681	6.6566	6.8199	
LAP3	10.6247	10.1675	10.3301	10.2792	10.3126	10.082	
DDIT4	10.5755	12.5818	12.6355	12.5429	12.11	12.2378	
MAPKAPK5	10.6477	8.8333	8.8333	8.9131	8.9075	8.7923	
ALAS1	10.3351	9.7513	9.7974	10.336	10.4061	10.01	
HDGFRP3	8.34945	8.4119	9.1618	8.8014	8.6241	8.6517	
PAFAH1B1	9.23745	8.9931	8.9048	8.5705	8.5867	8.4998	
PRKCH	5.22835	5.276	5.1624	5.3868	5.3369	5.6849	
PSRC1	9.36015	9.0241	9.0452	9.1564	8.6425	9.0046	
RAB21	8.1071	7.7151	8.2857	8.0568	8.2893	8.1591	
ERO1L	8.13195	7.7462	7.4748	7.493	7.7687	7.5628	
PSIP1	8.3728	8.5738	8.8279	8.3761	8.5396	8.185	
APOE	4.0818	4.2487	6.3294	4.2455	4.0871	4.4345	
CREB1	6.09965	5.8414	4.9267	6.1978	5.732	5.9781	
MBNL2	7.9881	8.3064	8.48	7.666	7.9572	8.6616	
RBM15B	8.88015	8.3177	7.9453	8.2296	8.4026	8.0316	
PACSIN3	6.2548	6.2411	5.5974	5.9227	5.5969	6.2901	
TOMM70A	9.0955	9.4237	9.7261	9.3804	9.3564	9.4979	
CBR1	10.358	10.0201	10.1743	10.0811	10.4224	10.1436	
MTA1	12.0624	12.0141	11.92	11.5915	11.6884	11.6115	
MACF1	11.2843	11.4532	11.6054	11.4826	11.7971	11.5915	
PRKCD	4.9677	4.811	5.0726	5.1695	5.153	5.0625	
CCNA1	4.94385	4.6931	5.1325	5.2026	4.7335	5.1367	
PIK3R4	7.0478	7.2113	7.6057	7.4997	7.7767	7.2382	
CSNK1E	9.18705	9.3017	8.8693	9.4578	9.1686	8.7942	
HIST1H2BK	11.7549	11.9527	12.0789	12.0789	12.7104	12.3463	
JUN	8.5893	8.8903	8.7566	9.2212	8.2501	9.2333	
PCCB	9.73115	10.0291	9.9935	10.1912	10.3825	10.3747	
STAP2	5.7299	5.4945	5.4914	5.9736	5.7648	5.745	
TMEM50A	9.5267	9.7343	10.1448	9.9862	9.9861	10.0246	
PMM2	12.136	11.5027	11.3563	11.918	10.9503	11.2777	
SCCPDH	10.5511	10.7352	10.8511	10.6925	10.6866	10.9332	
HSD17B11	10.7164	10.9805	11.1797	11.0535	10.9198	11.0535	
TSC22D3	8.24025	8.0818	8.4274	8.0976	9.4741	8.4132	
FBXL12	7.1003	6.5163	6.6754	7.0023	7.2487	6.706	
TFAP2A	10.0658	9.4807	9.1647	9.1647	9.0161	8.7735	
WDR61	9.9185	9.7175	9.9017	9.7798	9.708	9.6945	
ZNF395	11.274	10.8773	10.8314	12.5652	9.6945	10.8773	
FAS	4.636	4.5594	5.0067	4.5346	4.3409	5.2658	
VPS72	9.053	7.8169	8.1228	8.4402	7.8011	7.7598	
CENPE	8.0755	8.1459	8.128	8.2817	7.7642	8.6262	
CLSTN1	9.15665	9.289	8.7578	8.7744	8.5971	8.8874	
CREG1	11.5282	11.6951	11.3371	11.4307	11.5398	11.6564	
MAPK9	10.5142	10.6312	10.5903	10.7481	10.6102	10.6789	
PRR7	6.35045	5.9293	5.3611	5.5974	5.3179	5.7885	
SKP1	6.46425	6.9076	7.71	7.1579	7.3785	7.0941	
POP4	8.98175	9.0407	9.1824	9.2332	9.2622	9.3487	
TMEM110	5.7528	5.5086	5.7928	5.745	6.0509	6.3583	
NFE2L2	9.9637	9.5616	9.5953	9.4451	9.8617	9.4272	
ZNF589	8.16335	5.6495	5.7705	6.1563	5.7489	5.987	
BAX	7.8964	7.331	7.2313	8.0278	9.912	7.2395	
BLCAP	9.48795	9.454	9.5684	9.6158	9.6453	9.8731	
CNDP2	9.87035	10.0355	10.1963	10.0486	10.2167	10.1963	
FAM20B	8.05395	7.7275	7.8472	7.7685	7.5614	7.7296	
PROS1	6.7078	6.8056	7.4451	7.2525	7.6057	7.0713	
TNIP1	6.8944	7.5891	7.0095	7.037	6.7461	7.639	
CRKL	12.7508	12.5554	12.4698	12.5649	12.6305	12.5929	
P4HTM	10.8444	10.5171	10.9559	10.6453	11.1629	10.6102	
REEP5	7.9183	7.0762	7.6075	7.1677	7.8307	7.2724	
ZNF318	6.76745	6.7783	6.5853	6.6425	6.9587	6.9573	
BZW2	10.2001	10.1842	10.0912	10.0853	9.8524	9.933	
FDFT1	8.14425	8.8952	8.6469	8.6242	10.9805	8.7736	
CGRRF1	8.50495	8.5376	9.2265	9.1404	8.1972	9.2975	
TRAP1	9.07045	8.8431	8.5778	8.5997	8.8098	8.4406	
AMDHD2	6.6479	6.5611	5.5828	5.8697	6.8692	6.4041	
GTF2A2	12.8323	12.6795	12.5929	12.4822	12.5652	12.7149	
PEX11A	5.1503	4.8357	4.7335	5.276	4.8357	5.311	
PSMD9	9.72965	9.6806	9.7568	9.555	10.0125	9.9241	
GFOD1	4.9667	4.7198	4.7775	5.2548	5.2393	5.5161	
MTFR1	10.6607	10.1448	9.6979	10.2266	9.4143	10.6258	
PECR	7.49175	7.6	7.6576	7.3514	7.5199	7.1798	
UBE2A	10.3305	10.6951	10.729	10.4407	10.817	10.926	
NIT1	11.3465	11.1276	10.7059	11.865	11.0922	11.0366	
SOCS2	7.04635	6.8907	6.741	7.5175	6.8692	7.4091	
SYNGR3	4.2443	4.0143	3.8139	3.6709	3.7477	3.6662	
ZDHHC6	7.6613	7.681	7.547	7.3834	7.2828	7.4783	
ITGAE	9.4159	9.659	10.057	10.1631	10.1357	10.1743	
NFKB2	4.6949	4.7629	4.8244	4.8822	5.1367	4.9415	
STK25	10.3096	10.3696	10.3639	10.4023	10.3095	10.1842	
TMEM5	10.053	10.1159	10.4104	9.87	10.0641	10.7108	
ABCF3	8.8617	9.0448	9.0138	9.1191	9.1511	9.1217	
ATP5S	5.8186	5.5576	6.2193	5.8407	6.4333	6.5082	
FCHO1	5.172	4.8195	4.5975	5.3061	4.6647	5.0085	
NGRN	7.79535	7.4672	8.0243	7.6216	7.6029	7.6093	
HOXA5	7.8365	8.4002	8.3335	7.5628	8.6164	7.8528	
OXSR1	8.49395	7.7962	8.1649	8.1139	7.9992	8.3184	
GRN	9.9777	9.8793	9.5214	9.249	10.7037	9.8549	
SMARCC1	8.9004	8.9195	9.1473	9.1935	9.0853	9.334	
NUP85	10.6831	11.0683	10.8567	10.729	10.3793	11.006	
PAK6	4.68235	5.0067	4.8363	4.7172	4.9348	4.873	
GHR	4.12305	4.3409	3.8609	4.0632	4.4322	4.2592	
GTPBP8	8.7167	9.2107	9.4234	9.4687	9.3285	9.6806	
GLOD4	9.225	9.7253	10.16	9.8315	10.1081	9.7568	
PTK2	11.0347	11.1583	9.6465	10.3747	10.5446	11.4005	
CDK4	11.2592	11.2868	11.2431	11.3147	11.2722	11.3619	
EPN2	8.4606	8.5197	8.4348	9.0071	8.48	8.8863	
CCDC90A	5.98425	6.6194	6.7095	6.6731	7.3512	6.7216	
IL4R	7.33275	7.1612	7.4378	7.6421	6.8542	7.2949	
KIAA0528	10.1488	10.5171	10.4885	10.4752	10.481	10.5602	
PRKAG2	7.45705	7.3696	7.2949	7.2196	7.8548	7.6518	
KIT	4.4696	4.2361	4.6054	4.5969	4.1558	4.3021	
MRPS16	10.6726	10.6453	11.0969	10.4814	10.5105	10.4623	
PTPRC	5.93865	6.5224	5.9496	6.2901	5.892	5.5499	
RPS5	7.0696	6.1058	6.788	6.6333	6.8308	6.2171	
NOL3	9.0669	8.9347	8.0977	8.5369	8.6373	9.0071	
PSMG1	10.4659	10.9059	11.4532	11.1288	10.7584	10.8789	
NR1H2	7.1571	6.4023	6.1029	6.7402	6.6482	6.558	
TMEM97	10.7594	10.6291	10.8513	10.4982	11.7433	10.2639	
LRRC41	10.8389	10.6232	10.5171	10.6737	10.6824	11.2991	
PLS1	10.8405	10.5695	11.6706	11.6437	11.3763	10.8228	
DUSP22	8.1106	8.468	8.3266	8.6684	8.8592	8.1806	
KIAA1279	7.12685	7.6273	7.6402	7.3696	7.4112	7.8358	
RPS6KA1	9.16795	9.0501	8.9704	8.897	9.4394	9.3066	
TCEAL4	9.97015	9.8271	10.5304	10.1873	10.5845	9.9505	
DCK	10.1283	10.4563	10.3572	10.3473	9.7897	10.2143	
NUP133	9.14725	9.0604	9.4272	9.4483	9.3193	9.3713	
NUP62	8.2089	8.0014	8.5396	7.7575	8.0322	7.8573	
TRIM2	9.3188	9.5214	8.155	8.3335	8.8509	9.7124	
SNCA	10.2304	10.1912	9.6581	10.5735	10.2153	10.0787	
SPTAN1	5.7671	5.6117	5.7571	5.4559	5.6707	5.5828	
MALT1	7.93125	7.5915	7.713	7.8437	7.8602	7.7412	
VPS28	8.5077	8.013	8.5168	7.5206	8.4728	8.2398	
LRRC16A	8.8139	9.2334	8.2018	8.0925	9.2443	8.8218	
YKT6	10.1627	10.0899	10.5091	10.5212	9.7837	10.4721	
CHP	5.3277	4.5033	4.8829	5.2261	4.5851	4.803	
KIF2C	7.09335	6.6796	6.9333	6.5014	6.7095	6.7095	
NNT	6.9826	6.9982	6.8034	6.5106	7.1438	6.5235	
NR2F6	9.19815	9.0963	9.1935	9.1342	8.8903	9.1053	
COL1A1	6.67705	7.3228	6.7511	6.7218	6.7954	6.334	
EXOSC4	6.7997	6.1799	6.1443	6.25	6.0968	6.6366	
CDC25A	7.4025	7.5993	7.3514	7.1763	7.1966	7.6104	
PDLIM1	8.77815	8.6258	8.8811	8.8489	8.5296	8.4463	
CRELD2	8.57545	8.2745	8.105	8.8362	7.9062	8.1925	
TP53	8.02005	7.8973	7.6424	7.1086	7.4367	7.4874	
IQGAP1	9.11315	9.2368	9.2332	9.2417	9.5827	9.4674	
RRP12	8.90215	8.3196	9.0691	8.5555	8.4959	8.8784	
ACAT2	9.01395	8.7923	8.8472	9.0262	10.4338	8.9214	
EGR1	5.213	5.2418	5.7171	5.6061	6.4066	6.0403	
MUC1	7.9869	8.1806	7.2487	7.2419	7.6898	7.5957	
THAP11	7.82905	7.1966	7.1122	6.8822	6.8832	7.068	
AURKB	9.4805	8.7834	8.7761	8.9273	8.2583	8.9704	
CEBPD	8.69555	7.8279	7.9194	7.9142	7.5948	8.3427	
HSPA4	11.5373	10.8916	10.5306	11.325	10.4806	10.6028	
MAST2	8.6265	8.8012	8.5746	8.9276	8.8078	8.8937	
DHDDS	6.73515	6.8199	6.5159	6.6289	6.8802	6.8182	
TOP2A	12.6988	13.0105	12.8691	13.0105	12.6519	13.0824	
GADD45B	6.10205	5.9597	5.5758	5.8842	5.632	5.7305	
NCK2	6.2186	6.2957	6.3752	6.3989	6.6264	6.653	
AURKA	7.9839	8.2677	8.3924	8.3507	7.9341	8.2296	
KIAA0355	5.93085	4.4525	4.7591	4.2487	4.5033	4.4001	
B3GNT1	11.4485	11.6115	11.6564	10.8887	11.4761	11.2132	
DYNLT3	7.0558	7.3236	7.617	7.713	7.9284	7.8407	
CDK5R1	4.22315	4.4799	4.945	4.8829	4.6772	4.9618	
CHMP4A	7.2206	8.4002	8.5349	8.4778	8.877	8.7834	
IPO13	9.80875	8.2559	7.8979	9.2855	8.4132	9.3788	
SCP2	10.1159	10.2328	10.2334	9.8651	9.9444	10.0701	
ITFG1	7.66205	7.4748	7.5957	7.7173	7.7648	7.8973	
RAD9A	6.68865	6.0846	6.6586	6.1932	6.6796	6.2957	
DRAP1	11.0621	11.3138	11.2589	11.3883	11.2715	11.4307	
SPP1	9.2535	9.7747	9.7837	9.6001	10.0054	9.4851	
HYOU1	9.057	8.6753	8.2913	8.67	8.0077	8.604	
PCMT1	9.62335	9.9063	10.3719	10.082	9.9964	10.1176	
FOS	4.34265	3.7964	4.2469	5.5903	4.2151	5.2913	
FYN	4.5595	4.7107	5.2316	4.4345	4.6054	4.4097	
MCOLN1	6.53715	6.2736	6.029	6.0852	6.7155	6.2453	
MYC	11.0044	11.226	11.1899	11.1402	11.1281	11.1433	
ID2	7.4505	7.2569	7.1209	6.7665	6.255	6.7284	
POLB	7.8877	7.6631	7.9652	7.783	7.493	7.7296	
CETN3	6.5535	7.1209	8.0077	7.662	7.4242	7.4543	
KCNK1	5.4745	4.2577	4.2331	4.3382	4.1807	4.7224	
AXIN1	6.518	6.5014	6.25	6.5568	6.4183	6.3696	
SMC4	10.1896	10.5466	10.6737	10.6416	10.1002	10.4613	
RAI14	10.295	10.0604	8.6723	8.6517	8.7206	10.3903	
SMARCD2	8.92935	8.2501	8.014	7.9453	8.0625	8.2947	
DNAJC15	6.3649	6.2407	6.4489	6.558	7.2438	6.8984	
MPZL1	11.5826	11.3677	11.83	11.6441	11.7486	11.6884	
HOXA10	4.26575	4.7842	4.4525	4.6847	4.6988	4.9726	
NRAS	9.2149	8.9032	9.1335	9.027	9.0691	8.9032	
CASP2	7.3674	6.9333	6.8402	6.0612	7.4174	6.6154	
EBNA1BP2	11.0998	10.9987	11.4828	11.1629	11.1139	11.2177	
CTNND1	10.5963	9.7648	9.6691	10.0771	9.6756	9.8312	
TATDN2	5.5591	5.4559	5.9031	5.5422	5.9662	5.4856	
LRPAP1	9.91045	10.0318	10.0018	9.9785	10.0586	10.0519	
ZNF131	7.76335	7.9218	7.896	7.7309	7.9184	7.7767	
BNIP3L	7.93345	8.3924	9.0353	8.8592	8.9411	8.8198	
HOOK2	5.1787	5.3001	5.3593	5.1934	5.632	5.0543	
ERBB2	9.71985	9.6367	9.3788	9.2033	9.5856	9.0359	
TBPL1	6.90455	7.7214	7.8082	7.6421	7.666	8.013	
INTS3	9.2776	8.7256	9.1737	8.8483	9.2895	8.6822	
RAE1	9.14005	9.4394	9.7425	9.5006	9.6264	9.6336	
CDK1	10.5042	10.8887	11.0196	10.7716	10.1308	10.5695	
RFNG	10.3604	9.6006	9.0663	9.8211	9.8039	9.2215	
MICALL1	4.861	4.6647	4.324	4.5346	5.011	4.8653	
SLC35A1	9.02805	9.2708	8.8784	9.2104	9.0942	9.4741	
KLHL21	4.5331	4.1822	4.5758	4.4525	4.6272	4.3523	
NIPSNAP1	9.14605	9.2582	8.6592	8.8097	9.3591	9.1589	
BCL7B	7.5227	7.5628	7.7995	7.7382	7.7721	7.7685	
TLE1	9.03485	9.4119	9.6581	9.4851	9.1226	9.4237	
FZD7	5.3612	5.6774	5.7224	5.3457	6.2411	5.704	
TIMELESS	10.6572	10.5274	10.2259	10.3412	10.1649	10.5304	
COG2	9.58475	9.6696	9.3746	9.8039	9.528	9.5671	
DHX29	8.1754	8.2254	8.3426	8.1018	8.3343	8.2353	
MMP2	8.2625	7.4569	7.2736	7.946	7.1049	8.1483	
MRPS2	9.02015	9.0118	8.5555	8.7386	8.7998	9.1312	
KCTD5	6.03005	5.7993	6.1949	6.0499	6.1158	6.0299	
TCEA2	9.8755	9.5286	9.5759	10.0346	9.7261	9.7631	
CNPY3	7.9668	6.9312	6.9057	7.5244	7.2272	7.6631	
FHL2	9.73625	10.3898	10.1286	10.4355	10.469	10.9054	
ADAM10	10.0763	10.0366	9.8428	9.5671	9.8428	9.5418	
FKBP4	13.796	13.9281	13.5494	14.0816	13.2953	14.0816	
CD58	10.2478	10.5903	10.7628	10.723	10.8228	10.7059	
KAT6A	7.06675	7.7658	7.2178	7.2047	7.5695	7.5035	
CDK7	10.6907	11.1402	11.1276	11.0969	11.4761	11.5987	
KIF5C	4.26225	4.2889	4.2294	4.3196	4.2057	4.5264	
HMG20B	10.6209	10.5655	10.0641	10.4839	11.0873	10.6737	
MAP3K4	6.1924	6.334	6.6194	6.4596	6.2255	6.4679	
PIN1	10.8628	11.0478	10.9557	10.6975	10.7772	10.933	
ZFP36	8.7709	8.2343	8.5557	8.9012	8.6015	8.7304	
INPP1	8.9255	8.9276	9.111	9.0943	9.4674	9.1565	
LAGE3	6.60085	6.9602	7.2668	7.0523	7.1086	6.9076	
RAC2	3.9873	4.0575	4.3879	4.0575	4.1394	4.1054	
TNFRSF21	6.82595	9.4851	9.4501	9.8004	9.5953	10.107	
HMOX1	4.86115	4.6054	5.1367	4.7527	6.5871	5.0781	
KIF14	7.79915	8.31	8.4628	8.6109	8.6421	8.7913	
COL4A1	10.9232	11.4122	10.9663	10.4563	9.7765	10.3825	
DUSP6	8.9891	9.6525	9.5808	10.4719	11.0083	10.6195	
CYB561	8.6778	8.7248	9.5887	8.2618	8.2057	8.7834	
EPB41L2	9.8616	9.9758	10.0787	10.1773	9.7424	9.5147	
GNAI2	5.4058	5.2548	5.6723	5.5274	6.034	5.6323	
HTRA1	6.58985	6.4524	6.5335	6.9207	4.7591	5.9736	
TSTA3	8.2074	7.9169	7.9707	8.2126	8.8596	8.4983	
WASF3	6.5835	7.2575	7.2504	7.186	7.1546	7.3228	
DNMT1	12.3331	12.1552	12.194	12.7913	12.1263	12.5288	
TSPAN6	9.80715	10.0441	10.0398	10.0855	10.4495	10.5274	
FBXO21	10.4793	10.5439	10.4495	10.5397	10.3412	10.6213	
RAB27A	8.83075	8.9594	8.8539	8.8097	8.5746	8.8322	
DDR1	8.0326	7.7342	6.9859	6.9312	7.4322	7.224	
PPP2R3C	7.0417	7.617	8.0976	8.0788	7.7286	8.3835	
ADRB2	3.97535	3.676	3.5449	4.1209	3.4305	4.5907	
LPGAT1	11.5864	11.865	11.9527	11.9914	11.8148	12.3116	
DUSP11	9.21115	9.2563	9.3285	9.3408	9.1748	9.1322	
GRB10	6.6706	6.6974	6.8199	6.9387	7.3822	7.0095	
MMP1	5.68065	5.8852	6.1443	6.3007	6.0339	6.5491	
TP53BP2	10.5724	10.4752	10.5494	10.7196	10.7236	10.5924	
CDKN1A	10.1637	9.6098	10.001	9.963	9.8498	10.0604	
ZW10	8.0647	8.1253	8.1324	7.8605	8.0925	8.1139	
CORO1A	6.65305	6.6353	6.4654	8.2166	6.4949	6.974	
TJP1	8.07485	8.1934	7.7832	7.9146	8.2132	8.1046	
ABCB6	6.2672	6.2193	6.0266	5.8119	6.5491	6.2725	
XPNPEP1	7.77755	8.067	8.4071	8.1426	8.1841	8.1934	
MAMLD1	4.0776	4.2057	4.3021	4.0143	4.5033	4.6381	
MTHFD2	10.5932	11.0873	11.1139	11.1751	10.6913	11.0347	
DSG2	9.98695	9.877	10.0394	10.1984	10.0041	9.8936	
PRAF2	8.90515	8.9103	9.2453	9.0501	9.3564	9.0966	
DNTTIP2	10.5378	11.037	10.8887	10.8065	10.8511	10.7395	
SLC27A3	9.6125	9.1404	9.0359	9.4057	8.9965	9.6072	
CD97	9.152	9.0013	8.877	9.0687	8.7744	9.4269	
HTATSF1	11.5826	11.7093	11.4733	11.4867	11.3794	11.7583	
IL13RA1	9.88225	8.7594	8.2179	8.5866	7.9267	8.8139	
NCAPD2	11.0168	10.0041	9.7039	9.8359	9.5025	10.0054	
AGL	7.23515	7.1694	7.6273	7.4889	7.6181	7.5568	
TMEM109	9.66705	9.7346	9.8793	9.8793	9.3574	9.7798	
CDC25B	10.32	10.4639	10.1388	10.3603	10.6453	10.4407	
ICAM1	5.8201	5.5777	5.6254	5.987	6.8822	6.228	
GATA3	6.46375	3.9249	4.2151	4.2834	3.676	3.9413	
NUP93	8.4703	8.3592	8.9182	8.7942	8.5701	8.7366	
PLA2G15	7.1224	6.8262	6.8822	6.741	7.1654	6.9127	
RPA3	7.26655	7.7382	8.7662	8.362	8.2942	8.1777	
PIP4K2B	7.86455	7.598	7.7648	7.6104	7.8127	7.4322	
TES	11.9578	11.8802	12.0339	12.1742	11.5841	11.9405	
MYCBP2	7.18625	6.9871	7.3418	7.1209	7.3984	7.5106	
SPR	9.7143	9.1871	9.479	9.3702	9.4662	8.8193	
PGRMC1	12.4279	12.8415	12.6887	12.6519	12.8415	12.9062	
RELB	6.11135	5.6944	5.5867	5.804	5.804	5.6061	
AARS	11.0949	10.5606	10.4588	10.469	11.2497	10.6975	
EPHB2	6.67605	7.0095	6.7954	7.0625	6.2455	7.0328	
GPC1	6.35505	5.8962	6.1629	6.2519	5.6577	5.7851	
RPIA	9.9233	10.2581	10.3412	10.3068	9.9017	10.3255	
ELAC2	10.5119	10.3425	10.5076	10.5252	10.1829	10.5788	
GPR56	9.0665	8.9411	8.6574	8.9594	8.9176	9.0194	
NVL	11.1795	10.9095	10.5274	11.4019	10.3438	11.0122	
PLSCR1	6.54975	7.0881	7.0977	6.7915	6.6713	6.8832	
CHEK1	8.6441	8.7057	8.9411	9.0609	8.6978	9.075	
CTSL1	10.5931	10.8349	11.2497	11.2264	11.6706	11.2722	
CTSD	10.1624	9.6543	9.6737	9.528	9.9162	9.5887	
ME2	9.68885	8.3485	8.5251	8.5376	8.6353	8.5523	
ARHGEF2	7.49645	8.0371	7.7877	8.0843	8.1105	8.0489	
PDGFA	5.9504	6.3517	6.7338	6.3517	6.255	6.6059	
ILK	8.5032	8.8276	8.4265	9.0838	8.9455	8.8276	
WDR67	9.06595	8.4818	8.8279	8.7144	8.5251	9.1885	
NFIL3	6.79195	6.9651	7.3107	6.9901	7.7326	7.0881	
RFC2	9.4862	9.4027	9.4399	9.4394	9.2152	9.3412	
ARL4C	10.9153	10.3985	10.4152	10.4224	9.3999	10.2636	
TIMM9	12.5611	12.8199	12.9327	12.9327	12.8203	13.0373	
CPNE3	10.6539	11.2614	11.3875	11.1626	11.4005	11.2126	
ORC1	12.1644	10.9198	10.336	11.1823	9.6826	10.8407	
C5	8.39455	8.0541	8.7206	7.9901	7.4596	7.6133	
PARP2	8.43275	8.4531	8.2968	8.9075	8.6944	8.9911	
FASTKD5	7.0986	7.9971	7.814	7.3236	7.9049	7.8119	
SCRN1	9.81785	9.1173	9.3709	9.4027	9.2201	9.1935	
MAN2B1	6.21505	6.2008	5.8293	5.9031	6.6127	6.6333	
PTPLAD1	11.1004	9.3515	10.7772	10.8916	10.5641	10.8152	
MSRA	8.28565	6.3135	6.0667	6.3806	6.5163	6.3698	
NFKBIA	10.9177	10.6312	10.4958	10.1649	10.4674	9.9092	
DCTD	9.8118	9.9544	9.6853	9.8793	9.9451	10.1204	
SYNE2	6.22655	5.8596	6.0968	6.2601	7.0941	6.3906	
MBNL1	9.4321	9.9092	9.9241	9.7458	9.8418	9.9063	
UBE3C	9.60055	9.5172	9.4741	9.8668	9.5671	10.0242	
CCDC92	7.39175	7.4322	7.3939	7.3108	7.6681	7.3445	
MYCBP	11.3279	11.4428	11.9267	11.7237	11.3371	11.6126	
CXCL2	6.99565	7.1014	7.6838	7.3392	7.7642	7.4156	
PTPN1	9.26665	8.9428	8.9385	9.17	9.1507	9.2334	
BRP44	11.8523	11.986	12.1486	11.7971	11.6951	11.7586	
TIMM22	9.46905	7.6127	7.3696	7.4849	7.0288	7.1122	
ATF5	8.7795	9.1595	8.8496	9.4984	8.9665	9.027	
ECD	8.78215	8.7834	9.0501	9.1748	9.249	9.3509	
CIRBP	8.5778	8.0751	8.5631	8.7057	8.8147	8.5866	
NSDHL	8.8058	9.1497	9.2282	8.9862	10.9984	9.2998	
ADI1	10.2209	10.4141	10.5606	10.5171	10.5171	10.6556	
NFKBIE	6.1621	5.8591	5.983	6.0092	5.7352	5.8293	
ADCK3	6.6126	3.9498	3.7907	3.9413	4.0367	3.9498	
PRSS23	8.9663	9.2233	8.9715	8.9296	8.9356	8.7476	
CCNH	8.47485	8.0733	8.4857	8.5168	8.1324	8.9296	
GDPD5	6.0306	5.8414	6.5006	5.9674	5.794	6.3471	
P4HA2	6.99935	6.9902	6.9871	6.7691	6.912	6.741	
TARBP1	8.7479	8.5104	9.0718	8.8822	9.1255	8.9965	
ATP6V0B	8.8158	8.6332	8.9103	9.0448	9.2998	9.0201	
RBKS	5.6249	5.877	5.9714	5.7831	6.3884	6.3057	
CAPN1	8.6014	8.5866	7.9169	7.3745	8.0714	7.666	
KDM3A	7.7386	8.1649	8.6873	8.6836	8.7834	8.5925	
BID	6.954	7.675	7.2569	7.4849	6.4669	8.2501	
STXBP1	5.9336	5.9413	5.5348	5.4308	6.9651	5.153	
ITGB5	8.6632	8.9607	9.0611	9.4862	9.5418	9.4003	
MTF2	9.10355	9.0387	9.5172	8.5369	9.2805	9.0501	
HLA-DRA	8.516	8.2837	4.4345	5.7489	4.9775	4.9267	
SLC11A2	10.6548	7.9692	7.6424	8.2232	7.7309	8.0565	
PDIA5	4.90175	5.1192	5.5023	5.1718	5.86	5.1806	
PIK3C2B	7.21755	7.5911	7.0709	7.0423	7.4591	7.4451	
RAP1GAP	7.6668	7.9762	7.8419	7.8127	8.4375	8.3539	
SLC25A46	7.8967	7.5555	8.3999	7.4615	8.5631	7.7831	
CDK19	8.10945	6.699	6.4277	6.4489	7.0721	7.3882	
NOLC1	9.79455	9.0831	9.7631	9.5783	9.4646	9.9704	
CAT	8.3614	9.0687	9.69	9.6177	9.5006	9.3497	
KIAA0753	9.2692	7.5058	7.5839	8.6735	7.7721	9.0996	
DUSP14	10.609	10.6416	10.2266	10.7059	11.06	10.8513	
KAT6B	6.3295	6.6307	6.6127	6.9514	6.7648	6.4277	
CHN1	6.965	6.8311	5.9958	6.2292	5.9937	6.6754	
HMGA2	4.97875	5.1778	5.6254	5.4695	5.0781	5.5244	
IGFBP3	8.45125	8.9113	8.677	8.3042	6.4774	7.9543	
MAPK13	8.4956	8.1925	8.8139	8.6052	8.9499	8.5701	
TRIB1	8.0902	7.4997	7.5062	7.7854	7.5229	7.4886	
UFM1	9.05895	9.4603	10.0604	9.7013	9.8174	9.8618	
GNA15	8.64635	6.714	6.4223	7.245	9.7631	6.8402	
TP53BP1	9.0822	9.2215	9.53	9.5939	9.7522	9.8096	
FRS2	7.0926	6.6867	6.2455	6.7192	6.9954	6.6688	
IARS2	12.404	12.194	12.6795	11.7433	11.4283	12.7643	
BECN1	9.3598	9.8427	9.6995	9.7568	9.7508	9.4662	
GATA2	6.87495	6.9779	6.3989	9.3673	5.6061	6.0789	
KDELR2	9.44635	9.075	9.3713	9.3185	9.4217	8.9839	
RALGDS	6.41	6.1418	9.3322	6.9177	6.3471	6.6194	
ELAVL1	8.0166	7.4994	7.3942	7.0603	7.2196	7.3392	
NRIP1	8.43175	8.776	9.1157	8.9428	9.336	9.1871	
CCNB2	12.5743	12.7149	12.5649	12.4698	12.5131	9.0549	
IFNAR1	8.81025	8.1757	7.7629	9.2172	8.6065	8.3791	
MIF	14.9748	14.8122	15.0	14.9495	14.9495	14.899	
RNPS1	12.5497	12.7474	12.615	12.8106	12.615	12.655	
DAG1	7.2676	7.2313	7.3282	6.8182	7.4255	7.0991	
SATB1	4.22405	4.3196	4.5033	4.9382	4.9052	4.616	
ARID4B	6.7134	8.2858	8.369	8.2521	8.511	8.3708	
IGF2BP2	5.4575	5.6061	5.4917	5.8715	5.6819	5.7855	
GSTZ1	9.1841	9.8902	9.386	9.8899	9.5616	9.5493	
IGF2R	10.0787	9.9317	9.8096	10.0675	10.4152	10.1532	
SESN1	5.4872	5.2393	6.0554	5.6774	5.983	5.5974	
TIPARP	7.44095	7.9165	7.959	8.1804	8.8635	8.3177	
CRTAP	7.6353	7.6898	7.464	7.2346	7.9992	7.7962	
SPEN	8.3331	7.9284	8.1153	8.2411	8.4875	8.0278	
GMNN	12.4211	12.3481	12.4496	12.3493	11.8209	12.4496	
PFKL	7.5837	7.0524	7.4139	6.9859	6.7218	7.0423	
CYTH1	7.81975	7.4853	8.3978	7.7462	8.0921	7.84	
PDHX	8.3347	8.7566	9.1342	8.9041	8.9856	9.336	
DENND2D	7.6032	8.3678	8.1831	7.6029	7.6868	7.7151	
PRCP	8.5633	8.1426	7.8773	8.127	8.1204	8.1684	
CTTN	4.66555	5.754	5.8412	5.501	6.4679	6.4177	
SMARCA4	5.4404	4.8864	5.2261	4.9726	5.3611	5.3179	
PYGL	11.7482	11.9914	11.5213	11.5722	11.3677	11.8821	
UBR7	10.1157	10.0126	10.8407	10.3999	9.9704	10.3986	
GRB7	12.196	11.83	10.8412	12.3463	10.8789	12.1042	
RPA2	9.9575	9.8821	9.8082	10.1308	9.6045	10.0647	
CD44	9.36495	6.4763	11.0922	11.6778	10.9663	11.5694	
ERBB3	6.1054	5.9454	6.1374	6.3547	6.9507	6.5163	
GTF2E2	9.0015	8.9529	9.2805	9.1191	8.8928	8.8373	
VAV3	7.86715	9.315	7.8548	7.7309	9.2215	8.4628	
ABHD6	8.6389	7.6579	8.0517	8.0701	7.8304	8.2529	
ANXA7	9.53625	10.3089	10.6556	10.2052	10.4588	10.3696	
MAPKAPK2	11.4427	11.2366	11.2868	11.1899	13.0941	11.839	
TXNRD1	12.7969	12.8834	12.8834	12.7395	13.6075	12.8451	
CAB39	8.22495	7.5332	8.2003	7.8012	7.6525	8.0568	
FZD1	7.0727	6.9285	7.0625	6.7546	6.8108	7.131	
CRYZ	11.802	12.4822	12.6152	12.2291	12.5429	12.5305	
TIAM1	5.2952	5.7473	5.732	5.86	5.7648	5.9533	
DNM1L	10.2968	10.2105	10.2341	10.0519	9.933	10.2828	
GAA	5.93485	5.2981	5.892	5.5725	6.5983	5.9178	
DERA	11.4222	11.8498	11.6884	8.889	11.1899	11.1629	
SKIV2L	8.3311	8.299	8.6262	8.4238	8.6943	8.1405	
BLMH	7.23015	7.4134	7.8472	7.1267	7.1163	7.493	
PTPRK	10.563	8.988	9.2412	9.9688	9.2827	9.9113	
HERC6	6.1645	6.7295	6.7218	6.3906	7.0267	6.1737	
RRP1B	9.3358	9.5498	9.7195	9.685	9.5172	9.5346	
MKNK1	11.8731	10.336	9.1748	10.5439	9.6177	10.4126	
TSPAN3	9.03125	9.4143	10.122	8.8322	9.249	8.8489	
ACOT9	8.89265	9.5558	10.452	10.2143	9.9788	9.9592	
PIK3R3	7.0723	6.9285	7.1433	6.788	7.3882	6.8907	
KEAP1	10.0883	9.8312	9.8902	9.8617	10.1677	9.8271	
ST3GAL5	5.30595	5.1489	5.9151	5.6361	6.0667	5.4682	
CTNNAL1	7.90515	8.1205	9.5783	8.4575	8.2746	8.604	
TFDP1	9.85655	9.1255	10.0018	9.693	9.454	9.7134	
ABHD4	6.72225	6.7698	6.5396	6.3431	7.6525	6.6754	
SMC3	8.87795	8.8322	9.1334	8.9669	8.7795	9.0426	
INPP4B	5.54815	5.732	5.8962	5.9151	6.1799	5.892	
LBR	9.38005	9.479	9.9544	9.6367	9.6305	9.6638	
PPIE	11.4902	11.7583	11.9542	11.8681	11.6274	11.8209	
ZMIZ1	8.8453	8.621	9.3999	9.3389	8.9944	8.7026	
PPARG	8.0091	5.518	5.8558	5.4682	11.2991	5.9108	
TERF2IP	11.2337	11.2264	11.1629	11.5398	11.3728	11.2614	
BNIP3	9.9517	10.3603	9.9444	10.0168	10.1101	9.9935	
RPP38	8.28025	7.6313	7.3745	7.4289	7.7462	8.1442	
BCL2	4.066	4.0143	4.1044	3.9346	3.9793	4.1394	
CAST	10.6452	9.5437	9.3926	9.3713	9.1234	9.6691	
BAG3	9.4294	9.8618	9.7522	9.6853	9.7891	9.8954	
RBM6	7.7054	8.0283	7.5206	7.875	7.8169	8.0778	
CSK	8.6575	8.6052	8.617	8.4672	8.7736	8.8472	
GNA11	9.231	9.1942	8.3708	8.9549	9.1871	9.1777	
ALDOC	5.07165	4.7113	5.0781	5.1806	6.6425	5.3457	
TOR1A	6.76075	8.1537	8.2078	8.3266	7.9668	8.1253	
SLC25A13	8.47695	10.0771	10.3572	10.1249	10.3022	8.9499	
UBE2L6	8.5234	7.9854	7.1966	8.4132	6.9745	8.2858	
SYK	5.8642	5.0781	5.4559	5.9178	5.2981	5.5918	
TSPAN4	11.3854	11.1669	11.6115	11.2177	11.543	5.7107	
NR3C1	5.9869	6.0339	6.0798	5.9657	6.2407	6.2411	
PCBD1	13.0529	13.0941	12.7104	12.6355	13.1317	13.1732	
ICMT	10.2827	10.8567	10.799	10.8349	10.0291	10.6332	
TRIB3	12.5996	11.6778	10.7139	12.4496	12.5649	11.8369	
EIF4EBP1	8.3031	8.0625	8.3875	7.8902	8.1074	8.544	
PHF15	8.2588	7.5767	8.2254	8.2618	8.1198	8.0033	
CXCR4	7.3323	4.7842	5.4017	5.0983	5.4836	5.4495	
GNPDA1	8.68535	9.0786	9.2929	9.0175	10.1249	9.0853	
CCND3	11.6377	11.3883	11.4326	11.3616	11.0945	11.1751	
FKBP14	5.6055	5.391	6.0152	5.5576	5.8119	11.3404	
CIAPIN1	9.46575	10.4141	10.2636	10.01	9.7013	9.685	
NUCB2	9.46085	9.5684	9.6543	9.5493	10.2143	10.2167	
COG7	8.46015	7.9398	8.0263	8.0625	8.6427	8.067	
RSU1	7.39815	7.1141	7.9284	7.2749	7.6458	7.2525	
PTPN6	6.6618	6.6127	6.2251	6.2411	6.4949	6.3902	
TUBB6	9.66855	9.5493	9.5636	9.8187	9.1053	10.1675	
ABL1	8.6802	8.7791	8.4987	8.2903	8.0976	8.4231	
DUSP4	8.613	9.0966	8.9244	9.0943	9.9092	9.5759	
CCNF	8.48905	6.5835	6.912	6.7825	6.2544	6.738	
PTPN12	10.4946	10.776	11.0768	10.9663	10.9987	10.9255	
HSPA1A	11.1094	11.1548	11.3463	10.9433	11.3883	11.1951	
PCK2	8.14545	7.6584	7.8169	8.0024	7.9017	7.7397	
FAM57A	8.16935	7.4265	7.2947	6.9745	7.1209	7.5375	
RB1	7.92075	8.1442	8.5701	8.5174	8.3644	8.4477	
EVL	7.32895	7.4569	6.8262	6.3698	7.1433	6.8402	
GFPT1	8.0972	7.7721	8.0426	7.9369	8.5008	8.1156	
BLVRA	10.7561	11.4101	10.7716	10.9156	12.0063	11.4138	
GPER	10.7745	5.011	5.0214	5.3281	4.803	5.0449	
EAPP	6.78605	7.0328	6.86	6.8542	7.1362	7.0591	
S100A13	12.7747	12.6905	12.5818	12.8199	12.9327	12.8415	
EXT1	11.1002	11.1151	10.4171	9.2998	10.4982	10.895	
MYBL2	9.3665	9.0383	8.7471	9.17	8.2618	9.3221	
POLE2	8.48745	9.455	9.2417	9.1217	8.249	8.9347	
STX4	8.66495	8.0921	8.1878	8.7426	8.4189	8.897	
PLCB3	10.144	8.105	7.9284	7.7231	7.5444	7.6452	
TMCO1	12.8657	13.3882	13.436	13.4991	13.436	13.5494	
C2CD2	7.53	7.6085	7.6605	7.7798	7.6673	7.5495	
PARP1	9.99745	10.0125	10.1842	9.7564	9.5346	9.7508	
ANKRD10	7.4739	7.1615	8.3568	7.9136	7.8788	8.1129	
CCDC85B	8.10055	7.7575	7.8035	7.4458	7.2947	7.6325	
DDB2	7.5784	8.2026	8.1018	8.0324	7.6089	8.4213	
DDX10	7.47905	7.7901	7.9806	8.0304	8.0699	7.9707	
BAMBI	9.4698	9.2789	9.4932	8.9778	8.7102	9.454	
CEP57	7.9567	8.14	7.7286	8.2607	7.875	8.0449	
HADH	9.935	10.3156	10.5798	10.3571	10.1481	10.4721	
RAB31	8.47005	7.9783	7.8011	7.9284	8.0517	7.9184	
ABCC5	7.412	5.3179	5.555	5.3832	5.8715	5.3779	
GLRX	10.288	10.5212	10.4179	10.4991	11.1797	10.7138	
MVP	10.3351	10.3304	10.3203	10.0703	10.9899	10.5397	
RFC5	9.24435	9.4962	9.6277	9.5147	9.2265	9.8821	
HES1	9.72055	9.5152	9.7672	10.452	9.1737	9.708	
STMN1	9.8347	10.2639	10.3438	10.1433	10.1453	10.3062	
GALE	10.1126	10.2153	10.1793	10.5274	10.9465	10.3719	
KLHL9	9.4547	7.5239	7.4591	7.9783	7.8256	7.7648	
PTPRF	9.8213	9.403	8.9529	9.8428	8.6591	9.7469	
UBE2J1	8.02245	7.7442	8.0977	7.5933	7.8491	8.0935	
PGM1	11.1384	10.9858	11.1052	10.776	10.941	10.776	
SLC37A4	6.447	6.1418	6.4679	6.7502	6.2008	6.3135	
LOXL1	4.99445	4.7591	5.0625	4.9135	4.9415	5.1192	
PLK1	9.1532	8.5396	9.1995	8.9231	8.7791	9.0963	
MYO10	6.67385	6.5335	6.858	6.2365	6.0846	6.1204	
NPRL2	8.29505	7.7195	6.4223	7.0008	7.7136	7.331	
LIPA	10.0203	10.1793	10.481	10.0394	10.6232	9.9937	
PWP1	10.1245	10.4152	10.2965	10.6351	10.2581	10.4826	
PHGDH	11.0682	11.3114	11.2356	11.2974	10.926	10.7925	
PLEKHM1	10.4255	10.2965	9.9788	10.5461	10.1532	10.8133	
ST7	7.71125	7.7832	7.9508	7.873	7.8833	7.873	
VAT1	7.7969	8.3014	7.3161	7.6492	8.5145	8.5396	
IKBKB	6.22885	6.6788	7.0267	6.5396	6.2998	6.9157	
KIF20A	9.28055	9.3917	9.0921	9.2749	9.1473	9.5827	
CDH3	6.405	6.5373	6.118	5.5444	5.697	5.9288	
PCM1	5.23875	6.0968	6.7546	6.1578	6.591	6.5006	
IER3	12.77	12.615	12.7643	13.0941	13.3882	13.2524	
SSBP2	6.66385	5.3061	5.6909	6.0499	5.276	5.311	
FAT1	9.7977	10.0586	9.7438	9.7378	9.7298	9.9441	
SNX11	7.66375	6.2501	7.0287	5.8412	6.445	5.9329	
RNMT	8.50515	8.8874	9.1025	8.988	9.2289	8.9012	
SFN	7.6162	8.1777	7.9909	7.7721	8.4231	7.186	
EGFR	7.37785	8.2074	7.3942	8.198	8.155	7.9236	
RFX5	8.395	7.8833	8.3792	7.8161	8.9032	8.5746	
NET1	7.80365	8.2903	8.2398	7.975	8.1658	8.2026	
PKIG	8.7893	9.1217	8.8842	8.8555	8.7633	9.1642	
DECR1	9.66495	9.9278	10.4991	10.5274	10.5304	10.4885	
FSD1	8.34575	6.9177	7.1491	7.5933	7.0942	7.1546	
ATP6V1D	8.1315	11.1899	10.776	11.0788	11.4138	11.2468	
CDK6	5.48175	5.7702	5.0977	5.1128	5.5069	5.391	
CDC45	10.4447	12.6887	12.6744	12.7104	12.4698	12.6905	
NPC1	8.43425	8.5144	9.079	8.869	10.6273	8.6591	
EDEM1	9.5418	9.8732	9.4336	9.6524	9.8069	9.5105	
MEST	12.9591	12.216	11.9405	12.194	12.2291	12.1018	
MYLK	9.7194	5.7613	10.0201	5.2171	5.0867	6.9941	
PAFAH1B3	9.7218	9.9162	10.0054	9.8823	10.423	10.0495	
CALU	11.1824	11.5722	11.6951	11.6054	11.6798	11.3497	
USP6NL	9.3729	7.6652	7.1521	7.6726	7.4064	7.6504	
LGALS8	10.7339	8.4402	8.8408	9.3285	9.3374	9.1618	
NT5DC2	10.0606	9.1546	8.5442	8.4818	8.3865	8.2409	
CCP110	7.0607	7.5695	9.5346	7.1966	7.1433	7.6584	
LRP10	10.0353	9.7837	9.4931	9.7919	10.2353	10.2732	
ATP1B1	13.8933	14.3294	14.0816	13.6943	13.6779	13.7378	
STK10	5.41105	5.2658	6.6754	5.1423	4.8822	5.8842	
OXCT1	7.73135	7.5144	7.8268	7.844	11.6778	8.1371	
UGDH	7.4049	11.1281	11.4071	11.1387	7.5839	8.3177	
SLC25A4	9.90995	9.8275	9.7438	9.9551	10.5655	10.0176	
SQRDL	8.68795	9.2929	8.7242	9.9485	8.367	8.4591	
HEBP1	8.7943	9.8668	9.8021	8.2968	9.8762	9.5941	
PSMB10	8.82375	8.221	8.0925	8.2893	7.4105	8.2057	
ASCC3	6.6376	6.8832	7.6085	7.298	7.2113	7.1284	
FGFR4	8.00975	6.9937	6.8402	6.9177	6.6019	7.1433	
CDKN2A	12.1271	12.6583	12.2075	12.3116	12.5965	12.4712	
TRAM2	6.10465	5.917	5.9985	5.9329	5.7107	5.9674	
ATP11B	9.51345	9.092	8.5971	9.0963	8.7609	8.5779	
PYCR1	8.8539	9.0046	8.6751	8.7685	9.1647	8.817	
CD320	10.4696	10.4304	10.0647	10.3986	9.53	10.2266	
NCOA3	9.65525	9.7928	9.9704	9.7522	9.9554	9.7377	
CDKN1B	10.8777	10.3732	11.3323	10.8152	11.2264	11.3735	
POLD4	10.4871	11.0768	10.6105	11.0196	11.6393	11.0909	
FOSL1	7.8657	7.8119	8.234	8.5523	8.5779	8.4746	
MLLT11	8.5727	9.2496	9.2062	9.1546	7.9637	9.0768	
CEBPZ	9.32355	9.8004	9.8911	9.4269	9.4984	9.9278	
PRKACA	10.1161	9.5815	8.2562	9.5286	8.4375	8.9931	
GAPDH	14.9748	14.9151	14.9151	14.9495	14.9495	15.0	
CBR3	4.99955	5.4294	5.7993	5.6593	6.445	5.9031	
LYRM1	5.5515	5.647	6.0623	5.9047	5.2316	5.7594	
