gene	0.04uM	0.12uM	0.37uM	1.11uM	10uM	3.33uM	
PSME1	11.6233	13.1318	13.1318	13.0472	12.8051	13.0472	
CISD1	11.1776	10.7729	10.9942	11.6294	11.2289	11.0534	
VDAC1	7.3613	12.4548	12.8051	10.2762	12.7044	11.0042	
SORBS3	8.9388	7.4035	7.2499	6.9707	8.1029	7.6411	
SPDEF	8.441	7.3756	6.9512	8.7332	6.2938	7.1427	
ATF1	5.4268	6.5631	6.6119	5.9517	6.6498	6.7781	
SPAG4	4.855	5.441	5.2256	4.9228	5.2924	5.3272	
E2F2	4.855	4.8233	4.8945	5.2626	4.9707	4.7727	
RHEB	11.6839	11.6233	11.5513	11.3985	11.4339	11.9062	
IGF1R	5.0801	6.4603	6.1644	5.9612	6.588	6.1644	
SLC5A6	10.6355	11.3985	10.9564	10.604	11.0042	11.0572	
FOXO3	6.0185	6.3784	6.3985	6.1986	6.6432	6.3516	
RGS2	9.6174	5.2121	5.5815	5.0562	5.0159	5.0408	
GSTM2	5.5479	4.798	5.3308	5.1348	4.3263	4.9091	
SCYL3	4.7313	4.6599	4.6514	4.3687	5.28	4.349	
RHOA	9.7339	8.6654	8.1441	7.618	8.9427	8.7283	
TBX2	6.5911	5.1364	5.2045	4.9362	4.9389	4.6642	
DNAJA3	14.5477	14.4809	14.8402	12.7044	14.433	14.6145	
IL1B	6.9084	5.5406	5.4694	6.8076	6.1356	5.7069	
ASAH1	7.666	9.8003	10.2444	10.2992	10.3865	10.353	
DCUN1D4	7.1514	7.2499	10.2124	8.1251	7.5245	7.2612	
DYRK3	6.5294	5.8363	7.2138	7.9713	5.3659	5.9088	
RALA	7.9434	7.8854	7.7336	8.4423	8.3164	8.3388	
ARHGEF12	6.8174	6.3605	6.2226	6.6505	7.0359	7.0539	
POLG2	6.0845	7.2223	7.2344	6.4581	6.4341	6.7875	
SOX2	7.8457	6.2719	6.598	8.0919	5.4912	5.6043	
TRAPPC3	9.7433	9.2575	9.4202	9.1371	9.632	9.2561	
SERPINE1	7.928	8.9669	9.1267	8.2605	8.3333	8.712	
TCFL5	5.6787	6.1258	5.4912	5.378	5.608	5.5745	
CRK	6.2823	8.6857	8.6285	8.1502	9.2213	8.7496	
HLA-DMA	7.4988	4.3263	4.5122	4.2761	4.221	4.2002	
EGF	4.6779	4.4728	4.3733	4.8671	4.5187	4.4141	
RBM34	8.6596	9.5327	9.9548	9.6517	9.9639	10.0016	
ITGB1BP1	9.3173	10.1666	9.4138	10.0286	9.989	9.9596	
SPTLC2	4.4775	4.6143	4.6472	4.0777	5.2836	4.9836	
ACLY	10.184	10.6262	9.981	9.6873	12.0552	10.4801	
APP	13.6357	13.1707	13.7236	13.8312	13.4177	13.4177	
RAD51C	8.0023	8.3125	8.38	8.1893	7.2594	8.2512	
TSKU	8.5382	6.6832	6.6873	5.9882	7.7071	6.8355	
SMC1A	8.532	9.1864	9.0012	9.0174	8.4275	8.8564	
TMEM2	9.0736	10.3504	10.4692	9.9767	10.9489	11.0317	
NOS3	5.185	5.6717	6.0122	6.0276	6.9876	6.4417	
YME1L1	9.0857	8.774	8.4624	8.3286	8.5712	8.8322	
ACAA1	7.0097	9.4037	9.4339	8.6342	9.1603	8.0709	
CSNK1A1	7.7933	7.4802	7.4754	7.8984	8.4761	8.4316	
HSPA8	9.6423	11.1845	11.2498	10.23	10.633	6.3319	
NFATC4	7.3396	5.0026	5.1736	7.618	5.5668	5.9985	
CCNB1	12.8471	12.4708	12.7513	12.7513	12.2587	12.8471	
TBP	7.282	8.5324	8.7267	8.0207	8.0582	8.5815	
SLC2A6	10.776	9.7609	10.0751	10.705	11.0452	10.428	
WFS1	10.235	9.1259	8.706	8.8087	9.5082	9.1179	
EZH2	9.3723	8.9796	8.876	7.5824	7.5716	7.8768	
UBE3B	8.9116	8.3115	8.1583	9.3365	7.5878	8.2246	
ICAM3	5.2795	6.2345	5.8809	5.6288	6.6745	6.4295	
NPDC1	4.8058	8.044	8.0595	8.0518	8.4624	8.0278	
ALDH7A1	8.9796	9.4494	9.6099	9.516	9.178	9.288	
BRCA1	4.0777	6.4006	6.2061	5.894	4.798	5.7393	
NFATC3	10.1424	10.1115	10.4954	10.3262	9.9293	10.6422	
PSMD4	10.2052	10.1551	10.4943	10.4209	10.8191	10.6925	
PCNA	14.2436	14.9355	14.5477	14.2134	13.878	14.7448	
PHKG2	7.2395	8.0017	7.785	7.9792	7.9884	7.8715	
ETV1	8.3954	4.4541	4.9362	4.3174	4.1277	3.9162	
POLR2I	9.5823	10.3447	10.2293	9.7498	9.7082	9.9366	
KDM5B	5.9114	6.2132	6.0274	6.3516	6.4011	6.1264	
PSMB8	7.9713	8.3857	8.5609	7.9585	9.2347	8.7476	
AKAP8L	6.7279	6.7729	7.3988	6.8366	7.7015	7.3613	
COG4	8.1402	8.982	8.5594	8.0225	8.9484	8.7341	
MCM3	11.2426	12.0762	11.9656	11.7715	10.9939	11.3383	
PLEKHJ1	11.7287	11.106	10.7099	10.9226	10.4158	10.23	
HAT1	8.6697	9.4004	9.5632	9.5556	8.5163	9.1107	
TERT	7.9109	6.9549	6.7465	7.8172	6.3208	6.498	
G3BP1	8.4895	10.7095	10.8796	9.4272	9.9122	10.3884	
SNX13	9.7941	7.8782	7.6632	9.7433	7.4472	8.2083	
PAK4	8.2984	8.26	7.9852	7.7446	8.2246	8.456	
TPD52L2	9.0512	8.6047	8.5785	8.3744	8.8322	8.6374	
DPH2	7.3983	8.2575	8.3131	8.0161	7.8138	8.3567	
PIH1D1	9.3279	8.5582	7.9622	8.498	8.3617	7.8172	
PRKCQ	6.3088	5.6043	5.4428	6.3294	5.5785	5.2775	
SNX6	10.2508	10.5063	10.7296	10.5976	11.5289	11.259	
EED	6.9989	7.0831	6.9911	7.0237	6.3203	6.9996	
SHB	6.4141	9.5571	9.6614	11.9607	8.8158	9.9122	
UTP14A	7.4237	7.8898	7.666	8.0595	7.9493	7.9135	
WIPF2	9.589	8.5271	8.8158	8.1685	8.8736	8.6025	
NENF	8.8787	9.3796	9.4942	9.1701	9.4692	9.5273	
TSEN2	7.903	7.7272	7.7694	7.9432	7.2228	7.4802	
RPN1	12.2363	13.1973	13.3663	13.2624	13.1973	13.2624	
SUV39H1	7.2706	7.1867	7.6485	6.747	6.0531	6.8196	
C2CD2L	5.3757	5.0954	5.2932	5.4204	5.0105	5.3964	
LYPLA1	7.9626	8.1854	8.9769	8.8842	8.0161	8.9465	
BIRC2	7.5767	8.2691	8.6457	8.6546	8.7267	9.4099	
GABPB1	8.1215	8.7516	8.8029	8.8099	8.2968	8.5129	
MAP2K5	8.6517	7.1515	7.3636	7.2645	7.8093	7.2641	
POLR2K	8.1402	9.7665	9.8588	10.0435	9.6718	10.0554	
PTK2B	8.3317	6.6265	6.7134	8.3131	6.2116	6.7071	
PUF60	11.7991	12.3018	12.3384	12.2298	12.48	12.4877	
DHRS7	9.0012	9.5705	10.0847	10.0707	10.1987	10.2477	
PAF1	9.5353	8.011	7.949	9.2561	8.3857	7.949	
ARID5B	9.6852	7.8172	8.4811	8.5076	8.5987	8.294	
POLR1C	8.8659	9.0403	8.9415	9.8404	9.2147	9.0512	
PAK1	6.6692	5.3033	5.2511	6.1449	5.5476	6.2691	
RUVBL1	11.147	10.4689	10.5281	10.8178	10.0751	10.604	
AKT1	10.464	10.8316	10.5462	10.0987	10.3137	10.5967	
CDC42	11.0966	11.2478	11.1834	10.8776	11.2349	11.1409	
IGHMBP2	8.8406	6.0334	6.5242	6.492	5.9437	5.8746	
SENP6	9.2349	9.0708	8.9877	9.4662	9.1865	9.3408	
ADO	5.9191	6.2636	6.5003	6.2132	6.2376	6.3804	
HSPB1	11.5237	12.2485	11.8455	11.6623	12.2607	12.3191	
EBP	6.242	7.8574	8.0958	7.2228	9.3021	7.7252	
TCTN1	7.2527	7.0495	6.8947	6.5188	6.5128	6.4151	
AKR7A2	11.5025	11.5289	11.6955	11.4608	11.1922	11.4656	
CASK	5.6532	6.9377	6.489	5.6112	6.4154	7.0151	
PPP2R5E	7.614	9.9468	10.8129	11.4304	9.9858	9.8895	
RRP8	10.6962	6.5957	6.6974	6.5177	6.3841	6.4875	
LAMA3	3.9127	3.9196	3.4984	3.6938	3.9127	3.8489	
PIK3C3	7.9434	8.0225	7.814	8.2211	8.4621	8.4052	
BHLHE40	5.7007	5.097	5.0629	4.5346	6.3413	5.8035	
CCNE2	5.1043	5.8605	5.2374	5.461	5.1358	5.1063	
BDH1	5.7271	6.0798	5.8009	6.3729	7.5257	6.6416	
FEZ2	5.0506	5.7784	6.3393	5.8164	6.4505	6.4775	
IKBKAP	11.5985	11.7109	11.7109	11.5714	11.5924	11.6294	
SH3BP5	6.3615	5.461	5.6354	7.7336	5.4368	5.8134	
PPP2R5A	9.9366	9.2794	9.3796	9.8077	10.3262	9.9301	
SGCB	5.3517	5.443	5.3501	5.6062	6.5816	6.882	
EML3	9.1425	7.0043	6.9989	6.6611	6.7246	6.4011	
ENOPH1	10.372	11.5714	11.3633	11.1841	10.8449	11.1408	
BIRC5	12.3651	12.5541	12.1099	11.6895	10.9534	12.2298	
CNOT4	5.6787	6.2385	6.2061	6.3319	6.2626	6.3605	
EPRS	9.1603	10.2833	10.3884	9.785	10.3353	10.5773	
SNAP25	5.2466	4.4143	4.068	4.596	4.6897	5.0506	
JMJD6	11.159	11.7349	11.5289	11.0572	11.7877	11.9851	
PAX8	6.5822	6.3491	6.5183	6.1296	6.9795	6.6111	
CBLB	6.8675	6.2493	6.6359	7.0093	7.7204	6.6359	
SLC35F2	7.5268	7.5585	7.8452	7.7204	7.2874	8.3098	
ANO10	6.887	6.4581	6.6085	6.5479	6.7535	6.491	
PDS5A	8.4253	8.6025	8.6285	8.5927	8.5989	8.9377	
DFFB	6.9319	6.2202	6.3609	6.9782	5.9715	6.0942	
STUB1	12.2755	12.8471	12.5687	12.0104	11.9975	12.564	
PGAM1	12.7049	12.4136	12.48	12.8051	12.1682	12.7878	
TGFB3	8.6156	5.6888	5.9255	8.0919	5.8363	6.0386	
BAD	9.0769	8.5573	8.478	8.4741	8.3824	8.3333	
XBP1	9.7839	10.6764	10.3198	10.2261	10.184	10.3696	
NMT1	9.1766	8.9106	8.8154	8.6536	8.9649	8.7862	
PSMD10	9.6358	7.0993	8.0749	7.0679	8.2536	8.1939	
ARFIP2	9.6995	9.8754	9.6517	9.2684	9.84	10.0178	
RAB11FIP2	7.1766	7.1706	7.4345	7.3448	7.7146	7.5135	
FPGS	8.476	9.1267	9.2614	8.38	8.6919	8.7141	
STAMBP	8.4983	9.0799	9.223	9.0376	9.1286	9.3687	
PRKX	7.9905	5.9749	6.0334	8.3521	5.4781	5.456	
RNH1	10.7707	11.0006	10.936	10.6262	10.8273	10.9603	
ATG3	9.0128	7.9626	7.9381	7.7871	7.8275	8.0233	
FAH	8.6012	8.8575	8.9402	9.167	9.4582	9.5762	
NCK1	8.7227	9.3296	9.4037	7.7146	9.4903	9.5304	
PLP2	7.8053	6.3781	6.582	8.7141	6.6706	6.598	
CFLAR	8.0125	7.6263	8.1512	8.476	8.1512	8.6654	
SOX4	6.8174	8.0932	8.3345	8.0207	8.7168	8.41	
HEATR1	9.3522	9.8352	9.6995	9.6414	10.1233	10.0602	
TESK1	10.8561	8.7267	10.2808	11.3834	8.2823	8.7332	
HN1L	8.713	9.1701	8.8996	8.3437	8.8736	8.8432	
WDR7	8.0835	6.8076	7.8053	7.8615	6.6359	6.8662	
AKAP8	9.3601	7.9585	8.4077	7.6055	7.7252	7.7488	
RRAGA	9.9181	9.8523	9.6719	9.5823	9.5905	9.6414	
ELOVL6	8.5782	8.805	8.9686	8.9427	10.5173	9.0343	
SLC1A4	6.0788	6.4356	6.4141	6.5874	6.3553	6.019	
ACBD3	5.5571	6.4088	6.5544	5.4552	7.0587	6.739	
GRWD1	8.3143	8.1786	7.923	7.1191	7.2792	8.0366	
PMAIP1	7.1646	5.4641	5.5721	6.3483	5.1182	5.5785	
STAT1	6.1986	8.5815	8.259	7.8457	7.53	8.3824	
FOXJ3	6.6384	7.9585	7.8654	7.3155	7.9272	8.1836	
TWF2	8.4202	9.3247	8.9402	8.7005	10.4021	9.7339	
HDAC6	7.9164	8.3824	8.0626	7.6875	9.0708	8.4052	
MTERFD1	10.4522	9.8869	10.2209	10.8726	8.5915	9.4596	
CCND1	5.9612	6.7515	6.1842	5.8069	7.0528	6.5911	
CHIC2	8.2481	8.2512	8.774	8.8742	9.0374	8.4624	
PXN	11.8455	11.201	11.1788	11.3934	10.9942	11.4969	
USP7	6.5479	7.87	7.2765	6.6337	8.108	8.0481	
NOSIP	7.614	7.9453	8.2342	8.0609	8.115	8.2182	
PHKB	8.8238	9.2096	9.2855	9.1554	9.452	9.4746	
DLD	10.1232	11.2104	11.1922	9.9181	11.2001	11.2589	
NFKBIB	6.4783	6.5242	6.5399	6.5712	7.1546	6.5556	
CASC3	9.8565	9.4568	9.2122	8.9085	9.5663	9.6385	
IDE	4.8334	6.0058	5.8354	5.8464	5.6856	5.9152	
CD40	11.7012	10.0807	10.428	12.1044	9.0104	10.3589	
MLEC	12.099	12.4245	12.583	11.888	12.2341	12.48	
GLI2	5.7271	4.9262	4.6897	4.9935	4.9262	4.3733	
PRPF4	7.3108	8.9918	9.029	8.3891	7.5976	8.5633	
MELK	9.3908	10.4209	10.6393	10.0371	9.0012	9.7004	
USP22	10.6169	12.9814	12.9178	12.3039	12.0475	13.1973	
DAXX	10.44	9.0834	10.0399	9.1267	8.9403	8.7842	
TMED10	11.0452	11.4473	11.5924	11.3647	11.0164	11.5396	
CHERP	9.1997	9.1107	9.0199	8.2255	9.4193	9.1481	
SMAD3	6.4483	6.5135	6.6457	6.8123	7.1521	7.157	
OXA1L	13.4783	13.878	13.5655	13.878	13.5994	14.2134	
PIK3CA	10.0788	8.3333	8.805	10.3884	8.9286	9.3625	
SNX7	12.4136	10.7429	10.8195	12.6609	10.7004	9.8091	
TRAPPC6A	9.1481	7.5448	7.531	8.4844	8.0518	7.5124	
ATP2C1	8.5633	8.2928	8.1786	8.2462	8.2848	8.1385	
CDCA4	6.3319	7.7814	7.3731	8.1786	6.1296	6.582	
TBC1D9B	6.4947	7.3132	7.4615	7.2269	6.498	6.3927	
USP14	8.4548	7.2618	7.461	8.6515	7.1089	6.8677	
APPBP2	7.0495	7.0507	6.8675	7.3234	7.4115	7.5022	
CDC20	12.9534	13.4177	13.2624	12.8662	11.2104	12.8051	
NARFL	10.8247	8.2605	7.8811	10.4764	8.712	9.0736	
RPS6	15.0	14.6797	14.8402	14.6797	14.8402	14.9355	
DDX42	7.4377	8.5712	8.1583	8.1142	8.05	8.54	
ECH1	12.0528	12.2755	12.355	12.1313	12.4337	12.1739	
HDAC2	9.883	10.2728	9.9692	9.9596	9.8003	9.8595	
IKBKE	7.1514	5.8142	5.7785	6.0058	6.3075	6.019	
CCL2	6.747	5.8464	6.1963	6.3985	5.6895	6.0788	
DFFA	10.7296	8.8842	8.9632	10.8195	9.3277	8.9769	
MRPL19	11.614	12.1815	12.4022	12.2607	11.9878	12.2341	
WDTC1	9.1384	7.4745	7.6335	7.0831	8.2211	7.5525	
PLSCR3	7.1865	7.3007	7.411	7.1842	6.9663	7.282	
SUZ12	9.5353	9.7082	9.9234	10.1055	9.4714	9.577	
CSNK2A2	8.8719	7.7623	8.2083	8.7792	8.6025	8.0738	
H2AFV	9.2527	8.2004	7.5382	8.3008	7.5667	7.6958	
NUSAP1	10.5054	10.0442	9.9858	10.0788	9.1003	9.7328	
TICAM1	5.7749	5.4825	5.9279	5.9994	6.419	5.7535	
FAM69A	11.8837	10.2209	10.6262	12.0751	10.396	10.5175	
KIAA0100	6.1221	7.0573	7.0831	6.9	7.196	6.9989	
PAICS	8.319	8.0343	7.6438	7.5215	8.3255	8.6546	
SRC	8.3255	6.3291	6.503	6.298	7.6665	8.1379	
BMP4	10.3576	10.3353	10.436	10.8003	10.5107	10.4689	
CDK2	9.409	8.7168	8.6965	9.3105	7.8866	8.5382	
EDN1	9.5457	7.7623	8.3098	9.7217	7.9252	8.3039	
XPO7	6.945	9.3551	9.3365	8.3305	8.9411	8.9528	
FAIM	9.5273	8.7862	8.616	9.4695	8.9996	9.0199	
KIAA0494	10.1321	7.6295	7.6172	9.2293	7.8984	8.3493	
PXMP2	10.8003	9.6202	9.7703	8.9686	9.2986	9.3304	
SQSTM1	11.1674	11.9878	12.3169	12.3191	13.4708	13.3392	
HIF1A	12.4538	12.7441	13.116	13.3663	12.7205	13.0635	
TIMM17B	11.9394	12.5771	12.3018	11.9015	11.7671	12.0528	
STXBP2	6.2757	8.1377	8.011	7.9949	8.2883	8.26	
WRB	6.7208	6.6133	7.0607	6.9269	6.8224	7.202	
ETFB	13.3663	14.4361	14.3545	14.4361	14.5708	14.5708	
MNAT1	7.0941	7.5793	8.0826	8.6117	7.9864	8.0958	
CAMSAP2	11.5513	10.1993	11.149	12.0528	9.5628	9.8815	
HPRT1	8.115	9.9081	9.8221	9.1993	9.8347	9.2399	
ARNT2	14.2436	13.1995	13.0979	14.4105	12.355	12.8954	
RRS1	7.196	7.9688	7.9618	7.5667	7.4433	7.9772	
ADAT1	7.7271	7.6958	7.6543	9.0468	6.7945	7.2874	
SPAG7	10.3814	9.8973	9.9122	10.2597	10.6684	10.1246	
MAPK1IP1L	8.4548	9.6579	9.8158	9.7809	9.5002	9.4202	
SCAND1	12.3888	12.8763	12.9726	12.1753	12.808	12.9534	
MFSD10	9.1151	9.3173	9.3247	9.2695	9.7104	9.8565	
MSH6	9.5762	10.5107	10.7331	9.5313	9.4255	9.7812	
COPS7A	11.7671	10.7296	10.2992	10.9455	10.6925	10.8245	
UBE2C	10.4872	11.2988	11.1176	10.4794	9.3468	10.4077	
FIS1	9.4907	9.0012	9.3504	7.8848	8.7888	9.6335	
HS2ST1	7.8924	8.1172	8.2735	7.8963	7.7396	7.7713	
NUDT9	8.1854	8.9484	9.0551	8.9977	9.0857	9.471	
TXLNA	10.43	11.4536	11.6555	11.1725	11.4608	11.3704	
CSRP1	9.9128	10.9868	11.3441	10.7415	10.7963	11.136	
DNAJB1	9.9523	11.5551	11.2589	10.807	11.2914	11.0322	
METRN	9.3522	8.0638	7.8535	6.9952	7.393	7.6263	
TOPBP1	8.9549	8.8306	8.9044	9.7276	8.2032	8.5427	
ABCF1	11.3629	11.5025	11.1674	11.0188	11.0317	11.1394	
TCTA	8.7347	8.2855	8.2974	8.2575	8.0958	8.5122	
LGMN	7.282	8.7348	7.8315	7.2508	8.6681	7.8494	
TLK2	9.9034	9.8304	9.1864	9.7566	9.4139	9.6273	
KIAA1033	7.202	8.0481	8.1703	8.2773	8.3345	8.4327	
PTGS2	4.2028	3.4447	3.4458	3.7111	3.4458	3.7187	
DNAJB6	11.3064	10.7004	10.6206	12.5771	11.3002	11.0098	
PLA2G4A	12.5876	11.149	11.5372	12.1547	10.2209	11.7012	
MAT2A	11.6681	11.7012	11.8837	11.9851	11.0572	11.2104	
TLR4	4.65	4.349	4.1464	4.4775	3.7111	4.5499	
HMGCS1	11.8694	12.6613	12.2341	11.8024	14.3545	12.2607	
MBTPS1	7.8053	7.6482	7.6566	7.9109	8.2823	8.1756	
SPRED2	11.7165	10.8664	10.5107	11.3629	11.2332	11.0901	
ZNF274	7.7809	7.3334	7.6228	7.5107	7.5767	7.6212	
CLIC4	11.2332	12.0552	12.1682	11.7819	12.4245	12.2587	
MAP7	11.2192	4.488	4.7694	4.5478	4.7855	4.6424	
CHAC1	10.9303	8.3419	9.4272	11.3441	8.9861	8.9898	
EIF4G1	8.2063	8.6991	8.2648	8.2208	8.5329	8.2033	
BTK	3.4447	3.6463	3.6463	3.4458	3.6463	3.5522	
GNAS	13.0107	13.7426	13.0107	13.3392	13.3392	13.4708	
MYL9	7.3983	7.53	7.5625	8.3841	6.8196	7.2792	
TEX10	8.1486	8.1315	8.6547	7.6874	7.9109	8.3345	
PSMD2	12.1547	12.6242	12.5771	12.5876	12.2485	12.3888	
ZNF586	5.9455	4.9707	5.3272	7.2046	5.0213	5.1358	
CLTC	10.7925	11.9757	11.8024	10.9728	11.8609	11.8458	
IKZF1	5.1043	4.6603	4.3493	4.7855	4.7889	4.6758	
APBB2	9.817	7.6651	7.7947	9.9366	6.7564	7.0093	
HSD17B10	10.4209	10.5584	10.4516	10.2623	10.7213	10.5698	
RNF167	10.3623	10.0059	9.7082	9.6807	9.6375	9.6871	
STX1A	6.8174	6.7182	6.6816	6.4417	7.0961	6.8758	
ALDOA	8.6457	9.2024	9.0701	8.8719	9.8487	9.2614	
EPHA3	6.0452	5.4663	4.8233	7.3491	4.9584	5.1927	
STAT5B	5.3895	4.8726	4.7021	4.5346	5.4428	5.4076	
TXNDC9	9.2122	10.2913	9.7566	10.5788	9.6871	10.5216	
CCNA2	10.2783	10.9119	10.7925	9.7978	9.0523	9.9757	
VGLL4	8.512	8.7272	8.9098	8.1029	9.2512	9.0568	
CASP10	9.7122	7.6795	8.2296	9.8487	7.745	7.3327	
SDHB	10.2204	11.5793	11.4596	11.3002	11.2834	11.6955	
ETS1	7.7446	6.3862	6.8514	7.9493	5.7069	5.2897	
YTHDF1	6.5294	7.7758	7.3613	7.5358	8.4983	7.7187	
FOXO4	7.2351	6.588	6.5544	6.6692	7.8573	6.9209	
LSM5	11.5396	12.6207	12.6207	12.3384	11.3148	12.3711	
TOMM34	8.7888	9.5433	10.0203	10.0145	9.817	10.1572	
ZMYM2	6.8731	7.8879	7.9432	7.3559	7.9245	8.0519	
CHMP6	8.0595	6.2569	6.1896	6.1616	5.9601	5.7785	
KIAA0907	8.044	8.3404	8.5163	8.6156	8.7639	8.5538	
CASP7	7.5902	8.5573	8.0879	7.4416	8.819	8.6156	
HK1	3.5522	3.2696	3.2696	3.2696	3.2775	3.6463	
PAPD7	12.5239	10.9226	11.0706	12.4538	10.371	10.8664	
PIGB	8.8931	8.4202	8.1572	8.4064	8.4623	8.3189	
CHEK2	7.923	8.4396	8.448	8.0519	8.4771	8.6048	
PLOD3	12.0323	12.1099	11.9277	12.0762	12.3711	12.2755	
ACD	7.0407	8.7341	8.6919	9.7104	8.3617	8.5329	
TRAK2	9.2907	7.0154	7.0809	7.0555	7.1484	7.0763	
SUPV3L1	12.1099	11.091	11.7124	8.8932	10.1645	10.0982	
VAPB	7.2634	8.1913	8.0343	7.6335	7.7336	8.1706	
GPATCH8	7.5984	7.3491	7.1953	6.9507	7.8315	7.258	
HSPD1	11.035	12.4022	12.1815	12.1997	12.1468	12.4548	
BUB1B	11.7494	10.3724	10.9571	11.8455	9.753	10.4419	
TGFBR2	7.8872	8.8626	8.6745	8.3678	9.2346	9.1447	
MRPL12	12.7513	13.4783	13.5994	13.5628	12.9814	13.878	
NOTCH1	9.2817	7.4977	7.7272	10.0644	7.1978	6.5352	
PNP	10.2419	11.0042	11.3064	11.0777	11.4596	11.3441	
SHC1	10.7099	9.902	9.3485	9.9757	9.2875	9.5632	
ARPP19	8.3891	9.2875	9.345	8.4708	9.4641	9.4641	
CEBPA	9.9647	11.8732	11.3154	9.8049	10.23	10.5396	
PSMF1	11.1834	9.8568	9.2875	11.2819	9.7375	10.2569	
RTN2	12.8954	11.527	11.7819	12.7049	11.3441	10.9809	
NPEPL1	8.9006	7.461	6.7182	8.712	6.1773	7.5277	
USP1	5.5949	6.8216	7.3491	6.0433	6.8611	6.5067	
RPA1	9.9438	10.604	10.7729	9.9192	10.0305	10.4158	
SIRT3	7.6482	5.4466	4.9094	6.2061	5.8173	4.9262	
KLHDC2	11.5237	11.5924	11.7204	11.6488	11.4082	11.8177	
UBQLN2	7.0237	7.1865	7.5824	7.9622	7.881	7.4194	
DMTF1	7.6901	6.9122	7.2839	7.1978	6.6939	6.9106	
SCARB1	10.9918	11.3064	10.8948	10.2909	10.7228	10.8273	
CLPX	8.6254	9.178	9.4166	8.7842	9.5516	9.2122	
TPM1	9.2318	9.9647	9.8404	9.9078	10.2495	10.4025	
TM9SF2	7.3868	8.8158	8.8367	8.4475	8.6857	9.298	
TXNL4B	8.512	8.1554	8.3432	8.0147	8.0879	8.3744	
ATF6	8.4161	8.6048	8.6743	8.1364	8.8367	8.9032	
PRR15L	8.9006	6.6416	6.6678	8.7809	5.7701	7.0154	
NUP88	10.9117	11.1234	11.2483	11.0781	10.5173	11.0438	
ST6GALNAC2	6.3841	5.1063	5.0612	5.7393	5.0612	5.1548	
ADH5	9.3942	10.8392	10.5054	11.0164	11.0878	11.2001	
FUT1	9.8684	7.2323	7.8155	10.2071	6.8076	8.5324	
GOLT1B	9.1266	10.2124	10.1085	10.5579	10.2444	10.3769	
PRUNE	6.1403	5.3528	5.4062	4.505	5.1699	5.2478	
PPOX	10.5857	9.6225	10.2437	11.4557	9.1827	9.902	
SYPL1	11.2851	11.3154	11.274	11.163	11.3633	11.6615	
CANT1	11.136	11.0572	11.4177	11.2834	11.2483	11.5025	
ZNF451	8.41	8.6156	8.4983	8.5218	8.8505	8.6991	
HOMER2	7.1107	7.4115	7.5667	7.7255	7.9394	7.5277	
RALB	8.9869	9.0791	9.6239	9.6423	10.1162	9.9566	
CLTB	10.901	10.2598	10.323	9.7478	10.807	10.3865	
TRIM13	9.6895	7.8435	8.2368	10.0491	7.8866	8.6432	
FBXO7	7.9573	7.8615	7.6849	7.9573	9.158	8.465	
PHKA1	7.227	6.882	6.5981	7.1648	6.8451	6.8265	
CYCS	9.4626	10.934	11.0042	10.2839	9.981	10.8008	
PPARD	7.3518	6.5177	6.4601	7.4745	7.3012	6.7465	
ENOSF1	5.4607	5.5609	5.3736	4.9202	5.3474	5.6932	
MAP4K4	8.9217	9.7339	9.5313	8.7747	9.048	9.3088	
PAN2	4.2589	5.6471	4.3395	4.3214	4.4141	4.6733	
STAT3	4.8828	4.6733	5.1286	4.7547	5.0773	5.113	
LIG1	9.0799	8.7448	8.4624	7.8025	7.6677	8.1273	
PPIC	8.5361	8.4908	8.294	7.8879	8.2968	9.0887	
EIF5	10.0417	11.229	10.9939	10.888	10.2569	10.6491	
GNB5	6.9507	6.7134	6.9343	7.0942	7.7116	7.2958	
GNAI1	4.221	4.3885	4.3214	4.4843	4.5662	4.7103	
INSIG1	7.9002	6.2853	6.3609	7.9061	5.8367	6.42	
DNMT3A	10.2635	7.9901	7.9856	10.1993	7.9061	8.3565	
TM9SF3	8.7987	9.6099	9.7331	9.1083	9.4807	9.7609	
CCDC86	11.7721	11.614	11.6895	11.5667	11.3629	11.1845	
HIST2H2BE	9.1225	7.1978	7.6704	9.2399	7.4245	7.0679	
S100A4	8.8178	8.1872	8.3709	7.6632	7.5188	8.0879	
SLC25A14	5.7949	6.2922	6.1668	6.3722	6.1508	6.3722	
KTN1	10.8776	10.5493	10.4158	10.758	10.8105	10.97	
TBXA2R	8.404	5.7305	5.9553	8.2406	5.6354	6.6593	
ARHGAP1	9.3825	10.1233	9.7703	9.9387	9.8877	10.0491	
FBXO11	5.5245	5.3057	5.5571	5.5571	5.0954	5.4781	
HERPUD1	9.2203	9.9531	9.8565	10.0508	10.2071	9.9353	
LPAR2	7.3396	6.7394	6.7961	7.5514	6.6675	6.4601	
COASY	6.9795	8.2255	8.1836	7.8963	8.6517	8.706	
RPL39L	4.1272	3.7187	3.4984	3.6463	3.6938	3.3159	
BPHL	10.1064	8.8367	9.0403	9.2626	7.9699	9.154	
RASA1	6.2132	6.0276	5.6463	5.7949	6.5279	6.8959	
ATMIN	6.2922	6.1995	6.4088	5.2137	6.4251	6.1485	
MAPKAPK3	5.3517	7.0775	6.9914	6.8491	6.2818	7.4031	
CASP3	11.3934	11.1805	10.9624	11.2426	11.2109	11.3784	
MBOAT7	10.8247	10.3414	10.6169	10.6764	10.2709	9.9989	
PNKP	8.2883	7.4494	7.5765	6.7875	7.6546	7.6295	
PSME2	12.3346	12.8954	13.0635	12.3711	12.8038	12.7513	
NISCH	7.666	7.7336	7.7614	7.4877	8.2407	7.6849	
SLC35A3	5.2466	6.1799	5.9749	6.2508	5.894	6.2518	
CPSF4	10.7043	9.9793	10.029	9.8565	9.2746	9.7978	
LSR	9.4568	9.0898	8.79	8.573	8.892	8.8996	
COPB2	11.4656	11.6747	11.4806	11.3784	11.8333	11.8732	
MEF2C	5.8259	4.9018	5.0612	5.9136	5.3413	5.2932	
GADD45A	9.8404	10.3576	10.2762	10.4147	10.3024	10.5418	
KDM5A	6.5712	6.7009	6.4141	6.5556	6.879	6.9149	
FAM63A	9.6021	6.3208	6.6163	6.1791	7.2677	6.4581	
SMNDC1	8.1105	8.9146	9.0514	9.1766	9.0568	8.7566	
NUDCD3	7.282	9.495	9.5394	8.876	9.6335	8.3814	
RAB4A	9.0512	7.2215	7.6091	7.2205	7.6795	9.7478	
FGFR2	10.6003	6.9663	7.411	9.4568	6.7431	7.7713	
IFRD2	9.6737	11.5101	11.3834	11.1834	10.4516	11.0031	
BACE2	3.9582	3.9162	3.7943	3.9625	3.9957	3.8489	
HMGCR	9.8314	10.1441	9.8003	10.0559	11.6325	9.8077	
LYN	5.4825	5.3474	4.6143	5.3804	5.0796	5.0213	
SLC35B1	10.6812	11.1922	10.7925	10.4921	10.4619	10.9564	
ISOC1	9.7122	9.4733	9.0475	9.9858	9.5327	9.036	
TIMP2	8.7047	8.0077	7.9949	8.9668	9.2078	9.0512	
DUSP3	7.3007	7.3128	7.9453	8.465	8.6697	8.2255	
LSM6	6.3442	7.8061	8.3744	7.2368	6.5413	7.3847	
CALM3	9.3825	8.3891	7.2223	8.9796	7.4563	7.8505	
MOK	5.2016	5.5785	5.3804	5.5165	5.456	5.4204	
PPP1R13B	8.465	6.8896	7.1776	8.2182	6.2577	6.5597	
SACM1L	9.0257	9.2369	9.5327	8.8306	9.6433	9.7816	
DNAJB2	8.6288	8.9252	8.5271	8.9318	9.2527	9.5482	
TCERG1	9.2267	9.3504	9.4695	8.3345	8.9836	9.1603	
CERK	8.774	8.5413	8.634	9.2213	8.083	8.6906	
KIAA0196	11.0262	9.0165	9.1143	11.0317	9.0888	8.616	
DNM1	9.2646	4.7021	5.2312	4.9388	4.4634	4.5662	
LAP3	11.9062	11.4304	11.9062	11.8837	11.8458	11.5924	
DDIT4	8.713	9.4887	9.1966	8.8359	9.7375	8.4016	
MAPKAPK5	9.4239	8.3925	8.3333	8.5271	8.1669	8.8422	
ALAS1	12.1976	11.8305	11.7524	12.3346	11.8805	10.834	
HDGFRP3	5.9812	4.7353	5.2033	5.859	4.7727	4.8945	
PAFAH1B1	11.3567	9.4099	9.2325	11.0031	8.7711	8.6276	
PRKCH	4.9989	4.5101	4.4659	4.6796	4.23	4.2286	
PSRC1	10.7597	9.7888	10.2532	11.3509	8.6432	8.7218	
RAB21	8.2481	7.7272	8.5425	9.495	7.4813	8.054	
ERO1L	6.4295	6.5647	6.4644	6.9126	7.5459	6.8959	
PSIP1	7.8653	8.294	7.9474	7.8746	6.9106	7.8025	
APOE	8.5695	10.6129	10.6748	10.396	11.2589	11.0164	
CREB1	7.9554	7.0942	7.3807	8.5092	6.9418	6.8093	
MBNL2	7.4566	8.1385	9.103	8.2	9.036	8.1701	
RBM15B	8.6743	8.5479	8.3565	8.681	7.7989	8.3678	
PACSIN3	9.0898	8.4423	8.3317	7.7536	7.731	8.1893	
TOMM70A	9.6518	9.3279	9.3571	8.9642	9.6576	9.4037	
CBR1	8.1979	7.5705	7.4845	7.6926	8.1497	7.5577	
MTA1	9.8618	9.6239	9.6414	8.9204	9.8623	9.6515	
MACF1	8.6596	9.3921	9.2512	8.755	8.9828	9.5685	
PRKCD	7.631	7.2527	7.0122	6.8224	8.0761	7.5417	
CCNA1	5.5815	5.4912	4.7986	5.7701	6.3734	4.5668	
PIK3R4	6.242	6.4184	6.1707	6.1139	7.0151	5.9812	
CSNK1E	9.9757	9.7046	9.6926	10.5014	10.3487	10.2209	
HIST1H2BK	6.2226	6.5413	6.4825	6.5479	7.4084	7.4237	
JUN	8.9686	8.3881	8.6898	9.103	8.9514	9.0898	
PCCB	10.8128	11.4779	11.5714	11.3154	11.5793	11.5985	
STAP2	7.7095	6.7564	6.6546	7.4494	7.5716	6.7246	
TMEM50A	8.5695	9.4848	9.7978	9.3687	9.9442	9.7155	
PMM2	13.244	12.5876	12.9074	13.0635	13.0025	11.8896	
SCCPDH	9.7566	10.5493	10.6826	10.893	10.8997	10.9868	
HSD17B11	9.5632	10.2466	10.8105	10.4516	11.2498	11.1641	
TSC22D3	4.5193	4.5793	5.0912	5.097	5.6186	5.0176	
FBXL12	11.0839	7.7949	7.8811	8.805	8.568	7.9792	
TFAP2A	10.7213	7.8768	8.5092	10.6577	7.6172	7.5881	
WDR61	8.4316	9.0475	9.4166	8.294	7.9474	8.9195	
ZNF395	13.2984	10.0751	9.2938	13.3701	10.4419	11.8837	
FAS	4.3073	5.009	5.8706	4.8444	5.1927	5.479	
VPS72	10.2699	6.9512	7.2127	9.2096	8.1701	7.348	
CENPE	7.5461	7.3868	7.0993	7.2741	6.1998	6.9459	
CLSTN1	8.0361	8.5915	8.4234	7.3601	8.5815	8.4246	
CREG1	10.836	9.6174	9.4692	9.4733	9.8393	9.5082	
MAPK9	10.2783	10.5301	10.4214	11.1108	10.2808	10.1697	
PRR7	5.8603	6.5822	6.7279	6.298	6.739	6.4151	
SKP1	6.5087	6.6119	6.3157	5.7873	6.8546	7.1168	
POP4	9.0048	9.1515	9.167	9.0311	8.7643	9.2935	
TMEM110	6.3841	6.8418	6.7974	6.3294	6.5128	6.4042	
NFE2L2	9.4746	9.345	9.3687	9.5701	10.0987	9.6614	
ZNF589	8.7643	6.1264	6.4301	7.6958	6.0714	5.922	
BAX	10.5212	9.9725	9.7735	10.029	9.8895	9.9081	
BLCAP	10.0714	10.7707	10.8245	10.7831	10.9455	11.035	
CNDP2	10.5462	11.0262	10.9534	10.9245	10.6661	10.7232	
FAM20B	7.7569	7.2306	7.2276	7.7292	7.348	7.0019	
PROS1	5.9612	7.5065	7.5514	6.6593	8.3189	7.829	
TNIP1	7.4802	7.5479	7.6411	7.498	7.9842	7.8886	
CRKL	10.2999	10.3589	10.4577	10.8561	9.9989	9.981	
P4HTM	5.124	4.9389	5.1131	5.2932	5.0398	5.3518	
REEP5	7.8535	7.4977	6.491	7.2634	8.8449	8.2366	
ZNF318	7.1214	6.3088	6.8517	6.3483	6.5735	6.3442	
BZW2	9.5039	9.1481	9.0211	9.1266	9.0102	9.1337	
FDFT1	11.0649	11.937	11.8333	11.8609	13.0472	12.0104	
CGRRF1	7.6482	8.1669	8.8449	7.9772	8.3098	8.6144	
TRAP1	10.4483	10.4943	10.2833	10.2597	9.9596	10.44	
AMDHD2	8.3469	7.7405	7.8148	6.9663	7.7095	7.8634	
GTF2A2	10.8475	10.8449	10.8844	10.6491	10.4147	11.1674	
PEX11A	5.0506	4.9989	5.0026	5.0629	4.6514	4.8447	
PSMD9	8.6847	9.0796	9.0861	9.3021	9.5243	9.2695	
GFOD1	6.7059	5.5943	5.7917	6.2345	5.5657	5.5184	
MTFR1	11.0006	10.1529	10.4992	11.3415	10.0869	10.3054	
PECR	10.1709	10.1259	9.9966	10.128	9.8568	10.1438	
UBE2A	7.8772	8.8381	9.0763	8.4811	8.8432	8.7047	
NIT1	12.2363	11.0572	11.1788	11.9394	10.5063	11.4171	
SOCS2	7.5163	6.1998	6.4177	7.7778	6.4603	6.883	
SYNGR3	6.3442	4.0928	4.4071	3.7497	4.6141	4.3174	
ZDHHC6	8.1631	7.7871	7.8993	7.5767	7.0573	7.3636	
ITGAE	9.9701	9.5393	10.2477	10.1275	9.6753	10.1206	
NFKB2	4.1711	4.5662	4.9882	4.7096	5.0773	4.505	
STK25	11.6405	12.016	12.016	11.7494	11.7109	11.9607	
TMEM5	7.8535	8.6374	8.7341	7.8061	7.8746	8.1947	
ABCF3	7.7405	8.4741	8.0125	7.8359	8.6547	8.5092	
ATP5S	5.894	7.1793	8.6068	7.8005	7.3234	7.5976	
FCHO1	5.009	5.5356	5.085	6.298	5.3804	5.0796	
NGRN	6.8517	6.747	7.1484	6.969	6.995	6.686	
HOXA5	8.5271	8.1673	7.6142	7.7623	8.0257	7.6632	
OXSR1	10.0178	7.6991	7.9522	6.8293	7.7488	7.8653	
GRN	10.75	11.2819	11.0164	10.7917	11.7517	11.5289	
SMARCC1	8.7888	10.0491	9.9276	9.5273	9.6021	9.8304	
NUP85	3.2696	10.513	10.5396	10.3181	9.7588	10.2093	
PAK6	4.3883	3.7808	4.4541	4.1711	4.0418	4.1711	
GHR	3.9957	4.1464	4.1825	4.2792	4.1464	4.1577	
GTPBP8	8.0849	8.8259	9.0708	8.9403	9.2855	8.9376	
GLOD4	9.2723	10.3884	10.8547	10.1206	10.7413	10.7527	
PTK2	10.9303	10.6925	10.4419	11.0966	10.1369	10.4079	
CDK4	10.3329	11.6488	11.4473	10.5885	10.7831	10.9939	
EPN2	9.154	7.4548	7.5257	9.2305	7.8455	7.9551	
CCDC90A	5.9882	7.4436	6.7208	6.5036	6.9659	7.147	
IL4R	9.1304	7.949	7.4156	8.5712	7.5705	7.5459	
KIAA0528	10.3168	9.8659	9.7945	9.5905	9.6852	9.3485	
PRKAG2	5.6409	4.9362	4.9686	5.7713	5.0408	4.6977	
KIT	7.249	4.2002	4.2752	4.1277	4.6193	4.0703	
MRPS16	9.4444	10.7228	10.7729	9.9411	9.1083	10.4954	
PTPRC	8.0225	6.1064	6.8366	7.9873	5.7785	6.2073	
RPS5	7.4134	7.0407	7.4693	7.4196	6.9958	7.6065	
NOL3	10.2909	9.0736	8.2462	10.2025	7.6289	7.7039	
PSMG1	9.0978	10.2122	11.3509	10.4158	10.5672	11.163	
NR1H2	9.1922	7.0557	6.6457	8.3025	6.5613	6.8027	
TMEM97	10.1138	10.883	10.8449	9.9468	11.3856	10.3504	
LRRC41	11.3834	11.3834	11.7721	11.7287	11.1052	10.9534	
PLS1	7.1865	7.561	7.6055	7.5009	8.4711	8.3255	
DUSP22	8.1727	8.1377	8.3567	8.044	9.48	8.6449	
KIAA1279	5.9296	6.4509	6.739	7.0809	6.0845	6.7134	
RPS6KA1	9.2024	9.7573	10.1494	9.7328	10.9221	10.5107	
TCEAL4	8.5927	8.4592	8.4649	8.6415	8.6991	8.5768	
DCK	8.7005	9.6081	8.743	9.1107	8.6603	8.9338	
NUP133	9.3992	9.1631	9.1151	9.6852	9.1286	9.3238	
NUP62	8.0795	8.5092	7.9772	7.4945	8.7785	8.6832	
TRIM2	10.2261	9.1337	8.8306	10.184	8.2368	8.2211	
SNCA	10.0868	9.9566	9.6913	9.5604	9.4494	9.8973	
SPTAN1	6.8174	7.227	7.1365	6.8675	7.0998	7.0607	
MALT1	7.0775	7.2127	7.0081	7.0109	7.7814	6.9269	
VPS28	5.7535	5.2932	5.4841	5.5657	5.7509	5.4428	
LRRC16A	6.6037	5.8571	6.0767	5.461	5.6895	5.8883	
YKT6	8.0225	8.8712	9.0715	7.7968	8.1273	8.0595	
CHP	5.1364	5.2374	5.7535	6.1644	5.1492	5.0524	
KIF2C	6.9319	5.9088	6.1791	5.6151	5.922	6.3686	
NNT	7.5107	7.4142	7.1648	6.7945	7.3705	7.3379	
NR2F6	10.3168	10.1162	9.9326	10.3024	9.1003	9.3739	
COL1A1	6.9084	7.2618	6.3804	6.0208	5.4368	6.0334	
EXOSC4	5.5245	6.2518	6.2781	5.5479	5.3181	5.8939	
CDC25A	7.9968	8.797	8.9934	7.5793	6.8896	7.9873	
PDLIM1	11.5786	10.3993	10.2227	10.1162	10.2894	10.2227	
CRELD2	9.9872	8.2089	8.0254	9.5221	7.4078	8.4844	
TP53	9.3723	9.8565	9.6293	9.1304	9.774	9.5393	
IQGAP1	9.1083	7.7583	8.3581	9.029	8.0337	8.3581	
RRP12	7.8229	8.1009	8.7639	8.1673	8.8	8.7987	
ACAT2	9.7616	10.5014	10.353	10.4764	11.5813	10.423	
EGR1	4.7649	4.9228	5.3443	5.0801	5.145	5.6532	
MUC1	3.6825	3.8489	3.7187	3.4447	3.7187	3.4447	
THAP11	7.7336	7.6632	7.4399	7.3266	7.3108	7.2138	
AURKB	11.9277	10.6911	10.3789	11.6086	9.495	9.6993	
CEBPD	11.6294	7.0191	7.2276	8.4147	7.4548	7.2566	
HSPA4	11.8293	12.1469	12.2241	12.1739	11.7213	11.5513	
MAST2	8.1283	8.0278	8.1128	7.903	8.3709	8.083	
DHDDS	8.0063	7.1312	7.2765	7.4563	7.4347	6.9876	
TOP2A	12.6242	13.0472	13.0472	12.6207	11.4994	12.5876	
GADD45B	4.959	6.3927	5.9994	6.5183	5.803	6.0665	
NCK2	6.3255	7.2228	6.9377	5.8809	6.847	7.6172	
AURKA	8.3404	8.0361	8.0609	7.7405	6.8779	7.6901	
KIAA0355	4.959	5.1623	4.7547	4.798	5.6006	4.9515	
B3GNT1	9.7478	10.4724	10.3504	9.1554	10.5332	10.1424	
DYNLT3	5.2924	5.9191	6.0767	6.0403	6.4417	6.1249	
CDK5R1	4.4141	4.8345	5.2859	5.1131	4.8868	5.2045	
CHMP4A	11.3415	11.3071	11.1288	10.6396	10.6826	10.8639	
IPO13	10.0014	8.1706	8.2407	9.5632	7.6263	8.551	
SCP2	7.3731	7.5257	7.4802	7.1706	8.1161	7.5514	
ITFG1	4.8058	8.1142	8.3232	8.6209	8.6778	8.5645	
RAD9A	8.1786	5.3895	5.2191	4.8657	4.9686	4.8334	
DRAP1	10.3899	9.3304	9.8091	9.255	9.8487	9.8754	
SPP1	9.8352	10.1206	9.2213	9.6527	11.5432	10.7925	
HYOU1	11.3303	10.7143	10.1945	11.3303	9.8696	10.1085	
PCMT1	9.8137	11.2682	11.2834	10.6516	10.834	11.1288	
FOS	7.4802	5.3308	5.2045	5.1063	5.3518	5.1063	
FYN	6.5183	7.814	8.1486	7.8798	8.3902	8.4085	
MCOLN1	6.4141	6.0671	5.4438	5.127	5.3528	5.461	
MYC	11.2155	11.2664	11.091	11.218	11.6488	11.7109	
ID2	10.012	9.6917	9.1764	9.0313	9.5847	9.483	
POLB	8.8087	8.498	8.1629	8.176	8.2462	8.7935	
CETN3	7.3731	7.8435	7.3601	7.6991	8.1872	7.5796	
KCNK1	5.3057	4.6193	4.3011	5.3591	3.6116	4.4728	
AXIN1	7.9852	7.1191	6.9483	6.9193	7.1415	7.1344	
SMC4	8.6788	8.6385	8.7332	8.1954	7.3083	8.1172	
RAI14	12.564	9.528	10.5488	10.9756	10.593	10.7528	
SMARCD2	9.6266	9.8314	9.7616	9.2723	9.8869	9.5243	
DNAJC15	8.6342	9.103	9.5587	10.0807	9.6423	10.4619	
MPZL1	8.054	9.4297	9.7662	8.681	9.8049	9.5221	
HOXA10	4.65	4.6424	4.3883	4.4804	4.7353	4.5965	
NRAS	8.8621	9.1603	9.2657	9.6737	9.5817	9.2788	
CASP2	5.4062	5.8069	5.7372	5.9601	4.9836	5.3057	
EBNA1BP2	9.6579	10.704	10.9088	10.6156	10.3836	10.7847	
CTNND1	11.8143	9.6871	10.1206	12.1976	9.3365	9.7104	
TATDN2	4.6193	5.3234	5.0618	5.2016	5.2836	5.4912	
LRPAP1	9.5207	10.4577	10.2532	9.8869	10.6631	10.4943	
ZNF131	8.6223	8.3456	8.5183	8.7267	8.0789	7.9747	
BNIP3L	6.6505	7.3391	6.9804	6.8544	8.6047	8.0849	
HOOK2	5.8259	5.7321	5.4552	5.0228	5.5699	5.4552	
ERBB2	6.3088	10.8195	10.4722	9.899	11.0572	10.0828	
TBPL1	7.1214	8.6415	8.5712	7.7901	7.4494	8.5554	
INTS3	7.6987	7.4115	6.7246	7.2434	7.101	7.0378	
RAE1	9.8222	10.5332	10.6071	10.1055	10.109	10.4313	
CDK1	10.2508	10.1545	10.1275	9.7046	8.6288	9.817	
RFNG	11.3704	10.952	10.5863	11.6405	10.5961	11.0649	
MICALL1	6.1883	6.419	6.0531	5.5312	6.1986	6.5981	
SLC35A1	9.2595	8.8505	9.5116	9.5207	8.8996	9.1266	
KLHL21	11.0534	5.2191	4.9489	4.7021	5.843	5.2568	
NIPSNAP1	10.6764	10.75	10.4209	10.3814	10.2052	10.7734	
BCL7B	9.8487	5.9715	6.1451	6.2854	6.0696	6.0942	
TLE1	6.7875	11.4717	10.883	10.6073	11.3411	10.3329	
FZD7	5.1699	4.959	5.0506	5.0954	4.3174	4.9487	
TIMELESS	10.0665	9.9548	9.7588	9.3485	9.0763	9.4918	
COG2	9.0666	8.4124	8.4275	8.8444	8.7026	8.4711	
DHX29	6.7645	6.9369	6.9707	6.9911	6.7319	6.8123	
MMP2	10.6003	8.54	9.1602	10.184	7.1355	7.6187	
MRPS2	10.012	10.6812	10.1666	9.9966	9.9234	10.3137	
KCTD5	6.9911	6.8609	6.6678	6.42	6.9287	7.0687	
TCEA2	9.8924	8.0287	8.7842	9.8393	8.7587	7.6543	
CNPY3	10.4147	8.0789	8.2004	8.3635	9.3925	7.9252	
FHL2	8.0225	8.9725	9.3116	9.0888	9.6456	9.6926	
ADAM10	8.974	9.4695	9.2147	8.8444	9.6099	9.3601	
FKBP4	14.8402	14.1471	14.5477	14.9678	14.5477	14.1471	
CD58	7.6048	8.3255	7.6729	8.3286	7.9562	8.8877	
KAT6A	8.3608	7.9322	8.2326	7.7292	8.2691	7.5796	
CDK7	10.3899	10.372	10.6929	10.6129	10.8392	10.8728	
KIF5C	3.866	4.5193	4.3885	4.6796	4.4359	4.6257	
HMG20B	10.1998	9.8684	9.8713	9.1603	10.2419	9.9192	
MAP3K4	5.7271	6.8216	6.9061	6.0185	6.8216	6.8559	
PIN1	9.7241	11.229	11.1714	11.0042	11.1677	11.6233	
ZFP36	10.5301	9.3229	8.9631	10.6355	9.5836	9.8487	
INPP1	8.3693	8.3278	8.6906	8.6012	9.9387	9.4662	
LAGE3	4.596	5.4163	5.1548	4.9836	5.6702	5.3093	
RAC2	3.6825	4.1277	4.3174	4.4564	4.2521	4.3137	
TNFRSF21	11.9851	11.8455	11.118	4.0991	11.8024	12.1313	
HMOX1	7.7651	8.7754	8.6654	6.9	8.8203	7.8634	
KIF14	5.622	5.843	5.7255	5.5347	5.097	5.6143	
COL4A1	8.6906	6.969	6.5735	7.6651	5.7547	6.5342	
DUSP6	7.4566	9.817	10.6911	10.7729	11.155	11.334	
CYB561	6.5647	5.7306	5.3413	5.843	5.4933	5.8534	
EPB41L2	8.9269	10.4419	10.1162	9.6871	10.0442	10.6156	
GNAI2	6.5399	7.531	7.0809	6.6037	6.769	6.9377	
HTRA1	7.7541	5.4024	5.3093	7.2874	5.4466	5.7051	
TSTA3	6.1707	7.3391	7.1521	6.9369	7.1355	7.3083	
WASF3	5.443	6.6678	6.2447	6.4154	7.2612	6.7773	
DNMT1	12.3018	12.564	12.4136	12.2755	11.8305	12.3018	
TSPAN6	10.5143	10.3598	10.0508	10.1369	10.2124	10.8844	
FBXO21	10.9833	10.4652	10.7232	11.5786	9.5914	10.0055	
RAB27A	8.3091	7.2422	6.9914	7.6295	6.5292	6.8947	
DDR1	8.3091	6.6593	6.5177	6.8827	7.0643	6.3847	
PPP2R3C	9.5556	10.4733	10.978	10.4214	10.2696	10.6929	
ADRB2	5.6062	3.9582	3.6116	3.9582	4.2761	4.0598	
LPGAT1	8.1519	9.2059	9.581	8.4016	9.2561	10.0165	
DUSP11	10.5549	9.4272	9.8123	10.883	10.0286	9.6433	
GRB10	7.0237	5.9117	5.717	6.1221	6.2226	6.3208	
MMP1	6.6795	6.1799	5.747	7.3552	5.4076	5.859	
TP53BP2	9.6811	9.368	9.3908	9.9989	9.2794	9.4255	
CDKN1A	9.3436	10.9489	11.024	10.5054	11.2109	11.6488	
ZW10	8.8406	8.819	8.9195	8.9585	8.4887	8.566	
CORO1A	9.483	8.1712	7.5929	8.54	7.8316	7.7593	
TJP1	7.3518	6.7772	7.4457	6.8959	6.9657	6.7319	
ABCB6	9.3044	9.9688	9.7495	9.3017	9.5304	9.7422	
XPNPEP1	4.8997	6.1586	6.2282	6.3804	6.2307	6.7515	
MAMLD1	4.1272	4.3493	4.5273	4.3687	4.068	3.7943	
MTHFD2	10.5399	11.2001	11.429	11.201	11.7702	11.5551	
DSG2	7.3284	8.3419	8.3189	8.8546	8.5768	7.9109	
PRAF2	4.7649	4.0928	4.5662	3.8317	4.4279	5.1736	
DNTTIP2	10.6262	10.6103	10.4689	10.3899	10.0868	10.4759	
SLC27A3	9.9034	9.2561	9.3959	11.6731	8.0254	8.876	
CD97	4.5793	5.2466	5.3518	5.124	5.8259	5.5545	
HTATSF1	11.6681	11.4171	11.4773	12.3651	11.2378	11.149	
IL13RA1	10.7415	9.2093	9.724	9.9688	9.3681	9.3791	
NCAPD2	9.6895	9.8347	10.371	11.2064	9.3206	9.7588	
AGL	6.6168	6.3804	6.5067	6.6597	6.7208	6.3532	
TMEM109	7.666	7.7947	7.8061	7.6729	7.9135	7.731	
CDC25B	10.0906	10.7527	10.6765	9.4318	9.8635	10.0839	
ICAM1	8.1979	8.616	8.5324	8.3098	9.6254	9.4482	
GATA3	4.0418	4.3011	4.1427	4.4141	4.1711	4.1085	
NUP93	7.9767	9.2626	9.6081	9.4405	8.8406	9.345	
PLA2G15	7.7651	7.6987	7.9688	7.4457	8.8765	8.4741	
RPA3	6.5545	7.829	7.3931	6.9795	6.7071	7.0507	
PIP4K2B	8.5927	7.6189	7.045	6.8058	8.3493	7.814	
TES	11.9975	10.893	11.1394	12.8038	10.4794	11.8143	
MYCBP2	6.8959	7.199	6.8959	7.2395	7.3694	7.227	
SPR	9.0313	9.7141	9.7425	9.3241	9.6917	9.4193	
PGRMC1	10.4807	11.8333	11.9185	11.4465	12.0762	11.9554	
RELB	10.8844	5.4076	5.894	5.6532	6.2818	5.6947	
AARS	11.4006	10.7887	10.4517	10.1886	10.5579	10.5672	
EPHB2	6.4657	4.583	4.7096	4.8828	4.5747	4.7694	
GPC1	8.3608	7.1081	7.0376	7.8409	6.7965	6.93	
RPIA	11.3148	11.9016	11.9878	11.5101	11.5551	11.8333	
ELAC2	11.593	11.7671	11.7991	11.6747	11.1788	11.4557	
GPR56	10.1886	10.3993	10.1886	10.372	10.2335	10.1709	
NVL	12.8038	10.2709	10.0938	12.4136	9.9793	11.253	
PLSCR1	6.0551	6.0995	6.3615	6.5003	6.1883	6.3821	
CHEK1	10.0227	9.2695	9.2453	10.1362	8.79	9.1515	
CTSL1	9.7997	10.6169	10.8273	10.633	11.9757	11.3985	
CTSD	10.6925	10.4522	10.0371	10.1898	10.4875	10.1115	
ME2	7.4377	7.9772	8.1309	7.6048	7.8197	7.8649	
ARHGEF2	6.242	6.4875	6.9507	6.4098	7.0941	6.5511	
PDGFA	5.2191	6.0633	6.2872	6.0325	5.717	5.8939	
ILK	9.2723	10.0241	9.9757	9.9872	10.1636	10.3024	
WDR67	8.8849	8.4327	8.405	8.6863	7.5479	7.9135	
NFIL3	8.4983	9.2788	9.1528	8.5815	9.5705	9.5481	
RFC2	7.9364	8.2344	7.7778	7.4035	7.5448	7.498	
ARL4C	9.2595	6.6905	7.4416	9.7588	6.2853	6.7781	
TIMM9	11.07	12.3384	12.4548	12.3169	11.6955	12.2108	
CPNE3	10.6422	11.0452	11.2349	11.3411	11.3415	11.3694	
ORC1	12.4877	10.9068	10.9571	12.4877	9.6225	11.1176	
C5	9.731	9.7816	9.9201	9.0551	8.9642	9.5966	
PARP2	9.9939	9.5914	9.1225	9.719	8.5218	8.974	
FASTKD5	9.4444	10.1918	10.5584	9.036	10.7917	10.4403	
SCRN1	11.0098	9.3739	9.1192	9.5762	9.4403	9.2896	
MAN2B1	7.4988	7.3973	7.4988	6.945	6.9507	7.4782	
PTPLAD1	10.4984	11.0649	11.0098	10.4313	10.4652	10.3883	
MSRA	7.5525	6.3075	6.3664	6.4387	6.3605	6.2938	
NFKBIA	10.6103	11.0164	10.7917	9.8503	11.0438	10.4807	
DCTD	8.441	9.3915	9.3739	8.5142	9.452	9.4139	
SYNE2	5.2466	5.4326	5.1927	5.2312	5.5815	5.4052	
MBNL1	7.6831	7.6438	8.0058	7.5926	7.5065	8.7218	
UBE3C	9.483	9.7809	9.84	9.4202	9.5955	9.7425	
CCDC92	6.0671	6.8123	6.9193	6.739	6.5087	6.7431	
MYCBP	8.7571	9.3424	9.4785	8.5122	8.6068	9.0799	
CXCL2	4.4564	4.0991	4.4991	4.3885	4.1079	4.0598	
PTPN1	9.5457	9.4297	9.4255	10.2437	9.9871	9.6423	
BRP44	11.2064	10.8658	11.0901	10.7254	10.9072	10.8563	
TIMM22	8.9642	8.4905	8.8359	8.5382	8.4461	8.6068	
ATF5	8.2672	8.6574	8.6707	8.6898	9.3766	8.7711	
ECD	8.8877	9.0568	9.2349	9.1738	9.1083	9.3805	
CIRBP	7.631	9.3088	9.3942	9.0257	8.9085	9.3144	
NSDHL	9.5039	9.9523	10.23	10.0014	11.3154	9.8684	
ADI1	7.5902	9.9989	9.8623	9.4403	9.6016	9.4558	
NFKBIE	8.294	6.089	6.0689	7.4078	6.0276	5.7179	
ADCK3	6.3841	5.6406	4.9836	4.3137	5.3234	4.6779	
PRSS23	7.0775	5.2478	5.2836	5.479	5.2534	5.3674	
CCNH	8.7496	8.9585	9.1546	9.4138	9.0211	8.9725	
GDPD5	8.2735	8.5006	8.5568	8.667	9.5394	8.8482	
P4HA2	7.2072	7.9339	7.6926	7.1152	7.7659	7.8229	
TARBP1	8.2672	7.6212	7.7011	7.5878	8.4101	8.139	
ATP6V0B	5.4607	7.4635	7.4528	7.157	7.3601	8.0147	
RBKS	6.6168	7.1344	7.2934	6.8139	6.6593	7.4399	
CAPN1	3.8317	4.068	4.0777	3.866	4.0356	3.7808	
KDM3A	8.8575	9.3078	9.1602	9.5449	9.6202	9.5034	
BID	8.8406	8.1012	9.1143	7.7563	7.6048	7.8316	
STXBP1	5.5008	4.1711	4.1085	3.9127	5.5198	4.4775	
ITGB5	9.2096	10.6303	11.1409	10.5175	11.7349	11.3496	
MTF2	8.3521	9.3485	9.516	9.5516	8.8621	9.1259	
HLA-DRA	6.9173	6.2823	5.113	6.4783	4.7986	5.685	
SLC11A2	11.7393	8.5645	8.4343	8.1257	8.3879	8.0932	
PDIA5	6.1067	6.4387	6.1357	5.4663	6.8027	6.8058	
PIK3C2B	7.0573	6.1451	6.8123	6.9418	6.2531	6.2854	
RAP1GAP	9.4312	9.1431	9.588	9.2203	10.0839	9.5587	
SLC25A46	7.7871	9.5002	8.5815	7.9626	8.2648	8.6778	
CDK19	8.1029	8.2063	8.7021	8.3925	9.2093	8.4623	
NOLC1	8.743	9.8588	9.6678	9.6579	9.524	10.0163	
CAT	11.1128	10.8948	10.7213	10.705	10.9564	10.7228	
KIAA0753	9.4239	8.4234	8.6385	9.8091	7.6187	8.279	
DUSP14	8.5927	7.9747	8.0518	7.6209	8.4561	8.6863	
KAT6B	8.1009	6.491	6.9173	7.1168	6.9084	6.4483	
CHN1	9.1819	5.7701	7.5268	7.6962	6.0954	6.5631	
HMGA2	8.4708	10.4921	10.5788	9.5481	10.0525	10.1898	
IGFBP3	6.7645	5.2721	5.6143	6.593	6.4387	5.5356	
MAPK13	8.6408	8.9403	9.2292	8.9415	9.3236	9.0715	
TRIB1	10.1591	10.0559	10.0663	10.5793	10.2999	10.6606	
UFM1	7.7748	9.4626	10.1529	9.1966	9.6517	9.2066	
GNA15	7.6482	6.0276	6.0954	8.5768	5.5338	7.5382	
TP53BP1	7.5824	7.3756	7.881	7.6212	7.7814	7.411	
FRS2	7.8293	6.5544	7.0019	8.3841	6.4113	6.7965	
IARS2	7.8653	12.0997	12.1246	8.1502	11.3509	12.1246	
BECN1	9.5587	9.4482	9.6228	9.1764	10.0508	9.8595	
GATA2	6.4483	7.4345	6.9611	6.6457	6.3319	6.9559	
KDELR2	9.0092	8.9172	8.7168	8.0835	8.8932	9.1673	
RALGDS	8.6085	7.3266	7.5625	7.3007	7.4527	7.1251	
ELAVL1	8.7754	8.7047	7.8947	8.115	8.2273	7.785	
NRIP1	9.4138	11.0649	11.1923	10.2913	10.6449	11.024	
CCNB2	11.4177	12.099	11.7349	11.888	10.934	11.6736	
IFNAR1	10.9409	8.6603	8.7951	11.0861	8.4147	8.9204	
MIF	13.5655	14.5708	14.5708	14.5708	14.2134	14.4361	
RNPS1	13.1707	14.6316	13.7426	13.5994	13.1318	13.7426	
DAG1	7.7204	7.9809	7.4528	6.5647	8.1836	7.4416	
SATB1	7.0237	3.9891	4.2933	3.9162	4.2761	3.5493	
ARID4B	7.7146	7.5831	7.974	7.2792	7.8615	7.9493	
IGF2BP2	6.9659	7.9164	8.2823	7.6209	7.6677	8.3859	
GSTZ1	10.8681	10.8997	8.8787	8.667	8.9298	8.4343	
IGF2R	11.2651	11.5172	11.6736	11.6736	12.0104	11.7702	
SESN1	7.1514	8.4548	8.5425	8.2063	8.6114	8.5218	
TIPARP	7.8293	7.4954	7.4295	7.227	7.6543	7.4345	
CRTAP	5.5699	5.8831	6.2757	5.9114	6.3203	6.2132	
SPEN	8.7347	8.5843	8.176	8.2368	8.2301	8.1309	
GMNN	13.0635	13.5994	13.4708	13.4708	12.6242	13.5994	
PFKL	9.1922	8.6223	8.1019	8.3456	8.7307	8.1512	
CYTH1	4.9228	5.995	6.1195	5.7089	7.4754	6.5399	
PDHX	9.8077	10.0847	10.0059	9.7422	10.2762	10.1993	
DENND2D	5.0506	4.7855	5.0049	5.4466	4.7889	5.085	
PRCP	9.2907	9.27	9.154	9.0048	9.2261	9.1404	
CTTN	4.3073	5.9517	5.7226	5.3057	6.5932	6.3291	
SMARCA4	7.2205	7.9809	7.7536	7.1107	7.5881	7.9381	
PYGL	10.2122	10.3181	10.0707	10.2495	10.4943	10.5014	
UBR7	8.0661	8.2984	8.5258	8.6209	7.9688	8.2605	
GRB7	13.8312	13.0025	12.5287	13.244	13.0635	13.116	
RPA2	9.9293	9.5987	9.5571	9.2935	8.7587	9.4733	
CD44	11.4405	9.2938	9.0403	9.8568	10.0059	10.1545	
ERBB3	8.5541	9.657	9.3895	8.8449	10.323	9.8869	
GTF2E2	10.307	10.128	10.1751	10.2894	10.1025	10.1378	
VAV3	6.7974	6.5372	6.7059	6.7879	6.8703	6.4396	
ABHD6	8.0738	7.0679	7.2765	8.6085	7.7492	7.4898	
ANXA7	8.7242	9.7498	9.7888	8.9098	9.6807	10.0847	
MAPKAPK2	9.5171	9.8762	9.6156	9.3805	10.423	10.3487	
TXNRD1	11.1108	11.8609	12.0104	11.8458	12.3384	12.3384	
CAB39	6.0058	6.9876	7.1383	7.8715	7.0803	6.7279	
FZD1	8.054	6.4301	7.2566	8.79	6.2149	6.7929	
CRYZ	10.0521	11.6623	12.2108	11.9439	12.2089	12.1682	
TIAM1	4.7021	4.3883	4.4728	4.2949	4.5193	4.0201	
DNM1L	4.7313	10.2565	10.0014	10.428	10.338	10.3598	
GAA	6.1067	7.4352	6.7431	6.3393	6.5631	6.8827	
DERA	11.1245	10.9603	11.5172	11.2001	11.0781	11.334	
SKIV2L	8.5218	9.1405	8.9188	8.41	9.0791	9.0012	
BLMH	8.38	8.7332	8.8505	8.5479	8.3469	8.5609	
PTPRK	12.0751	10.7994	10.6073	12.2241	10.9868	11.1714	
HERC6	8.1631	5.0408	5.0477	5.3997	5.9455	5.5008	
RRP1B	7.4457	9.1554	8.9377	8.182	9.1337	8.9918	
MKNK1	13.4177	10.1898	11.3647	11.4006	10.5788	10.2437	
TSPAN3	7.5626	8.444	7.7336	7.1758	9.1738	8.6618	
ACOT9	7.8359	8.4147	8.6953	8.3581	9.4371	9.2746	
PIK3R3	5.8769	5.0524	5.1492	5.7789	5.2315	4.9954	
KEAP1	10.5642	10.3769	10.2071	10.1424	10.43	10.5346	
ST3GAL5	5.4163	5.0704	4.8997	5.2256	4.5662	4.8742	
CTNNAL1	6.8421	8.5142	8.3859	9.178	7.6334	8.8381	
TFDP1	8.2406	9.9326	9.8471	9.4482	8.737	8.8367	
ABHD4	8.5479	8.4475	8.0974	7.9767	9.2369	8.2848	
SMC3	9.5966	8.9631	9.4596	9.9128	8.6526	9.0523	
INPP4B	9.6678	4.3636	4.8742	4.7684	4.0894	4.221	
LBR	9.7188	10.1886	10.254	9.6081	9.902	9.9688	
PPIE	8.9585	8.3953	9.3236	8.4234	8.6257	8.6707	
ZMIZ1	9.981	9.9438	8.7643	10.3414	10.0644	10.0286	
PPARG	5.3234	5.9296	5.7784	5.7535	6.582	6.1756	
TERF2IP	10.9756	10.8178	10.9728	11.1409	11.4473	11.3856	
BNIP3	10.1777	11.0322	11.2001	10.4692	11.1409	11.1928	
RPP38	6.6873	7.2839	7.3132	6.9989	7.1865	7.3155	
BCL2	6.0276	3.9957	3.8317	4.5793	4.2028	4.6141	
CAST	6.2626	9.8123	9.114	9.3191	9.6034	9.8314	
BAG3	9.7816	9.8049	9.9793	9.528	10.0227	10.2808	
RBM6	8.4548	8.4368	8.245	8.4592	8.521	8.6213	
CSK	8.4064	9.0029	9.2078	8.743	9.5187	9.0475	
GNA11	9.0209	9.353	8.667	8.6432	9.1485	8.805	
ALDOC	7.8053	6.9707	6.7182	5.9589	9.0453	6.8421	
TOR1A	6.4947	8.2481	7.6263	8.7609	8.2301	7.8963	
SLC25A13	10.6661	10.3198	10.2625	10.2025	10.5584	10.633	
UBE2L6	10.3414	9.0551	9.1447	9.6811	9.4714	9.4041	
SYK	6.739	5.461	6.1064	6.7833	5.6043	5.4326	
TSPAN4	10.4018	11.0878	10.893	10.7881	11.4241	11.1052	
NR3C1	4.959	5.6288	5.4189	5.2836	5.1456	5.5303	
PCBD1	13.7236	13.6357	13.4177	13.1973	13.4783	13.5655	
ICMT	8.2808	8.7987	8.4064	7.9394	8.2	8.0288	
TRIB3	13.9873	13.3663	13.8312	13.6357	14.5477	13.4783	
EIF4EBP1	9.4685	9.8743	10.2709	9.8618	10.4159	10.1369	
PHF15	4.5499	4.6779	4.6796	5.3413	4.9935	5.2016	
CXCR4	7.4196	5.7306	5.944	7.3705	5.4204	5.391	
GNPDA1	9.6266	9.7276	9.8921	9.9081	10.0163	9.9858	
CCND3	6.9659	6.8959	6.9013	6.6285	6.6905	6.6441	
FKBP14	7.0941	6.0845	6.0172	5.936	6.5647	6.2531	
CIAPIN1	8.8061	10.0472	9.8762	9.3173	9.1481	9.1766	
NUCB2	9.5701	9.6807	9.8924	9.8219	9.5034	9.6995	
COG7	9.8762	8.9338	9.6304	9.6225	9.3304	9.1546	
RSU1	8.7888	7.6048	7.3334	8.1172	7.5122	7.3887	
PTPN6	7.6831	5.944	6.0172	6.0696	6.1068	5.7442	
TUBB6	9.3236	9.8222	10.0065	10.1645	9.7735	10.1666	
ABL1	6.3841	9.0278	8.8626	9.0619	9.2166	9.0446	
DUSP4	6.1707	4.9388	5.2226	5.3659	5.4113	5.5395	
CCNF	6.0452	6.8265	6.7772	5.5757	5.4825	6.2319	
PTPN12	8.9977	9.4202	8.8979	8.8238	9.9147	9.8137	
HSPA1A	11.4779	10.6073	11.3072	10.7641	10.7232	10.9942	
PCK2	11.489	12.3711	11.7981	11.9016	12.0997	11.9185	
FAM57A	10.4722	10.2696	9.7514	9.345	9.7141	9.8026	
RB1	8.0955	8.2536	8.5413	8.6457	8.3537	8.0225	
EVL	6.6384	7.9432	7.348	6.2691	7.3327	7.2269	
GFPT1	7.0775	7.6367	7.4988	7.7569	7.8138	7.8535	
BLVRA	10.6519	11.0777	11.155	11.1052	11.4878	11.3934	
GPER	7.3155	7.1699	7.282	7.1514	7.3931	6.9061	
EAPP	7.6987	11.1245	8.9106	8.7235	8.6238	8.8754	
S100A13	10.9534	11.6013	11.7702	11.7702	11.6233	12.016	
EXT1	13.116	12.0361	9.9293	13.4177	9.8523	11.6731	
MYBL2	9.7735	10.0227	9.4887	9.8123	8.1947	8.9098	
POLE2	8.8305	8.9836	8.7348	7.6622	6.9254	7.9364	
STX4	10.097	9.8471	9.5685	10.1636	10.1898	9.6527	
PLCB3	9.0512	8.585	8.4905	8.6114	8.6574	8.4275	
TMCO1	10.3487	12.0104	11.8609	11.4806	11.5714	11.9016	
C2CD2	6.1296	7.1515	6.8231	6.6432	6.6692	6.7564	
PARP1	9.6095	9.9122	9.6527	9.5482	9.6123	9.8471	
ANKRD10	7.4802	7.7614	7.7271	7.3413	7.6411	7.7446	
CCDC85B	8.2138	8.245	8.3306	8.0063	8.2605	8.2342	
DDB2	7.53	8.8432	8.3521	8.0288	8.3317	8.6415	
DDX10	8.2326	8.1554	9.0128	8.4905	7.9197	8.1364	
BAMBI	8.3693	9.657	9.6174	8.6654	9.1958	9.158	
CEP57	9.0512	9.255	8.0343	9.902	7.0763	7.9905	
HADH	8.944	9.6123	9.817	9.6917	9.204	9.2078	
RAB31	6.8517	5.5545	5.5545	6.9418	5.5453	5.8363	
ABCC5	10.9603	5.2312	5.141	4.7986	5.2626	5.3474	
GLRX	11.4557	12.1246	12.3711	12.48	12.8662	12.7049	
MVP	10.4079	10.9918	11.0572	11.274	12.2108	11.8694	
RFC5	10.7836	9.1673	9.5221	8.7747	7.1839	8.1601	
HES1	8.5594	8.3656	8.5843	8.5497	8.5785	9.27	
STMN1	9.2486	9.6273	9.8545	9.151	8.9918	9.0029	
GALE	10.1496	9.9644	9.7217	9.6293	9.3845	9.7498	
KLHL9	8.2211	9.9181	8.0932	8.0826	8.41	7.9699	
PTPRF	11.2988	9.4403	9.8754	11.0649	9.5422	10.1645	
UBE2J1	9.3337	8.4582	8.6025	10.1697	9.1404	8.7516	
PGM1	8.944	9.1827	8.9286	8.7951	9.7425	9.1003	
SLC37A4	7.3813	7.5717	7.3477	8.2735	6.6285	7.034	
LOXL1	4.349	5.0228	4.9228	4.9989	4.7313	4.7649	
PLK1	10.4984	11.4241	11.2104	10.6103	10.1441	10.5584	
MYO10	7.8772	7.134	6.9738	7.0573	7.5163	7.0376	
NPRL2	8.9189	7.7423	7.7396	8.737	8.0233	7.5448	
LIPA	9.3436	9.8487	9.7328	9.4494	11.118	10.331	
PWP1	9.9566	9.5663	10.3865	10.097	10.5493	10.2124	
PHGDH	10.8635	11.6955	11.4405	11.2498	11.6013	11.5714	
PLEKHM1	12.016	10.1275	10.4869	12.564	9.5735	10.3214	
ST7	6.1707	6.2226	6.3138	5.8354	6.2719	6.2073	
VAT1	10.0571	11.1401	10.9809	10.9833	12.1753	11.0207	
IKBKB	5.8069	5.9279	6.2626	6.5911	6.5911	6.0119	
KIF20A	9.167	9.5481	9.2066	8.5951	8.4202	8.7951	
CDH3	4.505	5.1933	4.3263	5.443	4.4634	4.488	
PCM1	5.8464	7.3552	7.7113	6.6395	7.5403	7.6991	
IER3	10.6519	11.8896	12.0997	11.6238	12.4548	12.5221	
SSBP2	8.1283	4.9018	4.8671	6.0665	4.7203	4.9362	
FAT1	10.3265	10.5399	10.4992	10.5346	10.5418	10.6355	
SNX11	10.5729	5.8173	6.6832	5.2795	6.6119	6.3088	
RNMT	8.2808	8.5122	8.4174	7.869	9.3551	8.3879	
SFN	7.134	6.4483	7.0458	5.9136	7.2038	7.2677	
EGFR	5.1548	5.0105	5.2836	6.5735	5.5745	5.8706	
RFX5	6.6597	6.6441	6.9623	5.6289	6.4088	6.8546	
NET1	8.26	9.2646	9.2935	9.2575	9.2989	9.4918	
PKIG	11.0839	10.6422	10.6516	10.5281	10.8948	11.3834	
DECR1	8.9828	9.516	10.0165	9.6913	9.5571	9.7118	
FSD1	8.2276	6.9559	8.9642	9.3875	6.3385	8.2773	
ATP6V1D	6.879	9.6375	9.9353	9.5935	9.7609	10.1138	
CDK6	5.8769	5.3093	5.5406	4.65	5.174	5.071	
CDC45	11.0152	9.5551	9.9727	10.3329	8.5291	8.9836	
NPC1	8.6847	8.5224	8.259	8.6025	10.7847	9.4403	
EDEM1	9.4955	9.42	9.5393	9.2346	13.2925	9.4955	
MEST	14.5477	13.244	13.6357	13.7236	12.0398	12.5687	
MYLK	8.9116	5.0704	5.2016	5.1774	5.461	5.0954	
PAFAH1B3	9.6479	10.1438	9.7422	9.2486	9.5118	9.9674	
CALU	10.1321	10.8105	10.9336	11.0861	11.3694	11.3154	
USP6NL	10.029	8.5987	8.3278	8.404	8.8	8.4147	
LGALS8	12.6609	9.4405	10.1777	10.3198	10.5175	9.7331	
NT5DC2	12.1313	12.3888	12.0361	11.2729	11.531	11.7287	
CCP110	6.6957	7.3379	7.3334	7.3613	7.5023	7.4698	
LRP10	9.3105	9.4685	9.7609	9.1447	10.3598	10.2623	
ATP1B1	11.9607	12.8051	12.8662	12.3705	12.7441	12.7441	
STK10	5.622	5.479	5.6639	7.1427	5.8868	5.9843	
OXCT1	7.5626	6.5816	6.8451	7.6374	6.5404	6.3027	
UGDH	7.6228	12.3346	12.4245	12.2341	12.5221	12.583	
SLC25A4	10.1591	10.3357	10.5536	10.4021	10.0707	10.8635	
SQRDL	6.4483	6.879	7.3559	7.4237	7.7405	7.5793	
HEBP1	8.3891	8.7005	9.1481	8.6743	8.6953	8.7898	
PSMB10	8.8534	8.9298	8.7609	9.0077	7.9622	8.3255	
ASCC3	6.7773	7.9383	7.3552	6.593	7.936	7.6586	
FGFR4	11.1928	10.7413	10.2696	10.3487	10.8008	10.5281	
CDKN2A	12.1739	9.3021	8.6415	9.4139	8.8154	8.8505	
TRAM2	7.5417	8.3612	7.7536	7.5976	8.2255	8.3131	
ATP11B	10.901	8.7423	9.3538	10.3504	8.3565	8.1669	
PYCR1	11.5667	11.8177	11.6325	10.9568	11.0237	11.7991	
CD320	11.4304	11.6294	11.5025	11.2231	11.274	11.614	
NCOA3	9.8713	10.1751	9.9523	10.2699	10.1362	9.6737	
CDKN1B	10.0417	11.6325	11.8732	11.527	10.9157	11.7349	
POLD4	8.4811	7.6622	7.4194	8.2984	8.4016	8.0287	
FOSL1	8.7571	8.6836	8.4511	8.5633	8.5295	8.9631	
MLLT11	9.2989	4.9882	4.8742	5.4076	5.0546	5.596	
CEBPZ	11.253	9.847	9.632	9.2646	9.1766	9.2318	
PRKACA	11.2729	10.9622	10.1441	11.6233	9.7495	10.3422	
GAPDH	14.8402	15.0	15.0	14.9678	15.0	15.0	
CBR3	3.7808	3.5522	4.0703	4.0418	3.7808	3.9127	
LYRM1	5.7749	5.7713	6.0122	5.9612	6.3532	6.4657	
