gene	0.04uM	0.12uM	0.37uM	1.11uM	10uM	3.33uM	
PSME1	11.0214	11.2527	10.8674	11.1803	10.6914	10.9746	
CISD1	10.7894	10.8558	10.5665	10.5425	10.425	10.8849	
VDAC1	11.5061	12.5055	12.8316	12.8708	12.3001	12.8577	
SORBS3	10.0037	10.447	10.3567	11.0006	10.9872	11.0929	
SPDEF	7.52805	6.7688	6.5333	6.8642	7.5274	7.4386	
ATF1	6.1843	6.8287	6.5901	6.3276	5.5698	5.8649	
SPAG4	5.87155	4.6201	4.4869	4.5205	3.7924	3.8605	
E2F2	6.7916	4.5396	4.912	4.9009	4.8839	5.6206	
RHEB	13.1005	13.0528	13.0395	12.8316	13.0156	12.9279	
IGF1R	7.4099	7.4608	7.4192	6.9501	6.7032	7.5031	
SLC5A6	5.63055	5.8611	7.7243	7.7322	5.6887	5.5422	
FOXO3	7.59075	7.9253	7.9877	8.1022	8.2402	8.5067	
RGS2	10.645	5.9974	4.6956	5.0057	6.1679	5.5459	
GSTM2	5.56595	6.0595	6.3248	5.899	5.6982	5.2915	
SCYL3	3.9445	3.852	3.5498	3.4703	4.0362	3.6674	
RHOA	10.7313	9.872	9.4503	9.5637	9.469	9.2954	
TBX2	4.2315	4.7501	4.0869	4.5433	3.9685	4.0145	
DNAJA3	13.1367	13.0533	13.0337	13.0715	13.7339	13.5341	
IL1B	3.91255	4.8295	4.5168	4.7502	6.1921	5.5142	
ASAH1	7.72185	9.4633	9.4143	9.7471	8.8724	8.7294	
DCUN1D4	7.9287	7.3882	7.2557	7.3939	8.0032	7.3262	
DYRK3	6.76545	6.1696	6.7208	6.8991	7.4453	7.1343	
RALA	9.03145	8.4457	8.7219	8.6258	9.1294	8.8241	
ARHGEF12	8.1003	8.6498	8.053	8.7739	8.5462	8.0169	
POLG2	6.7312	8.2827	8.6506	6.1442	6.1985	6.8756	
SOX2	7.6253	7.4564	7.1078	7.1343	7.3899	7.9756	
TRAPPC3	10.5508	10.2743	10.4498	10.1043	10.9761	10.6193	
SERPINE1	11.1554	11.667	11.4604	11.3677	7.3297	10.1177	
TCFL5	8.8712	4.6956	4.8495	4.9012	4.181	3.8605	
CRK	9.1933	9.5358	9.4473	9.8881	9.7543	9.8246	
HLA-DMA	7.31055	4.4775	3.9276	3.804	4.7155	4.4744	
EGF	5.48845	4.9855	4.4268	4.0476	4.1313	4.9123	
RBM34	7.65865	9.0917	9.6305	9.6573	9.253	9.4503	
ITGB1BP1	10.9741	11.2204	11.2576	10.9596	10.4715	10.7671	
SPTLC2	3.87225	4.0307	3.828	4.0869	3.3385	3.793	
ACLY	11.6687	11.7279	11.8477	11.9358	12.4202	11.77	
APP	14.2865	14.9984	14.9434	15.0	15.0	15.0001	
RAD51C	5.36725	6.3608	4.898	5.8888	6.7135	6.4455	
TSKU	8.23265	5.4207	6.1062	6.5419	6.354	5.132	
SMC1A	7.7993	8.4354	8.7395	9.3031	8.7052	9.0283	
TMEM2	7.4663	6.9813	7.2415	7.2762	5.8471	6.4635	
NOS3	3.42945	4.9307	4.5523	3.793	4.659	4.4548	
YME1L1	9.09915	8.743	8.3718	8.6856	8.0504	7.8018	
ACAA1	6.8534	7.7069	7.8552	8.0081	7.8875	7.3471	
CSNK1A1	10.0326	9.6504	10.0684	10.0861	9.6091	9.8127	
HSPA8	11.5458	11.6981	11.2703	11.4005	10.4063	10.3469	
NFATC4	6.3136	6.5471	6.5173	6.7306	8.0169	7.4664	
CCNB1	10.0904	13.1476	13.1013	12.8278	13.3469	13.0156	
TBP	6.87395	7.6913	7.7964	7.684	7.2695	7.4269	
SLC2A6	9.72605	9.8237	9.9713	10.0052	11.9149	10.425	
WFS1	8.06755	7.3046	7.3996	7.3526	7.0097	7.8177	
EZH2	8.17915	8.1326	8.3357	7.5525	8.0187	7.859	
UBE3B	6.7008	7.4649	7.5858	7.7085	7.6989	7.9827	
ICAM3	6.3322	7.4314	6.1286	6.2875	6.2439	5.4672	
NPDC1	6.2776	6.1248	7.6091	8.0995	8.5846	8.4519	
ALDH7A1	9.00935	9.0423	9.1775	8.7733	9.2178	8.9402	
BRCA1	4.7397	5.2439	5.1922	4.7693	4.1291	4.391	
NFATC3	7.01955	6.7306	6.5422	6.5129	7.1251	7.3517	
PSMD4	9.74215	11.1631	11.2527	11.4393	10.8648	11.1001	
PCNA	13.8657	14.3828	14.4569	14.305	13.1268	13.558	
PHKG2	6.55455	6.1529	6.4073	5.7632	5.9458	6.0837	
ETV1	8.0789	5.8982	5.8067	6.2875	7.319	6.2877	
POLR2I	10.4565	10.5595	10.175	10.1213	9.3072	10.0346	
KDM5B	4.3475	5.3755	5.6246	6.1264	5.6246	4.9882	
PSMB8	7.77205	8.1256	8.2081	7.9925	8.8779	7.8871	
AKAP8L	6.27585	7.1077	6.767	8.2292	6.8956	7.0494	
COG4	7.73415	7.9765	7.7751	7.0203	7.6917	8.2402	
MCM3	11.2621	11.4512	11.6668	11.5814	10.1692	10.9376	
PLEKHJ1	8.1636	8.0218	8.4153	8.5271	8.3811	8.6585	
HAT1	7.73095	9.3813	9.301	9.2572	8.699	9.14	
TERT	7.00905	4.912	5.2197	5.3375	6.3744	6.401	
G3BP1	10.2666	11.2021	11.1062	10.9379	10.2024	10.722	
SNX13	9.37655	8.6982	8.0337	8.5412	8.42	8.1183	
PAK4	8.7326	8.1481	7.5413	7.7424	9.019	7.9559	
TPD52L2	8.6706	9.728	8.3788	10.1148	9.5975	9.8887	
DPH2	6.14285	7.4432	7.7322	7.2825	6.5642	6.8077	
PIH1D1	8.43395	6.6806	7.0624	6.9917	8.5248	6.9099	
PRKCQ	4.2971	4.5373	4.5614	4.6508	5.5574	5.2197	
SNX6	8.38925	8.8988	8.7733	8.8266	8.7266	8.4798	
EED	7.5718	8.1591	7.4413	7.7424	6.1921	6.8605	
SHB	8.1732	7.3752	8.9026	8.2838	10.1185	10.0497	
UTP14A	6.2231	7.1955	7.6539	6.6421	6.1911	6.8866	
WIPF2	9.0012	7.8552	7.0776	7.7334	7.2415	7.8178	
NENF	9.579	10.0942	9.8047	10.1607	9.9352	10.0684	
TSEN2	7.697	7.6698	7.8038	7.6293	7.4448	7.5809	
RPN1	13.3095	14.0712	14.2422	14.1757	13.847	14.3589	
SUV39H1	6.49535	6.6639	6.4756	6.4783	6.1173	6.1582	
C2CD2L	6.67685	5.1437	5.3292	5.4045	5.1492	5.7292	
LYPLA1	8.30125	9.1608	9.4529	9.3533	8.5375	8.7231	
BIRC2	8.67355	8.9976	9.301	7.8906	7.0519	8.7161	
GABPB1	8.30405	8.6209	8.8901	8.7467	7.9633	8.1357	
MAP2K5	8.16785	6.5034	6.6776	6.4776	7.3532	7.1391	
POLR2K	10.8818	11.1932	11.5534	11.1723	10.6347	10.4929	
PTK2B	6.81035	6.1985	6.7306	6.4635	7.1391	6.7742	
PUF60	12.5623	13.2676	13.2679	13.3129	12.8782	13.2679	
DHRS7	9.18485	9.833	9.0131	9.775	9.5146	10.029	
PAF1	8.88535	8.9726	9.9695	9.2713	10.2056	9.624	
ARID5B	9.90315	8.5084	8.8715	8.1237	7.7919	8.1528	
POLR1C	8.2093	8.5457	8.1638	8.781	8.4838	9.0917	
PAK1	6.57955	6.1682	6.3477	6.6239	6.6053	7.5685	
RUVBL1	10.2017	11.0285	11.0754	11.2389	10.2058	10.608	
AKT1	11.0662	11.4114	11.2768	11.3263	10.9596	10.9962	
CDC42	10.229	10.667	10.482	10.4599	10.2477	11.3677	
IGHMBP2	8.878	5.5824	6.0915	6.2807	6.0632	6.0542	
SENP6	8.81855	9.5736	8.957	9.4849	9.2424	8.3514	
ADO	7.0287	7.2034	7.0784	6.8541	6.6205	6.7267	
HSPB1	14.0128	14.8269	14.9984	14.6305	14.8269	14.6305	
EBP	4.51785	6.8991	6.7585	7.1949	7.9254	6.8781	
TCTN1	6.3696	5.7313	5.9545	5.8952	6.7688	6.6639	
AKR7A2	11.018	11.8983	11.5575	11.6088	11.4497	11.5461	
CASK	6.0492	7.8132	7.2862	7.4956	7.2005	7.0981	
PPP2R5E	9.92035	9.926	9.4884	9.6341	10.5845	10.7874	
RRP8	6.3245	6.0632	5.8861	5.5587	5.8068	5.9782	
LAMA3	5.7462	2.9897	2.6028	3.4597	7.259	2.9572	
PIK3C3	7.59275	7.7563	7.3438	7.1588	7.8915	7.6389	
BHLHE40	7.23845	6.8372	6.8795	6.1541	5.5162	5.9663	
CCNE2	6.12315	5.922	5.7245	6.8475	4.8377	5.3026	
BDH1	5.64055	5.4694	5.5636	6.0971	5.0663	5.3373	
FEZ2	4.51445	4.4065	5.3613	4.9492	4.4408	3.0498	
IKBKAP	8.7186	8.3172	7.871	8.257	8.0297	7.4192	
SH3BP5	5.8811	8.1889	8.2725	7.8559	8.1077	8.3414	
PPP2R5A	7.99725	7.6212	7.2136	7.6759	8.42	7.6848	
SGCB	9.41305	8.9917	8.6396	8.3043	7.7128	8.0532	
EML3	8.1577	7.8705	7.4931	7.2557	7.4873	7.2345	
ENOPH1	12.4332	10.0208	10.1834	10.1041	9.7099	9.6341	
BIRC5	11.3932	12.0723	11.6088	11.662	12.1715	11.2389	
CNOT4	7.1686	7.6091	8.2139	7.1683	7.1795	7.319	
EPRS	9.52565	10.4868	10.5952	10.5803	10.0158	10.1854	
SNAP25	7.0966	4.2995	4.4235	4.0247	4.53	4.7078	
JMJD6	8.19805	10.1824	10.0875	10.2157	10.1743	9.57	
PAX8	6.23095	4.311	3.7203	3.4336	4.0566	3.5835	
CBLB	9.0491	9.1832	8.9103	9.2812	9.3053	9.4616	
SLC35F2	4.86935	4.2897	4.1593	4.5755	4.079	4.5034	
ANO10	8.82545	8.3026	8.4584	8.4929	9.0598	9.0386	
PDS5A	8.98855	8.9467	9.1094	9.0283	8.8504	8.4397	
DFFB	6.6935	6.1495	6.178	5.6439	6.6639	6.5233	
STUB1	13.7509	12.8984	12.8984	12.612	13.1019	13.0646	
PGAM1	13.1263	13.2067	13.0646	13.237	12.5516	12.7473	
TGFB3	6.92825	5.5357	5.8861	5.8471	6.4536	6.9627	
BAD	8.83575	9.7725	10.7231	9.6091	9.4914	9.3988	
XBP1	9.7636	10.521	10.3488	10.5789	10.1111	10.2503	
NMT1	8.00525	7.1876	7.0357	7.666	8.2832	7.893	
PSMD10	8.09525	8.1063	8.2796	7.4289	7.8617	6.923	
ARFIP2	10.3893	9.033	8.5859	8.76	9.0704	8.593	
RAB11FIP2	6.98965	6.4506	7.2158	7.1031	7.4211	7.3382	
FPGS	8.99945	7.9371	7.6519	7.3684	8.0081	7.5333	
STAMBP	8.12185	8.3603	8.6707	8.2992	7.5499	8.2711	
PRKX	5.1471	6.1113	5.8009	5.7007	6.7977	6.3298	
RNH1	11.1961	11.1552	10.5583	11.8983	11.7792	11.6836	
ATG3	7.5169	9.6027	9.8544	9.5633	9.0306	9.5633	
FAH	6.278	6.8667	7.3792	7.0587	7.2418	7.1997	
NCK1	9.19895	10.3666	10.6007	10.2409	10.1824	9.2993	
PLP2	8.86335	8.4397	8.8566	8.7987	8.8184	9.6165	
CFLAR	7.9164	8.2109	7.94	8.7199	7.5628	7.7374	
SOX4	7.0263	9.0171	7.6449	7.9386	8.298	8.4353	
HEATR1	9.7692	9.3927	9.8047	8.9531	8.6744	9.3072	
TESK1	9.0137	9.5485	9.5059	9.2424	10.0365	9.9653	
HN1L	8.42635	8.5221	8.7104	8.8594	7.5361	8.3405	
WDR7	7.5261	6.7306	6.7267	7.0519	8.1928	7.2116	
AKAP8	9.3368	7.4735	7.4924	7.1263	7.6459	7.3262	
RRAGA	10.1759	9.7188	9.6112	9.9043	9.9137	9.8866	
ELOVL6	7.2622	6.7068	6.5085	7.0063	7.5438	6.8667	
SLC1A4	6.0669	6.1348	7.2992	6.0714	5.9334	6.5369	
ACBD3	8.24745	8.0526	7.6132	7.9026	8.3172	7.5311	
GRWD1	7.00665	7.356	7.7282	6.8073	6.6484	7.7151	
PMAIP1	5.74925	6.6985	7.1078	6.9501	6.299	7.0324	
STAT1	9.5545	10.4793	10.2664	10.0497	9.061	9.8156	
FOXJ3	8.72245	8.5716	8.6958	8.6157	8.6817	8.6089	
TWF2	9.7692	10.6272	10.3532	10.667	10.4316	10.8632	
HDAC6	7.9104	7.1683	7.0432	6.9741	7.9253	6.5948	
MTERFD1	9.1539	11.4963	11.5175	11.0873	10.9108	11.0723	
CCND1	6.28045	7.5361	6.6799	7.1694	6.8631	5.9458	
CHIC2	6.5401	8.4185	8.3514	8.5462	8.0511	8.6273	
PXN	10.7981	11.3354	10.9853	11.2021	11.2318	11.486	
USP7	6.29045	6.0971	5.7734	6.0118	5.0926	5.3649	
NOSIP	9.62765	7.5685	8.6525	8.378	8.5	8.3119	
PHKB	8.7819	8.0347	6.9777	6.8386	6.7068	6.7422	
DLD	11.507	11.6939	12.2306	11.5113	11.2276	11.5838	
NFKBIB	5.58675	6.7477	6.4845	6.4322	6.6055	6.2845	
CASC3	10.2724	9.0306	9.0737	9.0943	8.957	8.7389	
IDE	5.63435	5.3215	5.4575	5.6574	4.6565	4.8948	
CD40	9.78015	8.669	9.192	8.1419	9.9455	10.0583	
MLEC	12.0781	12.6202	12.5895	12.4425	12.5055	12.3163	
GLI2	6.07955	5.2326	5.4456	5.4665	5.8475	5.5698	
PRPF4	7.10365	7.7069	7.3248	7.3991	6.7439	7.3952	
MELK	10.6382	10.6731	10.7885	10.175	9.5314	9.9344	
USP22	12.0454	13.0715	13.237	13.2679	12.746	12.9027	
DAXX	11.0789	8.4024	9.0949	8.821	8.7706	8.9493	
TMED10	11.4121	11.9358	11.9822	11.6899	11.5417	11.6939	
CHERP	8.38905	8.1183	8.768	8.2138	8.5295	8.781	
SMAD3	7.55155	8.8783	8.0949	9.4412	8.4519	7.811	
OXA1L	10.4273	11.3654	11.7037	11.3804	11.8477	11.4651	
PIK3CA	9.90345	9.1203	9.3484	8.7495	9.6035	9.2609	
SNX7	9.94875	10.2157	10.2517	10.4169	11.0223	10.6212	
TRAPPC6A	8.19085	7.6897	7.7131	7.6373	9.1215	8.1925	
ATP2C1	10.3837	10.8052	10.4063	10.6791	10.5012	10.071	
CDCA4	6.19655	6.8727	6.9916	6.8147	6.4139	6.5	
TBC1D9B	7.51645	6.7306	8.3646	6.2394	8.0271	8.0149	
USP14	7.22385	7.2344	6.4536	7.1997	7.3447	6.8167	
APPBP2	4.48775	5.4419	5.5913	5.4981	5.6439	5.6657	
CDC20	13.373	14.4799	14.0495	14.2422	14.1323	13.4158	
NARFL	7.2635	7.4484	6.8074	6.7089	7.5619	7.3952	
RPS6	14.5928	15.0	15.0	15.0	15.0	15.0	
DDX42	7.355	7.3899	7.4427	7.5789	6.5287	7.2005	
ECH1	10.5943	10.9312	11.2389	11.0495	12.0217	11.3911	
HDAC2	10.0552	10.1998	9.911	9.8418	9.5005	9.2546	
IKBKE	6.9404	4.5659	4.564	4.7969	4.4869	4.1139	
CCL2	8.16365	7.0679	7.011	7.0819	5.7494	7.1031	
DFFA	9.526	8.6498	9.3102	9.0363	9.7976	9.3883	
MRPL19	10.1273	11.5933	11.5981	11.141	10.7874	11.2318	
WDTC1	9.37565	7.859	8.4965	8.7507	9.4786	8.7148	
PLSCR3	9.1376	10.2664	9.7866	9.5444	9.775	9.7593	
SUZ12	10.0676	9.7353	10.3801	10.3037	10.1863	10.5602	
CSNK2A2	5.53345	6.1985	6.0786	6.4845	7.2787	7.4453	
H2AFV	9.3059	8.8021	9.0535	8.8072	8.4965	8.6376	
NUSAP1	10.3622	10.722	10.7454	10.6268	11.2655	10.4328	
TICAM1	6.12185	6.2541	6.55	6.6537	6.2339	6.6985	
FAM69A	10.5194	10.9539	11.075	10.6574	11.0665	11.2228	
KIAA0100	6.49175	7.992	8.0972	8.362	7.6689	8.1357	
PAICS	6.7293	7.1586	7.0432	7.6209	5.6674	6.0251	
SRC	6.7318	5.2687	4.3137	6.218	4.587	4.079	
BMP4	7.53235	6.2773	6.3705	6.6239	7.3382	8.4185	
CDK2	8.2972	9.2091	9.2048	9.3152	8.5444	9.3791	
EDN1	10.1744	10.4063	9.7405	9.8675	8.7797	9.4224	
XPO7	8.72165	9.7239	10.3173	9.8764	10.0052	9.7214	
FAIM	8.1955	9.6196	8.9414	8.9171	9.6793	9.6805	
KIAA0494	8.62085	9.1884	9.3761	9.4069	9.2763	9.3343	
PXMP2	11.0164	9.2401	9.2424	9.1293	8.6029	8.829	
SQSTM1	12.6222	13.0337	13.181	13.7254	14.1757	13.8513	
HIF1A	12.8528	13.6226	13.8216	13.5341	13.2025	13.4273	
TIMM17B	9.6545	9.3719	9.3178	9.3448	9.755	9.5146	
STXBP2	5.16425	3.8684	3.7066	3.5498	3.4092	4.0362	
WRB	7.94325	7.5628	7.7106	7.6725	7.1414	7.4664	
ETFB	9.39345	10.0754	9.6573	9.5143	9.8047	10.0169	
MNAT1	7.90045	7.8138	7.7615	7.632	7.3357	6.6083	
CAMSAP2	9.9408	9.5039	9.3072	9.3999	10.4403	10.6197	
HPRT1	8.71255	10.0365	10.0265	9.7484	8.1696	9.0943	
ARNT2	12.3904	12.1242	12.6369	11.8655	12.8278	12.6702	
RRS1	8.453	8.724	8.4826	8.9944	7.7061	8.0936	
ADAT1	7.4636	5.9213	6.2538	6.1062	6.7477	6.5621	
SPAG7	9.5781	9.6	9.6208	9.3837	10.0785	9.8977	
MAPK1IP1L	8.4844	8.982	9.1485	8.829	8.4407	9.1203	
SCAND1	10.476	10.9925	11.2459	11.8583	11.4231	11.4372	
MFSD10	8.92345	10.1909	9.4792	9.6614	10.3367	9.1532	
MSH6	9.6673	9.5039	10.2058	10.6031	9.3207	10.0989	
COPS7A	10.623	10.2983	10.595	10.1293	10.5692	10.4769	
UBE2C	12.1567	11.9895	11.9587	11.812	11.8496	11.0402	
FIS1	9.51095	8.5306	8.2827	8.0316	8.8525	8.3788	
HS2ST1	5.4116	5.5357	5.6111	5.1205	5.27	5.9234	
NUDT9	8.1449	8.5412	8.168	8.3517	8.6707	8.7766	
TXLNA	10.2302	12.2476	12.2476	12.0949	11.6784	11.662	
CSRP1	12.8255	13.558	12.9843	12.9547	12.1775	12.3978	
DNAJB1	10.3053	10.5854	10.7125	10.6697	10.7105	10.3438	
METRN	9.3439	8.7056	7.5362	7.8644	7.7992	7.8174	
TOPBP1	7.89445	8.7027	8.9467	8.705	8.6118	8.9714	
ABCF1	10.8821	10.3388	10.3622	10.482	11.0348	11.1011	
TCTA	10.2575	10.6007	10.5854	9.7	10.009	10.1526	
LGMN	9.3909	9.4792	8.9831	9.0894	8.8605	8.1608	
TLK2	8.38855	8.191	7.8751	8.5244	8.7467	9.3314	
KIAA1033	3.87285	8.3291	8.5248	5.0985	8.3531	8.6067	
PTGS2	8.05955	3.1368	3.0753	8.51	2.2506	2.9297	
DNAJB6	10.7341	11.3891	11.2228	11.2577	11.9164	11.1062	
PLA2G4A	10.588	10.5864	11.0062	11.1011	11.5838	11.6309	
MAT2A	11.5933	12.1523	12.2594	12.3954	12.6908	12.5876	
TLR4	7.1944	7.014	7.1178	7.7652	6.1724	6.8868	
HMGCS1	12.129	12.5841	12.8694	13.2198	14.7868	14.2422	
MBTPS1	7.9612	8.1977	8.2855	8.4487	8.4457	8.1475	
SPRED2	9.65965	9.7239	9.5532	9.7353	10.1177	10.0205	
ZNF274	7.38925	7.8204	7.6658	7.8411	7.0679	7.6175	
CLIC4	13.7863	14.7868	14.7868	14.7868	14.6305	14.8651	
MAP7	5.0151	4.596	4.1593	3.8361	4.7078	4.6792	
CHAC1	9.59565	10.6932	10.7781	8.8026	10.2691	10.2134	
EIF4G1	9.9281	9.1817	8.1977	9.8005	9.0535	9.8047	
BTK	4.206	4.3055	4.2394	4.0307	4.351	3.9743	
GNAS	13.2904	13.7254	13.4784	13.8216	13.379	13.3278	
MYL9	12.18	13.3269	13.6382	13.6747	13.0832	13.5902	
TEX10	9.51265	7.0876	7.1297	7.1297	7.0895	7.3447	
PSMD2	12.3299	12.9547	13.1319	13.2676	12.797	13.1579	
ZNF586	8.73405	5.245	5.5651	5.5998	5.8366	6.5894	
CLTC	12.1973	12.3635	12.1969	12.4371	12.1523	11.7161	
IKZF1	8.09575	3.4863	3.7441	3.6045	4.5248	4.1313	
APBB2	7.5419	6.3144	6.9093	6.5609	7.7018	9.0396	
HSD17B10	8.0346	8.8863	8.6811	8.6748	8.51	8.2329	
RNF167	10.6942	11.4393	10.9596	10.7454	11.1873	11.0411	
STX1A	9.11055	8.6154	9.0363	9.9087	9.624	9.1049	
ALDOA	9.87345	11.2707	10.4541	10.6511	9.543	9.6573	
EPHA3	4.924	5.2083	5.6075	4.8948	5.0324	6.1388	
STAT5B	6.01205	6.6981	5.407	5.5052	5.6301	4.8115	
TXNDC9	6.62865	5.2687	7.5067	7.4146	4.6049	6.4651	
CCNA2	10.5302	10.6841	10.679	10.4793	9.6987	9.8384	
VGLL4	9.326	9.2675	8.8301	9.0099	9.7641	9.1884	
CASP10	7.5981	5.9457	5.5383	5.5204	7.4427	7.412	
SDHB	11.5239	12.1969	12.302	12.0723	11.5113	11.8084	
ETS1	6.701	7.1955	7.5499	7.992	7.8736	7.4656	
YTHDF1	6.16985	7.4943	6.9302	7.7964	7.1433	7.3583	
FOXO4	6.8936	6.2798	6.1026	6.6833	7.1647	6.2089	
LSM5	11.708	12.1314	12.6702	12.2886	12.52	12.2217	
TOMM34	8.5261	9.2091	9.1829	9.6133	9.8461	9.4914	
ZMYM2	6.6754	7.259	6.9779	6.9364	6.635	6.8174	
CHMP6	5.96	5.3885	5.3823	5.8009	4.9711	5.7744	
KIAA0907	8.4272	8.1035	8.8156	8.7079	8.5412	8.522	
CASP7	6.33985	6.8102	6.6421	7.1683	6.1639	6.6869	
HK1	8.7372	8.5099	8.0031	8.4274	8.1578	8.0325	
PAPD7	9.44685	10.595	10.6841	10.4037	12.0265	11.6594	
PIGB	9.79	7.92	8.0867	8.1431	8.3902	8.3151	
CHEK2	6.91035	7.4649	7.6293	7.6907	7.5185	7.0534	
PLOD3	12.335	12.8708	12.9547	12.7473	13.0337	12.9843	
ACD	7.3497	8.9753	8.5788	7.9712	9.1242	8.0067	
TRAK2	8.17095	7.9668	8.0923	8.587	8.321	8.1929	
SUPV3L1	10.4176	10.1471	10.8609	10.5289	11.5814	11.8477	
VAPB	6.99955	7.0562	7.2783	7.3118	6.4536	6.7742	
GPATCH8	7.0953	6.1921	6.3784	6.9302	6.6806	6.2256	
HSPD1	9.5783	10.4403	10.5506	10.8808	9.4501	9.8306	
BUB1B	10.6507	10.675	10.3284	10.4769	10.9853	10.7401	
TGFBR2	7.5409	7.8806	7.8084	8.6256	8.2878	8.3847	
MRPL12	10.9373	11.5972	11.6782	11.4767	10.9185	11.4284	
NOTCH1	8.56915	7.5405	8.2938	8.5815	9.0926	9.0163	
PNP	7.71035	8.8655	8.482	8.8343	8.4515	8.0595	
SHC1	9.3345	7.8885	8.9536	8.0248	9.4395	8.979	
ARPP19	9.17085	8.8018	8.5626	8.1849	8.4437	8.5859	
CEBPA	3.92965	2.2506	2.7607	2.9297	2.6093	2.4762	
PSMF1	8.5362	8.8724	7.8697	8.34	8.8863	8.1767	
RTN2	9.9917	10.2923	10.7086	9.3971	11.2389	11.4231	
NPEPL1	7.0867	7.2695	7.2345	6.923	7.7218	7.5675	
USP1	8.1901	8.2258	8.1553	7.487	6.1061	6.635	
RPA1	11.0987	11.4775	11.4393	11.4372	11.0929	11.2941	
SIRT3	5.75115	4.0336	4.351	4.4413	5.2891	4.4775	
KLHDC2	9.85045	10.2189	10.3072	9.9152	10.447	10.4599	
UBQLN2	7.8431	8.4623	8.2419	8.2934	8.2963	8.359	
DMTF1	6.81135	6.7888	7.1766	5.4694	7.3662	5.526	
SCARB1	6.2638	6.1582	6.4322	6.8947	6.7951	7.0624	
CLPX	8.0882	7.1439	7.177	7.4603	7.4448	6.9749	
TPM1	13.5564	14.2422	14.1323	13.7861	11.9993	13.1319	
TM9SF2	7.10705	8.5663	8.4723	8.7507	8.5698	7.8644	
TXNL4B	7.8891	6.3817	6.7813	6.0056	6.883	7.067	
ATF6	8.956	8.2167	8.5221	8.3321	8.4802	8.1357	
PRR15L	5.25595	4.1753	4.873	4.857	5.232	4.8839	
NUP88	11.0893	10.9763	10.8903	10.8179	10.2503	10.5742	
ST6GALNAC2	5.6012	5.0057	5.22	4.6668	5.0853	4.8839	
ADH5	10.4965	11.5341	11.6194	11.4963	10.9329	11.1803	
FUT1	5.83985	5.8314	5.1782	5.3807	6.8131	6.5182	
GOLT1B	10.527	11.0495	11.5048	11.3534	11.1296	10.6272	
PRUNE	8.5289	4.001	3.6633	3.5023	3.9398	3.7401	
PPOX	8.88075	8.7188	8.3414	8.7953	9.4575	9.2514	
SYPL1	12.739	13.0115	13.0528	13.0115	13.6542	13.2709	
CANT1	10.3576	10.7021	11.1998	11.0402	11.0062	10.8889	
ZNF451	8.45865	8.8655	9.4299	9.2704	9.779	9.2081	
HOMER2	6.9737	7.1251	6.4903	6.7979	6.7688	7.2136	
RALB	10.3885	10.0305	9.9663	9.987	9.6888	9.8461	
CLTB	9.58705	10.3172	10.7185	9.8587	10.6007	10.677	
TRIM13	6.85715	6.9813	6.2705	6.6395	7.4686	7.2445	
FBXO7	9.44035	9.3697	9.1515	9.2237	9.3586	9.0151	
PHKA1	5.3797	4.7547	4.4842	5.2443	5.132	5.4456	
CYCS	10.5115	10.4333	10.6502	10.4403	9.8047	10.4316	
PPARD	9.2037	8.2702	7.7992	8.0684	8.5444	8.4102	
ENOSF1	3.1991	4.0869	4.1291	3.6223	3.3784	3.5458	
MAP4K4	8.6243	8.7994	8.8822	9.0386	9.3454	8.7419	
PAN2	3.87835	6.0312	5.3906	4.1701	6.106	3.238	
STAT3	4.8193	3.3741	3.3784	4.9375	3.8941	4.2897	
LIG1	8.5187	8.3649	8.3173	8.0877	7.011	7.9195	
PPIC	11.2758	11.6169	11.4284	11.4091	11.0097	11.0834	
EIF5	8.73125	10.1339	10.1998	10.2056	9.0386	9.4744	
GNB5	7.4101	7.0592	7.2257	7.2445	8.4958	8.5575	
GNAI1	5.21985	4.6201	4.9307	5.2083	4.4744	4.6672	
INSIG1	10.6614	11.8477	11.8758	12.2594	13.8216	12.6862	
DNMT3A	8.4759	8.3043	8.7963	8.8715	9.7158	9.6091	
TM9SF3	8.3108	9.2081	9.4924	8.9207	8.9947	8.6285	
CCDC86	10.684	10.4236	10.3172	10.7874	10.2923	10.9312	
HIST2H2BE	6.6668	6.767	6.5233	6.6053	7.319	7.1736	
S100A4	11.6129	11.5264	11.2707	11.5724	11.6836	11.6194	
SLC25A14	6.5186	6.0142	5.7449	5.9334	5.5998	5.5824	
KTN1	10.8057	11.2173	11.1296	11.0411	10.5854	10.6841	
TBXA2R	8.30365	7.2217	6.8905	7.5436	7.4924	7.666	
ARHGAP1	10.809	10.768	10.5733	10.6914	10.681	10.9539	
FBXO11	5.97455	5.482	5.3026	4.9307	4.9654	5.204	
HERPUD1	9.20775	9.9653	9.9488	9.791	9.8866	9.911	
LPAR2	7.97275	6.8302	6.5609	6.3661	7.4903	7.7373	
COASY	6.20145	6.6566	6.8523	7.0351	6.5226	6.572	
RPL39L	4.30585	5.6179	5.4585	5.2191	4.8115	4.5796	
BPHL	9.7765	7.6312	7.893	8.0297	8.2012	9.2065	
RASA1	8.53245	8.8724	8.5491	8.5716	8.9837	7.5185	
ATMIN	6.875	6.8756	6.8288	7.259	6.8288	6.7306	
MAPKAPK3	5.71215	7.7512	7.2912	6.8174	6.6937	7.7683	
CASP3	8.0789	8.6555	8.9141	8.5764	9.0775	8.8753	
MBOAT7	12.102	12.2306	12.4727	12.4727	12.8708	12.4044	
PNKP	9.19135	8.3878	8.2364	8.2752	8.6487	8.3834	
PSME2	10.7635	12.6702	12.5353	12.5607	12.3417	12.746	
NISCH	7.46185	7.8915	7.9199	7.8364	8.7963	8.1135	
SLC35A3	7.05425	6.7813	6.7276	7.15	5.7449	5.9922	
CPSF4	11.0882	9.3771	9.1595	8.9985	9.7	9.7689	
LSR	7.3774	5.8851	5.6911	5.8718	6.2597	6.3185	
COPB2	12.1819	12.6369	12.7122	12.8866	12.9027	12.9547	
MEF2C	6.0419	4.8789	5.1437	5.4386	5.8975	5.7659	
GADD45A	12.1241	12.155	12.1144	11.8758	11.1594	11.8269	
KDM5A	7.7825	7.1821	7.1123	7.2116	7.1236	7.2782	
FAM63A	9.2343	6.7306	6.5422	6.3744	6.4978	6.6083	
SMNDC1	7.8685	8.5184	9.0103	9.0131	8.8449	9.0657	
NUDCD3	9.31285	10.3367	9.8134	10.1305	9.9148	9.7842	
RAB4A	7.1483	6.5758	6.533	6.7799	6.1348	6.2836	
FGFR2	9.03785	7.4745	7.1959	7.7615	8.4188	8.2513	
IFRD2	9.22305	11.714	11.4497	11.9633	10.3388	10.8351	
BACE2	8.7012	9.8918	9.292	9.1537	9.3454	9.1829	
HMGCR	9.03855	9.3255	9.791	10.0926	11.4359	10.0942	
LYN	6.4191	5.0324	4.9981	4.612	4.9711	5.2512	
SLC35B1	9.4434	9.5249	9.6614	9.3345	9.1925	9.1925	
ISOC1	7.43965	8.1649	8.1305	8.4354	8.9982	9.1084	
TIMP2	8.70615	9.0808	9.8006	10.3915	10.0989	10.4866	
DUSP3	7.25445	6.2153	6.6388	6.3635	7.5883	7.6974	
LSM6	6.15325	7.3795	7.1414	7.4745	6.3188	6.861	
CALM3	7.0309	7.1975	7.3482	7.992	7.7348	7.1446	
MOK	5.8775	8.168	6.2217	7.319	6.8756	7.9068	
PPP1R13B	7.84025	7.0519	6.3635	6.5053	7.3695	7.4553	
SACM1L	9.25825	10.514	10.6932	10.514	10.7525	10.4722	
DNAJB2	10.8899	8.7113	8.4024	8.8779	9.6027	9.8508	
TCERG1	10.5265	10.0861	10.1185	9.9605	9.0243	9.2844	
CERK	9.5541	9.4849	9.1828	9.0773	9.2704	8.8504	
KIAA0196	9.9483	10.9442	11.3448	10.9962	11.3729	11.322	
DNM1	8.67115	5.5357	5.899	5.5052	5.3119	5.6831	
LAP3	10.6748	11.5113	11.5502	11.7416	11.4963	11.7439	
DDIT4	10.7297	11.0151	11.2021	10.9853	10.5789	10.7288	
MAPKAPK5	7.51885	7.7069	7.7594	7.6511	7.7474	8.0757	
ALAS1	10.9462	10.9881	11.3653	11.3911	11.8984	11.762	
HDGFRP3	7.74715	7.3554	6.9627	7.0635	6.5755	6.8489	
PAFAH1B1	9.4853	9.6888	9.5936	9.1989	10.0084	9.8306	
PRKCH	5.3442	5.1782	4.7981	4.612	4.4065	4.9712	
PSRC1	9.7913	10.3481	10.0829	10.1834	10.6085	9.8317	
RAB21	7.1438	7.6102	7.6531	7.7496	8.2447	8.49	
ERO1L	6.07615	5.9572	6.4073	6.3661	6.0595	6.0442	
PSIP1	9.71185	9.9979	10.4158	10.0556	9.6805	9.9291	
APOE	6.0508	6.9432	4.0418	5.3062	6.9316	5.9663	
CREB1	5.3323	3.6823	7.271	3.6092	4.3971	4.311	
MBNL2	10.6266	9.2851	9.0022	9.1829	8.5895	9.2109	
RBM15B	9.26195	10.3892	10.0587	10.514	9.5061	9.9416	
PACSIN3	6.6055	6.3706	6.04	6.1921	6.4472	6.7837	
TOMM70A	10.3589	9.8866	10.0249	10.226	10.0018	9.9899	
CBR1	11.3317	11.1448	10.833	11.2707	10.8147	10.7728	
MTA1	9.71625	10.0967	10.1337	9.7675	9.7842	10.4158	
MACF1	10.3244	10.7267	10.9371	10.7753	10.8674	10.6212	
PRKCD	5.00755	6.4884	6.5333	6.4948	6.34	6.3865	
CCNA1	5.03045	4.7981	5.1739	4.9307	5.7751	6.1605	
PIK3R4	7.6562	7.5834	8.1528	8.2173	8.0785	7.7758	
CSNK1E	9.8671	10.4169	10.6919	10.9108	10.546	10.6372	
HIST1H2BK	8.9151	8.9169	9.592	9.781	10.9763	9.791	
JUN	8.23395	8.6285	10.4343	10.1368	9.6077	10.6307	
PCCB	10.3305	10.2926	9.5766	10.6349	10.0408	9.5857	
STAP2	5.78255	4.6508	4.8948	4.4185	5.6473	5.2531	
TMEM50A	9.62375	10.4539	10.5496	10.1629	9.8711	10.1692	
PMM2	11.3594	11.3653	10.5671	10.9872	11.9538	12.0335	
SCCPDH	8.8185	9.5286	10.1607	9.738	9.0283	9.3903	
HSD17B11	8.02625	7.3047	7.7736	6.8991	8.2147	6.5865	
TSC22D3	6.5047	7.249	6.9276	7.3886	9.3105	7.5833	
FBXL12	6.89255	7.5835	7.8974	7.9877	8.5952	8.5858	
TFAP2A	10.7366	10.9371	11.0376	10.784	11.3653	11.1251	
WDR61	8.2768	9.7637	8.0587	7.8431	7.0678	7.374	
ZNF395	10.4249	8.2515	9.8361	9.8438	11.1803	10.637	
FAS	4.17045	3.804	4.181	4.3451	3.5458	3.6658	
VPS72	8.36525	7.6449	7.5569	7.5272	8.3624	7.9429	
CENPE	8.1728	8.2878	8.4584	7.6475	8.1806	8.3097	
CLSTN1	10.4485	10.8179	10.4236	10.3228	10.5261	10.2376	
CREG1	7.36685	7.4321	7.5047	7.5254	8.6867	8.3926	
MAPK9	8.9915	9.2195	9.278	9.4237	9.5406	9.9605	
PRR7	5.9279	6.3705	7.0943	6.4073	6.4139	7.3606	
SKP1	7.56125	7.4078	7.32	7.5074	7.0077	6.6871	
POP4	9.45605	9.8544	9.2572	9.6065	9.0775	8.8697	
TMEM110	7.4954	7.4049	7.0981	7.0823	7.4589	7.9391	
NFE2L2	9.53095	9.624	9.4274	9.7675	9.2109	9.1476	
ZNF589	8.14435	5.8209	6.2283	5.5994	6.5682	6.4903	
BAX	8.44165	8.8241	9.6876	8.6393	10.3019	9.3505	
BLCAP	9.28045	9.3586	9.2609	9.404	9.6504	9.5209	
CNDP2	7.84795	9.8047	9.8401	9.9416	9.901	10.1185	
FAM20B	7.1378	7.4903	7.412	7.3795	7.6917	8.0506	
PROS1	5.4172	3.6223	4.391	3.14	3.4703	3.6428	
TNIP1	5.5531	8.8156	8.3351	8.482	8.4604	8.4623	
CRKL	10.3921	9.987	10.0761	10.2376	9.9148	10.5261	
P4HTM	8.85985	7.9487	7.8841	7.6511	9.2875	8.0949	
REEP5	8.21145	10.2235	10.0942	10.4715	9.5195	9.3971	
ZNF318	7.9283	7.3113	6.9501	7.1451	6.9671	7.112	
BZW2	9.85305	10.2347	9.9575	10.2134	9.0066	9.6295	
FDFT1	12.5311	13.2679	13.5341	13.4784	14.2358	13.7874	
CGRRF1	8.71025	8.5788	7.2557	8.4604	8.6888	7.3849	
TRAP1	6.8181	7.8235	7.9991	7.4314	7.8802	8.0152	
AMDHD2	7.93115	6.9172	6.8956	7.1206	7.599	7.6563	
GTF2A2	10.7189	10.9761	10.8052	10.6415	10.4333	10.5733	
PEX11A	5.9084	3.7253	3.6314	4.0451	3.977	4.1614	
PSMD9	9.03	9.3502	9.5061	9.728	9.2296	9.5209	
GFOD1	5.23215	4.7969	4.5433	5.0663	5.877	5.183	
MTFR1	10.346	10.574	10.4487	10.5583	10.595	10.5433	
PECR	8.82765	5.9787	5.8704	5.7053	6.0309	6.0591	
UBE2A	10.3375	10.9055	11.3209	10.5034	10.915	10.8392	
NIT1	9.61455	9.5936	10.2376	9.198	10.6177	10.8052	
SOCS2	6.24965	6.339	5.9439	5.4386	6.2597	6.3556	
SYNGR3	5.9388	6.2232	4.1139	4.1839	5.9161	3.6045	
ZDHHC6	7.0137	4.6866	7.1297	6.3784	4.2632	7.0236	
ITGAE	9.32165	9.4274	9.687	9.6678	9.8991	9.775	
NFKB2	3.2396	4.2604	3.7808	3.6494	4.0145	3.8752	
STK25	10.4851	11.3209	11.3677	11.2874	11.0239	11.5502	
TMEM5	7.91325	7.6091	7.9827	7.9664	7.6475	7.7736	
ABCF3	8.63975	9.2514	8.8241	8.9125	9.3414	8.8655	
ATP5S	5.68795	7.2741	7.2158	7.1203	6.2153	6.9036	
FCHO1	5.44235	6.2439	6.4571	4.5523	5.7947	6.1062	
NGRN	4.0446	3.9398	4.6672	6.5758	5.1739	4.6672	
HOXA5	7.88325	7.7106	7.5047	7.9022	8.0587	8.6029	
OXSR1	10.4771	9.592	9.1804	9.5887	8.4838	7.6907	
GRN	10.9473	11.8583	11.3891	11.762	12.3163	11.7607	
SMARCC1	10.1227	10.3037	10.8507	10.7695	10.1508	10.3935	
NUP85	9.5947	9.6646	10.0023	9.8134	8.9191	9.4575	
PAK6	3.596	3.6494	3.0933	3.7917	3.14	3.5023	
GHR	5.98865	4.4413	4.7155	4.4716	4.6048	4.616	
GTPBP8	6.6579	8.5084	7.9887	8.0842	7.0255	7.7306	
GLOD4	11.1903	9.5444	9.6341	10.2958	9.9291	9.7216	
PTK2	10.0782	10.8674	10.722	11.0111	10.4599	10.9909	
CDK4	11.6407	12.1942	12.0265	11.8084	11.3387	11.667	
EPN2	8.68385	8.9174	8.8594	8.9222	9.6646	9.2699	
CCDC90A	8.23205	7.9542	8.1305	8.2752	8.1186	7.0679	
IL4R	7.89885	6.3996	7.0001	7.2168	7.3899	7.785	
KIAA0528	8.1454	9.1828	9.399	9.6	9.791	9.7117	
PRKAG2	7.274	7.3344	6.55	6.6833	6.4536	6.572	
KIT	8.62645	3.3385	3.9276	3.3385	3.7253	3.6428	
MRPS16	9.0135	9.5741	9.1561	9.5493	8.9947	9.0275	
PTPRC	6.4446	5.9498	6.4702	6.9081	7.3795	6.9316	
RPS5	5.3449	7.3604	5.3474	5.6434	6.4978	5.9843	
NOL3	7.45095	6.8102	6.9113	7.1126	8.1723	8.6376	
PSMG1	10.8303	11.5814	11.5315	11.2973	10.667	10.6453	
NR1H2	8.0345	7.521	7.3795	7.3734	8.5716	8.4274	
TMEM97	10.4053	10.0524	10.1041	10.6085	13.0528	10.7614	
LRRC41	11.1119	11.9333	12.0099	11.8477	12.7122	12.52	
PLS1	7.02305	6.4223	5.7959	5.6035	5.6732	6.1061	
DUSP22	7.3696	7.4344	6.9627	6.7799	8.3935	7.3082	
KIAA1279	9.2246	9.061	9.1094	8.9652	8.1553	8.9831	
RPS6KA1	5.9295	6.2669	6.0686	6.0763	7.1348	6.4651	
TCEAL4	9.00945	10.2376	10.1105	10.3488	9.9461	9.6504	
DCK	9.3422	9.9785	8.2329	9.8404	9.3026	8.1829	
NUP133	9.0142	8.4527	8.4711	8.1992	8.6811	8.7293	
NUP62	9.17645	9.935	9.5297	9.8047	8.6111	8.5484	
TRIM2	7.8756	8.309	7.7683	7.5728	8.9103	9.1402	
SNCA	10.5802	10.8903	10.5433	10.6007	11.4114	11.0785	
SPTAN1	7.63705	6.8978	6.9304	7.2656	6.0801	6.2174	
MALT1	9.8557	9.2325	8.8655	9.364	9.5838	8.6839	
VPS28	9.37015	7.2876	7.8769	7.5	8.2649	7.5074	
LRRC16A	7.3058	4.6956	5.1555	5.5774	5.9163	5.5014	
YKT6	10.0207	10.6612	10.7105	10.1511	10.6779	9.5764	
CHP	6.53895	4.7981	4.9981	4.771	4.6206	5.3372	
KIF2C	6.51165	6.5542	6.4536	6.4702	5.0156	6.4783	
NNT	11.3019	10.0587	9.3373	10.2376	8.8871	8.8072	
NR2F6	8.8196	9.7071	10.4793	9.4392	10.7454	10.5513	
COL1A1	14.7097	15.0001	15.0001	15.0001	15.0002	15.0002	
EXOSC4	6.93385	6.5564	6.2926	6.2602	5.4909	6.04	
CDC25A	5.6098	6.6055	6.5995	6.4275	5.3573	6.1442	
PDLIM1	8.8169	8.024	8.662	8.7602	8.2711	8.5911	
CRELD2	9.51885	8.669	8.705	9.1744	8.7784	8.6273	
TP53	10.0245	11.1001	11.1806	10.8489	10.3129	10.8924	
IQGAP1	10.0648	9.987	10.1602	10.3228	10.6453	10.3915	
RRP12	7.6242	7.4833	7.3899	7.4049	7.5362	7.7415	
ACAT2	9.5032	10.1743	10.3915	9.8746	11.3034	10.3284	
EGR1	3.9555	4.1291	5.0985	5.2604	4.391	3.852	
MUC1	6.6167	5.0255	6.2022	6.2705	5.8255	6.2926	
THAP11	5.3625	6.8412	6.1679	5.1579	3.9154	3.7066	
AURKB	9.745	10.498	10.5155	10.2195	10.7194	10.407	
CEBPD	7.4356	7.2415	7.4608	7.7736	7.7194	8.2023	
HSPA4	11.3057	11.5502	11.5972	11.6252	11.2577	11.7279	
MAST2	9.2464	8.5575	8.5373	8.4808	8.7953	8.7713	
DHDDS	7.88355	8.2492	8.2292	8.0673	8.7557	8.7535	
TOP2A	12.6026	13.5341	13.4273	12.9563	13.5088	12.5353	
GADD45B	8.50105	7.9834	6.8903	6.5475	5.8119	7.2782	
NCK2	6.46835	6.5284	7.4717	7.5922	6.2845	6.1173	
AURKA	10.0241	7.9138	7.6271	7.9996	8.1105	7.2309	
KIAA0355	5.6855	6.4089	6.0915	6.2431	5.9974	5.6421	
B3GNT1	9.07235	8.354	8.6765	8.3677	8.5281	8.5375	
DYNLT3	6.34355	7.0182	7.3203	7.0679	6.9452	6.6639	
CDK5R1	4.39165	3.6223	4.7168	3.4092	3.7253	3.3165	
CHMP4A	10.2549	8.2827	8.2258	8.191	7.4049	7.8524	
IPO13	7.62455	8.4003	8.5248	8.0679	9.2946	9.644	
SCP2	9.2989	9.4468	9.0363	8.4048	8.6396	8.8901	
ITFG1	5.8545	8.112	7.8174	8.2796	8.2859	8.1553	
RAD9A	5.3318	5.5142	5.6304	5.18	4.9337	4.6565	
DRAP1	11.8784	11.9637	11.9895	12.2812	11.9637	12.2812	
SPP1	4.77975	2.9897	3.4092	3.687	3.2735	2.6028	
HYOU1	9.6373	10.1058	9.3564	9.4634	9.8404	10.7105	
PCMT1	9.5062	10.1602	10.3481	10.4369	10.7368	10.0832	
FOS	5.9006	5.7967	5.4891	6.0056	6.1911	5.7588	
FYN	7.9508	8.34	8.7056	8.7965	8.6214	8.8697	
MCOLN1	8.63425	6.7306	6.3963	6.3993	7.9512	6.5287	
MYC	9.7113	9.9152	9.8918	10.0926	9.5109	9.7602	
ID2	8.99495	7.5675	9.1178	8.191	8.5846	9.1802	
POLB	7.9018	8.4987	8.053	8.6817	8.0337	7.871	
CETN3	6.614	7.1078	6.9501	7.0587	6.767	6.3744	
KCNK1	3.8246	4.0528	5.8365	4.0815	4.2632	3.4703	
AXIN1	7.16405	6.3254	6.1488	6.3298	6.5582	6.7267	
SMC4	11.9191	12.4576	12.3354	12.3354	11.3677	11.4746	
RAI14	10.4653	10.407	9.857	10.071	10.0205	10.2179	
SMARCD2	6.9018	7.6795	7.9199	7.7306	8.1742	7.979	
DNAJC15	8.9588	10.3928	10.4169	10.4282	9.6897	10.2136	
MPZL1	8.6571	8.6765	8.6545	8.5067	8.6233	8.0785	
HOXA10	8.25565	8.1649	8.4397	8.1431	8.411	8.4024	
NRAS	9.8093	10.2665	10.0249	10.4009	9.3152	9.5816	
CASP2	5.8528	5.6824	5.8475	5.8017	5.7073	5.7053	
EBNA1BP2	10.8874	12.1092	11.9358	12.0265	10.8632	11.6981	
CTNND1	9.4083	9.3448	9.0995	9.1203	10.181	9.4924	
TATDN2	5.8389	6.2232	6.3706	6.5564	5.9782	5.9022	
LRPAP1	9.73275	9.8935	9.6733	9.8989	9.3313	9.364	
ZNF131	8.7625	9.2699	8.8679	9.2195	9.8091	9.0275	
BNIP3L	10.4601	11.3804	11.4882	10.8507	11.3155	11.0119	
HOOK2	6.94795	5.8418	7.4664	5.6724	5.7384	5.4175	
ERBB2	9.2067	7.6563	8.0877	7.7547	8.9191	7.4818	
TBPL1	8.0517	8.5963	8.5714	8.2734	7.3016	8.6258	
INTS3	6.89305	8.309	7.8327	7.9559	8.1417	7.6206	
RAE1	8.52525	9.0741	9.0808	8.9726	8.7625	8.6856	
CDK1	10.6017	10.9291	10.7032	10.3711	10.5506	9.7279	
RFNG	9.06215	9.5666	10.0382	9.4947	10.2759	10.2759	
MICALL1	7.69575	7.9231	7.7334	7.7415	7.5878	7.8174	
SLC35A1	8.87775	8.42	8.4326	8.4457	8.3242	8.2832	
KLHL21	5.9515	5.1782	4.8193	5.9597	6.1215	5.3649	
NIPSNAP1	9.56365	8.8928	8.7576	8.6681	9.543	8.7004	
BCL7B	7.99495	7.0918	7.7415	7.6563	6.7361	7.751	
TLE1	6.86545	7.7751	7.5619	7.5527	8.1235	6.8174	
FZD7	9.7725	10.4101	10.2633	9.1402	11.0496	8.8125	
TIMELESS	9.74295	9.5109	9.6257	9.7842	9.1658	10.0255	
COG2	6.77395	6.5328	6.3144	6.3472	6.8636	6.6302	
DHX29	8.1156	8.2007	8.1578	8.159	7.5808	7.9253	
MMP2	11.1	10.8711	10.8426	11.3387	11.6273	11.5264	
MRPS2	8.734	8.8715	8.6406	9.14	8.8046	8.9652	
KCTD5	10.2166	6.6639	6.6798	6.652	6.29	6.1165	
TCEA2	8.4607	8.183	7.9473	8.3321	9.8317	9.0507	
CNPY3	10.67	8.1829	7.9533	7.9712	8.0842	7.786	
FHL2	12.7642	13.4273	13.3469	13.0646	12.1969	13.0115	
ADAM10	9.6821	9.7738	9.8654	9.7629	10.0524	9.6672	
FKBP4	13.3309	13.5088	13.4116	13.1476	13.5902	14.1323	
CD58	8.8567	10.1545	10.2235	9.7846	9.0215	9.8952	
KAT6A	9.0805	8.4387	8.8579	8.8631	9.7405	8.8655	
CDK7	9.8076	9.4395	9.9496	9.6257	10.1361	9.469	
KIF5C	5.0472	4.2995	4.079	4.6709	4.1753	4.5084	
HMG20B	11.9299	11.6036	11.6939	11.4284	12.7473	12.0494	
MAP3K4	5.555	5.6473	5.9711	5.3678	5.0161	5.5998	
PIN1	11.4665	11.6088	11.7078	11.4669	11.6981	12.0854	
ZFP36	8.43305	9.3971	9.2813	9.5416	10.1895	9.8091	
INPP1	8.15135	8.3405	8.3969	8.3248	8.5329	8.2811	
LAGE3	5.2981	5.3068	5.5383	5.6724	4.4386	4.912	
RAC2	6.46305	6.1529	6.2691	6.3304	7.8206	6.6914	
TNFRSF21	11.8738	11.8966	12.0543	12.3388	12.9843	12.9244	
HMOX1	9.5897	9.8055	9.8473	10.0158	9.5633	9.781	
KIF14	7.6838	6.6102	6.5962	6.4776	7.2137	5.9572	
COL4A1	13.7453	14.5995	14.5995	14.0712	13.3896	14.305	
DUSP6	8.0209	7.7151	7.8559	8.2419	9.2824	8.4437	
CYB561	7.71305	7.4484	7.3822	7.4608	8.1186	7.9952	
EPB41L2	9.07725	9.5039	9.1595	9.3238	8.9114	9.0657	
GNAI2	10.1291	10.5742	10.4723	10.1111	10.3847	10.9007	
HTRA1	8.76755	9.5857	9.1476	9.5361	10.407	9.6	
TSTA3	7.79175	8.4519	8.2492	8.4457	8.3465	8.1183	
WASF3	4.08685	4.2081	3.7218	4.0528	3.9547	4.3857	
DNMT1	12.1755	12.4202	12.6677	12.3635	12.3954	12.4576	
TSPAN6	8.14125	7.6907	7.259	7.4735	7.8443	7.2557	
FBXO21	8.71685	7.7877	9.14	9.2401	9.9605	10.3142	
RAB27A	8.86475	8.6089	7.5161	7.7877	8.2207	8.2515	
DDR1	7.16095	5.6623	5.8394	5.7292	6.339	6.5129	
PPP2R3C	8.2548	8.7279	8.4756	8.1291	7.9871	7.5862	
ADRB2	6.24615	3.6045	8.191	3.3207	3.4597	3.3741	
LPGAT1	8.3692	8.6285	8.9294	8.9356	8.2554	8.6462	
DUSP11	9.7337	9.5314	9.9572	9.687	10.4328	10.3622	
GRB10	8.7896	9.8361	9.963	10.0738	9.3729	9.67	
MMP1	5.6422	4.4842	4.7547	4.98	5.8354	5.5419	
TP53BP2	10.8648	10.009	9.7713	10.1617	9.9532	9.8764	
CDKN1A	7.95535	8.2207	8.438	9.2109	9.9275	9.045	
ZW10	7.9727	8.7852	9.1662	8.5038	8.3695	8.2574	
CORO1A	8.00775	6.0415	5.7124	5.7279	6.4139	8.0532	
TJP1	8.25985	7.2782	7.5186	7.3258	7.5218	7.2989	
ABCB6	8.64335	8.863	7.912	8.8822	8.6997	8.1992	
XPNPEP1	7.7117	7.3258	8.5984	7.7793	7.4321	6.9917	
MAMLD1	6.2408	5.9843	6.2452	5.8555	6.4275	5.6421	
MTHFD2	11.7531	12.7984	12.9027	12.3699	11.5315	12.1031	
DSG2	8.23275	8.7293	8.6867	8.724	7.7751	8.0218	
PRAF2	10.3843	10.6085	10.6349	10.7885	11.0348	10.8524	
DNTTIP2	10.161	10.2058	10.1213	10.3274	9.498	9.482	
SLC27A3	8.48355	8.1742	8.5984	8.849	9.7917	10.5155	
CD97	10.0974	10.425	11.075	10.9291	10.9291	10.82	
HTATSF1	10.3972	11.0221	11.3354	11.3114	11.4512	11.3497	
IL13RA1	8.5032	8.3683	8.2757	7.8835	8.0902	8.5044	
NCAPD2	9.7312	9.9605	10.0158	9.9572	10.3532	10.1478	
AGL	8.9688	5.7959	5.6831	6.0714	5.829	6.0858	
TMEM109	11.0357	11.5114	11.706	11.7037	11.2768	11.4963	
CDC25B	13.2058	13.4784	13.7861	13.4273	13.9544	13.6226	
ICAM1	3.5691	4.6035	4.7859	5.0543	4.1593	4.4329	
GATA3	4.0852	3.0753	3.7591	3.7672	3.7013	4.0566	
NUP93	7.68925	8.0149	8.2033	8.4247	7.8262	7.8885	
PLA2G15	7.55605	7.5933	7.2504	7.4409	7.6206	7.6936	
RPA3	7.94475	8.4723	8.4826	8.4299	6.9266	7.2623	
PIP4K2B	6.88165	6.3833	6.3431	6.3276	6.5166	6.1844	
TES	12.2168	12.3104	12.0574	12.0494	11.9358	12.1292	
MYCBP2	6.3367	6.767	6.5034	7.5074	6.8174	6.3472	
SPR	6.31095	8.406	8.2402	6.8245	8.3365	8.5221	
PGRMC1	10.4678	11.3084	11.4512	11.2792	11.2477	10.784	
RELB	9.0038	7.0412	6.6231	7.0188	6.9949	7.412	
AARS	11.4951	11.3911	11.1087	11.1128	11.7416	11.0111	
EPHB2	8.6519	5.8521	5.9213	5.9334	5.8722	5.8471	
GPC1	8.2676	8.6304	9.0737	8.8901	9.4237	9.0342	
RPIA	9.2843	9.5683	8.3483	8.482	8.6707	8.3935	
ELAC2	10.7325	11.4091	11.6273	11.4114	11.5717	11.6181	
GPR56	9.11315	7.1894	7.3363	7.5436	8.675	8.4487	
NVL	9.4177	9.1199	9.1714	9.7162	10.5175	10.5096	
PLSCR1	6.719	7.5218	7.7181	7.7243	7.8346	7.2298	
CHEK1	9.0147	9.3314	9.4174	9.3771	9.0131	9.3314	
CTSL1	12.4085	13.3469	13.5902	13.3896	13.4273	13.4784	
CTSD	11.3529	11.3497	11.7245	12.4202	13.1579	12.7635	
ME2	8.0099	7.6658	7.8235	7.9871	7.6459	7.6506	
ARHGEF2	8.85495	9.3072	9.5389	9.5576	9.8237	9.3688	
PDGFA	8.3355	7.9901	8.4437	8.112	8.4254	9.5005	
ILK	11.0167	11.8015	11.1279	11.2863	10.9959	11.1936	
WDR67	9.38605	9.6477	9.2954	8.9329	9.1977	9.0444	
NFIL3	6.25635	8.3646	7.9487	8.159	8.6486	6.6937	
RFC2	8.61765	7.7594	7.7829	7.8841	7.7218	8.5505	
ARL4C	10.1802	9.8746	9.7641	10.2743	10.4389	10.1433	
TIMM9	10.8288	10.9746	10.9925	10.6396	10.8558	10.6827	
CPNE3	11.9636	12.5876	12.7155	12.8577	13.237	12.8708	
ORC1	10.9631	10.457	10.9175	10.7671	11.1528	11.7037	
C5	5.9111	4.7502	4.8295	5.132	5.373	6.8302	
PARP2	6.98605	8.2827	7.9068	7.32	7.5114	5.22	
FASTKD5	8.11755	8.6131	7.8177	7.6132	7.3382	7.6055	
SCRN1	11.232	10.7781	10.2771	10.5496	10.0798	10.2691	
MAN2B1	8.74655	8.9054	9.5389	9.522	9.6401	9.5863	
PTPLAD1	8.77925	8.0271	7.6293	7.6658	8.1806	8.1076	
MSRA	9.872	7.0432	7.1037	6.8044	6.9392	6.8245	
NFKBIA	7.1496	8.3876	8.3603	8.496	8.0127	8.7878	
DCTD	9.70025	9.0513	9.0513	9.2872	8.8724	9.0009	
SYNE2	6.5483	5.8009	5.2945	5.9663	5.1489	5.3375	
MBNL1	11.7573	11.7113	11.9587	11.714	11.3084	11.8984	
UBE3C	11.0623	12.1292	11.4775	12.0401	10.7401	11.3891	
CCDC92	8.7181	9.4616	9.5406	9.911	9.6196	8.5698	
MYCBP	9.5691	9.8209	9.8355	9.4724	7.249	9.1254	
CXCL2	5.5858	4.5659	6.2452	5.1922	4.8878	5.5348	
PTPN1	8.5474	9.5005	9.7602	9.8438	10.0875	10.0634	
BRP44	11.2283	10.9185	10.8648	11.0418	11.3448	11.3155	
TIMM22	12.3188	9.5791	9.4862	9.8384	9.5143	9.6897	
ATF5	8.1478	8.9797	9.5223	9.4084	8.8384	9.7162	
ECD	7.6366	8.2447	7.76	7.4258	7.2264	7.5186	
CIRBP	9.43455	9.4914	9.8935	10.029	8.7852	9.6733	
NSDHL	8.48355	9.9979	8.9924	9.3126	10.0926	9.9961	
ADI1	7.24745	8.1388	7.455	5.1782	6.1215	6.0858	
NFKBIE	6.60045	5.6674	6.1593	7.2081	7.1126	6.9627	
ADCK3	5.1454	4.564	3.5458	4.2318	4.4408	4.2081	
PRSS23	13.4027	13.4158	13.5785	13.379	12.3154	13.1268	
CCNH	7.63295	7.4623	7.0592	7.7084	6.9658	7.6475	
GDPD5	6.74565	5.9782	7.5214	6.0595	7.9138	6.5542	
P4HA2	9.75395	10.2557	9.9605	9.738	10.1395	9.7354	
TARBP1	7.96255	7.786	7.5274	7.7494	7.3409	7.4833	
ATP6V0B	7.6747	8.2364	8.2855	7.955	7.7682	7.9756	
RBKS	5.4746	5.0242	5.22	5.1437	4.9123	5.7198	
CAPN1	4.4067	5.27	7.9282	5.7007	5.0156	5.6911	
KDM3A	8.21085	8.2428	6.8372	8.8482	8.2796	8.0387	
BID	7.37805	5.8418	7.1031	5.7105	6.9741	6.3517	
STXBP1	6.82875	6.5475	5.7292	7.0182	7.6539	7.2783	
ITGB5	12.1903	12.9773	13.1476	13.1013	12.8577	12.8316	
MTF2	8.1622	9.0943	8.6649	8.9479	8.1618	8.5069	
HLA-DRA	9.7791	4.7547	4.4744	4.6049	5.5422	5.4694	
SLC11A2	10.406	7.6795	6.6201	6.5682	6.4783	7.5649	
PDIA5	7.34025	7.6566	8.0316	8.1446	7.9901	7.9429	
PIK3C2B	4.4263	4.9712	5.2512	5.0058	5.7734	5.4909	
RAP1GAP	5.2993	5.7137	5.4604	5.2197	6.0971	5.3755	
SLC25A46	10.6402	10.9925	10.8889	10.9053	10.2913	10.4369	
CDK19	6.5599	7.0611	7.052	7.1391	9.7573	7.1838	
NOLC1	7.4808	7.7919	7.6628	8.1763	6.9099	8.0506	
CAT	10.1076	10.4316	10.6031	10.4654	10.6113	10.4793	
KIAA0753	6.84835	7.4029	7.6848	7.5835	8.0297	8.3935	
DUSP14	9.33515	8.359	7.8644	7.338	7.7348	7.9026	
KAT6B	6.4429	7.5619	6.9093	8.0511	6.915	6.8073	
CHN1	6.00185	5.428	6.8636	7.0469	5.2366	6.0026	
HMGA2	6.42105	6.1264	5.9092	6.1541	6.4739	6.9671	
IGFBP3	13.1143	13.6747	13.2676	13.293	12.2217	12.8984	
MAPK13	5.32605	3.9398	3.9353	4.2513	4.3523	4.7066	
TRIB1	7.75505	7.0221	6.9766	7.0203	7.6359	7.7322	
UFM1	8.3407	9.857	9.9611	9.9461	9.8156	9.5297	
GNA15	7.1072	6.9304	6.7742	6.3185	7.5031	7.3258	
TP53BP1	6.6973	8.4071	8.724	8.5373	8.6817	8.6545	
FRS2	8.63965	6.1113	6.0132	6.5755	6.5829	6.5564	
IARS2	10.6481	11.0062	10.8306	10.9111	10.2811	10.5496	
BECN1	11.294	8.4216	8.8184	8.8066	8.0785	8.5184	
GATA2	8.7022	9.1227	8.1742	7.8177	8.8241	9.1728	
KDELR2	9.98525	10.1148	9.67	10.0684	9.6323	9.3425	
RALGDS	7.85425	6.7931	6.6869	7.0234	8.0817	7.5728	
ELAVL1	8.10495	7.9546	8.0995	8.0612	7.8644	7.7751	
NRIP1	7.20875	7.3382	7.0784	7.0188	6.6277	6.443	
CCNB2	12.173	12.7473	12.541	12.3978	12.8694	12.1715	
IFNAR1	8.1306	7.4608	7.5589	8.159	8.7056	8.3026	
MIF	14.5247	15.0	15.0	15.0001	15.0	15.0	
RNPS1	13.5168	12.5607	12.5055	12.4044	12.1942	12.4167	
DAG1	6.9897	7.6616	7.4981	7.8174	7.9499	7.8806	
SATB1	4.62435	3.7672	3.9958	5.0161	4.5796	3.9154	
ARID4B	8.69705	7.7307	8.0387	6.8475	7.1697	7.3771	
IGF2BP2	9.52405	7.1451	7.5265	7.8411	7.7793	7.9032	
GSTZ1	8.2489	8.6017	8.7027	9.2091	9.0679	9.0535	
IGF2R	10.2452	10.4715	10.6827	10.7506	11.3497	10.8711	
SESN1	6.014	5.5824	5.2891	5.1386	5.5276	5.7176	
TIPARP	10.8939	11.322	11.2863	11.2655	11.7357	11.1675	
CRTAP	8.9147	8.5525	8.387	8.7739	8.4932	8.4457	
SPEN	7.83915	8.7752	7.9546	8.1618	7.7622	8.0504	
GMNN	11.6417	11.7439	11.3114	11.5114	10.8403	11.2768	
PFKL	11.0053	9.1128	9.2401	9.4395	9.1561	10.3481	
CYTH1	5.77365	6.4183	5.9013	5.9572	5.1782	5.4962	
PDHX	9.05725	8.7279	8.8871	8.7507	8.6304	8.3935	
DENND2D	4.3419	4.1753	4.6508	4.6866	4.6956	4.8404	
PRCP	9.79635	9.3129	9.2763	9.3632	9.278	9.3178	
CTTN	6.33215	6.3354	7.22	6.0118	6.3298	5.922	
SMARCA4	7.0201	7.1537	7.1847	7.457	6.9803	7.4875	
PYGL	8.83655	9.3376	8.8057	9.061	8.8021	9.3064	
UBR7	7.67235	8.9398	9.3526	8.4735	7.9937	7.8598	
GRB7	11.3225	11.0062	10.3388	9.987	11.1279	11.6543	
RPA2	9.23145	9.2328	8.4475	8.7104	8.4678	8.7079	
CD44	13.2319	13.5902	13.3896	13.7339	13.6747	13.7339	
ERBB3	5.37665	3.8254	3.828	3.8958	3.3165	3.9398	
GTF2E2	10.0758	10.4539	10.3892	10.5433	9.9396	10.3173	
VAV3	7.11235	4.9337	5.0156	5.5774	5.4512	5.6867	
ABHD6	6.8913	6.299	6.1348	6.5865	6.9627	6.2027	
ANXA7	9.05705	9.1532	9.1411	9.1532	8.9531	8.6911	
MAPKAPK2	9.78075	10.6574	10.3408	10.7401	10.6325	10.9519	
TXNRD1	12.8145	13.1019	13.4514	13.5088	12.4576	13.1763	
CAB39	6.41025	8.2774	7.9647	8.2428	6.9949	7.0234	
FZD1	6.51485	6.2296	6.1582	6.6179	7.7793	7.4092	
CRYZ	7.5888	9.0535	9.4185	8.9831	9.2993	9.2946	
TIAM1	6.8555	5.3885	6.0684	5.5943	5.4585	5.0853	
DNM1L	10.2098	10.6827	10.4169	10.5298	9.987	10.4498	
GAA	3.33545	4.0869	4.3627	3.852	3.5278	3.2814	
DERA	9.6698	9.791	8.7079	8.5663	9.2151	9.5511	
SKIV2L	8.83705	9.1421	9.3955	9.113	8.7654	9.033	
BLMH	7.99795	7.8733	8.1298	8.2513	7.4269	7.8705	
PTPRK	10.7823	10.1337	10.0583	9.9769	10.9519	10.7032	
HERC6	5.1264	4.8621	5.0156	4.1079	5.0985	5.2685	
RRP1B	7.5388	8.0726	7.9663	8.0684	7.3156	7.6062	
MKNK1	12.3815	10.1478	9.3729	8.2258	10.3155	9.9575	
TSPAN3	8.365	8.4948	9.0037	8.8663	8.3847	8.1929	
ACOT9	8.85235	9.923	9.8047	10.2157	9.3564	9.3314	
PIK3R3	4.74675	5.7007	5.9371	5.785	7.3658	6.1782	
KEAP1	10.4095	10.5602	10.3469	10.5267	10.3604	10.1339	
ST3GAL5	7.124	7.3471	7.0645	6.92	7.2776	6.9981	
CTNNAL1	9.3307	9.3314	9.061	9.186	8.0152	8.5843	
TFDP1	7.82725	9.6924	9.7946	10.009	8.8072	9.6793	
ABHD4	7.76045	7.5547	7.3571	7.2116	7.9053	7.5481	
SMC3	6.92675	8.2007	8.1298	8.2881	8.5531	8.3811	
INPP4B	6.42755	5.4909	5.612	6.1782	6.3635	5.8366	
LBR	7.3073	8.0073	8.1291	8.2329	7.8359	7.4603	
PPIE	10.202	10.1185	10.458	9.5358	9.5741	9.6547	
ZMIZ1	9.5037	10.679	9.7058	10.8426	11.1215	10.7332	
PPARG	6.66885	6.4506	6.9981	6.7366	6.8302	6.8073	
TERF2IP	9.4834	9.7318	10.3847	9.9713	10.4722	10.3711	
BNIP3	10.4419	10.6919	10.4929	10.675	9.644	10.1998	
RPP38	6.90895	7.5547	7.5185	8.1502	7.2822	7.6897	
BCL2	5.9993	3.238	2.9297	2.4762	3.4652	3.4336	
CAST	11.273	11.6782	11.8261	11.8737	11.5534	11.9781	
BAG3	10.9065	10.9111	11.3387	11.3497	11.8758	11.1478	
RBM6	7.1051	8.2938	8.3465	8.3718	8.6545	8.4987	
CSK	7.63995	8.4299	8.2959	8.5306	8.3624	8.406	
GNA11	10.7526	11.3387	10.4002	10.4672	10.8095	10.3408	
ALDOC	3.43015	3.2256	3.843	4.0869	3.4336	3.3385	
TOR1A	8.1732	8.4623	8.2638	8.4407	8.0413	8.1305	
SLC25A13	8.88535	9.7216	10.3317	9.3	9.1582	11.1279	
UBE2L6	10.3643	9.6281	9.8209	10.1305	10.2604	10.5261	
SYK	4.09715	4.9983	5.0663	5.0853	5.6982	6.0086	
TSPAN4	10.4192	11.8386	11.5264	11.6836	11.8966	11.3263	
NR3C1	8.9663	7.4165	7.3712	7.7961	7.4211	7.1913	
PCBD1	10.725	10.01	9.9152	10.0656	10.5155	10.2024	
ICMT	10.7477	11.0723	11.3804	11.5635	10.9746	11.5972	
TRIB3	11.652	11.662	11.8496	10.6589	12.4671	10.9454	
EIF4EBP1	10.8902	11.8737	12.1942	11.8386	10.9644	11.7939	
PHF15	6.59255	6.4783	6.8575	6.8468	6.9081	6.3185	
CXCR4	6.4367	6.0889	5.4941	5.9161	6.2556	6.5426	
GNPDA1	10.0396	8.6919	8.7733	9.1178	9.9992	9.2844	
CCND3	7.6311	7.9542	7.7131	7.9053	7.0679	7.5186	
FKBP14	6.23305	8.5505	8.3677	7.3416	7.0519	6.6053	
CIAPIN1	8.34675	8.7752	9.0131	8.7895	9.0037	8.8384	
NUCB2	10.0596	10.5393	10.5289	10.7947	10.681	10.6914	
COG7	8.65865	8.3173	8.2752	8.3577	8.9924	9.6035	
RSU1	9.9689	10.3552	9.3207	9.77	9.5521	9.0066	
PTPN6	6.1418	4.9492	4.0336	4.4167	4.6035	4.771	
TUBB6	12.1124	13.0074	12.9279	12.9244	11.7581	12.7998	
ABL1	9.98835	9.8887	9.7573	9.8991	9.8327	9.9209	
DUSP4	5.4374	4.677	4.459	4.7413	6.5642	4.9337	
CCNF	7.28665	7.8346	8.0487	7.7279	7.5878	7.2432	
PTPN12	8.8007	9.4124	9.6149	9.5725	9.3971	9.4786	
HSPA1A	11.6148	12.3163	12.3635	12.3082	12.9279	12.2177	
PCK2	8.8904	9.5637	9.4724	9.1651	9.0725	8.9	
FAM57A	7.24405	8.0849	8.112	7.8026	7.9421	7.7615	
RB1	10.0212	8.4719	8.9944	8.9753	8.705	8.6839	
EVL	7.14625	7.7069	7.5917	7.4608	7.6021	8.1928	
GFPT1	8.60965	8.4407	8.3695	8.0337	8.1498	7.2592	
BLVRA	8.38445	9.779	10.1368	9.8047	10.4516	10.215	
GPER	7.4664	4.7852	5.0156	4.9712	5.482	5.1733	
EAPP	6.94465	6.8238	6.5511	6.5621	6.8123	6.7383	
S100A13	11.543	12.3417	12.1775	12.1942	11.9271	12.0265	
EXT1	13.2398	13.7861	13.3476	13.6951	13.6226	13.9544	
MYBL2	8.50675	10.029	9.6713	9.9752	8.2598	9.4564	
POLE2	8.06885	6.0837	5.612	5.6887	4.6956	5.1282	
STX4	10.5754	8.8655	9.2173	9.3544	9.963	9.7689	
PLCB3	9.2485	9.926	9.7071	9.9662	9.901	9.6013	
TMCO1	10.9265	11.486	11.4226	11.1448	10.768	10.6113	
C2CD2	6.84965	6.6517	6.4189	6.0888	6.5287	6.2232	
PARP1	8.98445	9.4447	9.3697	9.7199	8.9414	9.747	
ANKRD10	8.22535	8.9103	8.3323	9.0995	9.387	8.3119	
CCDC85B	9.29085	9.9416	9.858	10.2834	10.1863	10.1433	
DDB2	7.63745	6.8014	6.7634	6.5419	5.5774	6.3993	
DDX10	7.9616	10.0205	9.644	9.6987	9.2872	9.9186	
BAMBI	9.5996	9.9532	10.1655	9.5887	8.2007	9.1802	
CEP57	7.96005	8.3683	8.5575	8.1907	8.0067	9.0215	
HADH	8.97125	8.5271	8.9207	8.7511	8.6316	8.9758	
RAB31	7.90815	9.0995	9.399	8.3172	9.3988	8.3695	
ABCC5	6.2058	5.7751	5.4941	5.9597	6.3185	5.7829	
GLRX	10.7702	11.2459	11.3209	11.1087	11.6468	11.2477	
MVP	10.5998	10.8306	10.8837	11.3653	11.6475	11.4604	
RFC5	8.3724	8.1237	8.0149	8.0995	7.6142	8.1431	
HES1	8.98735	9.6805	9.2252	9.0996	8.1928	8.8046	
STMN1	10.8598	10.9108	10.6697	10.7231	9.9928	10.2012	
GALE	6.97965	6.9695	6.8174	7.3886	6.4549	6.4923	
KLHL9	8.40125	7.9421	7.871	6.4275	7.9362	7.8262	
PTPRF	8.64165	7.7423	8.1049	8.2878	8.7576	8.7965	
UBE2J1	7.48775	7.5047	8.0073	7.7005	8.3382	9.019	
PGM1	10.078	10.3313	10.2195	10.3081	10.4929	10.2664	
SLC37A4	6.62835	5.7885	5.5651	5.4352	5.7105	5.1331	
LOXL1	12.2131	12.797	12.5876	12.6202	11.8983	12.3635	
PLK1	9.18835	10.313	10.675	10.3892	10.5671	9.9275	
MYO10	12.7196	10.4002	10.2179	10.5012	10.5665	10.5053	
NPRL2	6.81015	7.7218	7.577	7.7172	8.2796	8.1077	
LIPA	9.24665	8.9114	9.1227	9.2272	9.4143	9.2546	
PWP1	8.90955	9.833	10.3552	10.3481	10.4002	10.0158	
PHGDH	12.4921	13.379	13.293	13.1319	13.0715	12.9039	
PLEKHM1	10.0195	10.5845	11.0221	10.2503	11.8655	11.9164	
ST7	6.3747	5.9338	6.2275	6.0388	6.1529	6.332	
VAT1	10.0195	11.2204	10.9761	11.1001	12.0401	11.5315	
IKBKB	5.2007	6.9432	6.8077	7.0412	7.2656	7.087	
KIF20A	11.7451	12.1715	12.1523	11.9333	12.5017	11.4005	
CDH3	4.1912	4.391	4.273	4.3627	4.6049	4.0362	
PCM1	6.87125	8.6911	8.7393	8.735	8.0684	8.4527	
IER3	10.4865	10.9872	11.1251	10.9007	10.9053	11.0111	
SSBP2	8.65665	6.2394	5.8928	6.3744	6.1289	5.9439	
FAT1	11.51	11.812	11.8015	11.9538	11.719	11.8756	
SNX11	6.32605	5.7494	5.4941	5.8458	5.3294	5.1205	
RNMT	8.0223	7.5081	7.0097	7.666	7.9343	7.1126	
SFN	6.9389	7.0712	7.7279	6.8905	7.1959	6.4337	
EGFR	7.5068	6.9627	6.905	7.2939	7.2876	7.0385	
RFX5	6.40595	6.8023	7.3297	6.4275	6.5419	6.3014	
NET1	5.7963	7.3279	7.4735	7.1876	6.9688	7.0324	
PKIG	10.7658	10.5034	10.5034	10.4866	11.4967	10.6663	
DECR1	10.0192	10.4369	10.5341	10.5733	10.3771	10.5864	
FSD1	8.19035	8.7994	9.0215	8.7291	8.966	9.1421	
ATP6V1D	9.70665	10.1892	9.963	9.7318	9.2179	9.498	
CDK6	7.9672	5.3573	5.5998	5.7813	3.881	5.3547	
CDC45	9.7085	9.5143	9.4429	9.1744	8.1393	9.5683	
NPC1	9.0313	8.6918	8.8125	8.8504	10.4009	8.9726	
EDEM1	9.18185	9.7146	9.8714	9.6177	10.2811	10.2477	
MEST	12.7592	12.8577	12.5697	12.797	13.1013	13.0715	
MYLK	7.5366	8.0218	8.4216	8.6243	8.0526	8.3119	
PAFAH1B3	9.40165	9.4634	9.3289	9.2583	9.2654	8.9563	
CALU	13.4615	14.3589	14.3589	14.5995	14.4569	14.4569	
USP6NL	6.01115	5.96	6.7361	6.6823	6.8252	6.7089	
LGALS8	10.3041	7.0336	6.1914	6.4536	7.3882	7.4906	
NT5DC2	10.875	11.3806	11.3034	10.5298	11.1552	11.3114	
CCP110	7.9008	7.811	7.9832	7.5789	7.1491	8.0032	
LRP10	10.1895	10.75	10.8722	10.9454	11.5417	11.4025	
ATP1B1	9.44875	8.5686	8.6856	8.183	7.1123	7.5922	
STK10	5.1037	6.3915	7.1305	7.8026	5.6111	7.4942	
OXCT1	9.49225	9.9137	10.0774	10.0583	10.0832	9.7411	
UGDH	11.0132	12.7719	12.8577	12.5353	11.4604	12.1523	
SLC25A4	8.2293	8.2702	7.6907	7.8178	7.2992	7.4146	
SQRDL	6.32475	6.2225	6.0042	5.7734	6.2153	7.9996	
HEBP1	8.86305	8.6273	7.992	7.7018	7.4211	7.9633	
PSMB10	7.0314	8.1183	8.1849	8.0554	8.2513	8.6183	
ASCC3	6.17775	7.1733	7.5019	7.487	6.3354	7.1847	
FGFR4	6.676	4.9012	3.8762	3.5059	4.9012	4.3451	
CDKN2A	11.4586	9.7602	10.9111	11.1932	9.6542	10.8685	
TRAM2	9.75595	10.7401	10.8454	10.6919	10.4672	10.241	
ATP11B	9.7524	8.966	8.6919	8.699	9.4853	10.181	
PYCR1	10.7148	10.4769	10.2276	9.8714	10.4487	9.6257	
CD320	11.2952	12.0949	12.1715	12.3417	11.6457	11.7416	
NCOA3	9.06355	8.7199	9.4575	9.0741	10.2344	10.3019	
CDKN1B	9.4883	9.2763	9.3791	9.7917	9.9799	8.9294	
POLD4	9.37045	9.8812	9.8779	8.9034	9.1532	9.7053	
FOSL1	11.6249	11.7416	11.9271	11.9637	12.4576	11.9633	
MLLT11	11.2204	9.6035	9.0943	8.8125	8.1929	8.416	
CEBPZ	9.1695	8.8406	8.7395	8.8566	8.0032	8.645	
PRKACA	10.5464	10.7288	10.7717	11.3382	11.2955	11.9358	
GAPDH	15.0002	15.0002	15.0002	15.0002	15.0002	15.0002	
CBR3	5.5652	7.3016	7.4078	7.4165	4.9712	5.0425	
LYRM1	5.48535	5.4045	5.373	5.5087	5.7245	5.1152	
