gene	0.04uM	0.12uM	0.37uM	1.11uM	10uM	3.33uM	
PSME1	11.4491	11.8789	12.1272	12.1644	12.3356	12.3356	
CISD1	10.6012	10.6179	10.3549	10.4919	9.9757	10.2731	
VDAC1	7.5938	7.6367	7.6927	7.6962	9.8179	8.1671	
SORBS3	4.0862	4.1855	4.5562	4.2559	4.7848	4.2711	
SPDEF	8.2489	7.7257	7.7284	7.765	8.5212	8.1219	
ATF1	8.6913	8.6394	8.5556	8.6591	7.743	8.4105	
SPAG4	5.7837	5.872	6.9632	5.8047	6.3535	5.8912	
E2F2	5.4988	4.8556	5.3819	4.625	5.1916	4.5827	
RHEB	12.6045	12.5454	12.4522	12.2978	12.3992	12.5454	
IGF1R	5.4331	5.5668	5.3577	5.6743	6.9573	5.6174	
SLC5A6	8.6232	8.614	8.2087	8.1107	7.9813	8.1306	
FOXO3	6.8722	6.6203	6.9675	6.8239	7.9192	7.1132	
RGS2	8.5144	8.9627	8.8423	8.6108	7.2735	8.73	
GSTM2	4.335	3.5684	4.7066	4.4643	4.2052	5.204	
SCYL3	4.1262	5.6943	3.8808	5.872	5.0124	3.7478	
RHOA	8.5346	8.7166	8.6786	8.2791	7.8866	8.4209	
TBX2	4.97	4.7519	4.4922	4.2882	4.2203	4.1501	
DNAJA3	13.5672	12.5349	13.1031	12.8016	13.5672	13.4829	
IL1B	5.8832	5.193	5.7999	6.6552	6.0221	5.4331	
ASAH1	7.3306	7.0035	8.926	7.9813	8.4648	7.8366	
DCUN1D4	7.3415	8.6679	8.2071	8.3643	7.8408	8.1283	
DYRK3	6.1294	5.2529	5.0994	5.9685	5.5332	6.3677	
RALA	8.8239	8.9675	8.7611	8.568	9.0754	8.7922	
ARHGEF12	7.9124	8.0836	7.4505	6.8106	7.6869	7.7105	
POLG2	6.4512	6.7936	6.8239	7.138	6.5387	6.6841	
SOX2	5.6167	5.193	5.9094	6.599	5.851	5.4431	
TRAPPC3	10.5058	10.8157	10.6659	10.9775	10.725	11.1328	
SERPINE1	5.0393	4.2882	4.0269	4.335	4.1596	3.8858	
TCFL5	4.263	6.2035	6.0574	6.0874	5.497	5.31	
CRK	7.655	8.2672	8.3041	8.135	8.513	8.2306	
HLA-DMA	5.1713	4.6323	4.5997	5.0408	5.4968	5.0813	
EGF	4.31	4.7343	4.6727	4.709	4.7626	4.7626	
RBM34	8.9401	9.6214	9.711	9.8499	9.8606	9.8873	
ITGB1BP1	9.4913	9.5522	9.8692	9.6339	8.8199	9.3029	
SPTLC2	5.3159	5.8304	5.6355	5.7128	6.2464	5.6589	
ACLY	10.7386	10.4745	10.1862	10.394	10.961	10.3217	
APP	12.7031	12.7416	13.0263	13.0398	13.4485	13.2179	
RAD51C	6.0278	6.6994	6.5257	6.8801	5.5808	6.3622	
TSKU	7.235	7.454	6.8155	6.3899	7.9473	7.1172	
SMC1A	9.3558	9.84	10.0851	9.942	8.4851	9.846	
TMEM2	8.4795	8.7457	8.6614	8.823	9.2643	8.9463	
NOS3	4.9797	4.6282	4.7184	4.7495	4.6001	4.934	
YME1L1	9.051	9.6494	9.397	9.0724	8.8686	8.8926	
ACAA1	7.9265	8.0274	8.7603	8.3826	7.486	7.8768	
CSNK1A1	8.559	8.4733	8.3373	8.0182	8.8135	8.2467	
HSPA8	10.9115	11.5139	11.7133	11.2532	10.3026	11.5523	
NFATC4	6.1189	5.3196	5.1097	6.0432	5.7399	5.2843	
CCNB1	12.2776	12.3642	12.5791	12.343	11.7541	12.0611	
TBP	8.1605	8.3607	8.311	8.3042	7.8239	7.8826	
SLC2A6	9.1822	8.7357	8.6922	8.6343	9.6075	9.2019	
WFS1	8.2871	7.7819	8.2282	8.7578	8.3718	8.6165	
EZH2	10.1186	9.9351	9.9997	9.9301	8.6479	9.5249	
UBE3B	7.3899	7.2871	7.7603	7.4287	7.8555	7.7336	
ICAM3	5.5998	6.1398	5.7823	5.9202	5.2107	5.3207	
NPDC1	8.2968	8.8513	8.892	9.1546	9.8455	9.2313	
ALDH7A1	7.3137	6.2182	6.2965	7.4546	7.6118	7.3669	
BRCA1	5.6194	6.6157	6.7632	6.295	4.6463	5.9685	
NFATC3	9.7458	10.1766	10.0918	9.5598	10.155	10.0866	
PSMD4	9.7673	10.2329	10.1231	9.5378	10.5198	10.1987	
PCNA	13.6617	13.8396	14.1402	13.6552	12.0421	13.6743	
PHKG2	7.3171	7.5621	7.48	7.4536	7.2031	7.365	
ETV1	4.8705	5.0124	5.2844	5.4807	6.0984	5.4628	
POLR2I	10.8655	10.9374	10.5494	10.3002	10.3979	10.4167	
KDM5B	5.9957	6.1545	5.6758	5.8771	6.7871	6.1835	
PSMB8	7.1691	7.5032	7.6788	8.0832	9.1435	8.7122	
AKAP8L	6.328	6.3255	6.445	6.4659	6.7194	5.851	
COG4	8.2436	8.1082	8.4021	8.3749	8.3466	8.3543	
MCM3	11.123	11.2957	11.4868	11.025	8.5497	10.7402	
PLEKHJ1	10.5494	10.6229	10.7469	10.3283	10.6659	10.8553	
HAT1	9.6484	9.832	9.7931	9.5292	8.4081	9.5378	
TERT	7.6254	6.004	6.5983	6.9853	7.8866	7.0952	
G3BP1	10.8206	11.1021	11.2204	10.9005	10.0885	11.0686	
SNX13	8.2087	7.5938	7.8174	8.7749	8.3782	7.9124	
PAK4	10.1825	9.4965	9.8966	9.3201	9.8532	9.8361	
TPD52L2	9.0224	8.6614	8.6581	8.4167	8.806	8.8038	
DPH2	9.0797	9.0959	8.8872	8.8999	7.9124	8.4764	
PIH1D1	9.8308	9.8488	9.3655	8.7163	9.6388	9.4186	
PRKCQ	6.7246	5.6057	5.5396	6.2536	5.888	6.043	
SNX6	7.9238	7.9795	8.0484	8.3338	8.8124	8.578	
EED	8.2305	8.599	8.4314	7.9956	7.0934	7.9974	
SHB	9.1763	7.9401	8.7383	9.7201	7.8617	7.5422	
UTP14A	8.9987	8.6939	8.7889	8.4908	8.4965	8.8621	
WIPF2	8.6978	9.3655	9.0896	9.0436	9.2088	9.0896	
NENF	8.9585	9.2304	9.0197	9.2482	8.7493	9.2344	
TSEN2	8.6387	8.7866	9.202	8.7123	7.7532	8.7049	
RPN1	12.7416	13.1291	13.2616	13.1134	13.3437	13.2031	
SUV39H1	7.9853	8.3091	8.1623	7.987	6.3702	7.6587	
C2CD2L	6.1238	5.9379	5.472	5.7046	6.0909	6.2518	
LYPLA1	9.8337	10.3987	9.8569	9.7762	9.5135	9.8301	
BIRC2	8.0546	7.9463	8.2132	8.3163	8.8828	8.6978	
GABPB1	8.4974	8.6108	8.8127	8.7864	8.2926	8.2117	
MAP2K5	7.2631	7.365	7.4427	7.464	8.1306	7.6452	
POLR2K	10.1782	10.6397	10.0681	10.6901	10.0968	10.4886	
PTK2B	6.6291	6.1294	6.4334	7.4808	6.3833	6.4248	
PUF60	12.2824	12.7277	12.8857	12.5606	12.3078	12.6567	
DHRS7	8.4209	8.0742	8.5451	8.7123	8.7644	9.2643	
PAF1	9.5147	9.5093	9.397	9.4339	9.7227	9.2031	
ARID5B	8.1507	7.9608	8.111	8.1898	8.4334	8.4295	
POLR1C	9.3363	8.9738	8.8761	8.9956	8.8909	8.8073	
PAK1	7.0718	6.8722	7.0852	7.1124	7.5307	7.2796	
RUVBL1	11.5992	11.5695	11.3288	11.6721	10.3232	11.0176	
AKT1	9.4965	9.5479	9.6114	9.5522	9.1595	9.7623	
CDC42	10.7304	11.2532	11.7401	11.463	10.826	11.5196	
IGHMBP2	6.4655	6.333	6.2086	5.9957	5.8337	6.2752	
SENP6	9.4823	9.411	9.0982	8.8999	9.6228	8.9656	
ADO	6.5949	6.7944	6.4473	6.4625	5.6242	6.2809	
HSPB1	11.6721	11.8044	11.5786	11.5662	12.243	12.0421	
EBP	8.243	8.6394	8.6698	8.6462	8.663	8.609	
TCTN1	7.0504	6.3798	5.9703	6.309	5.9467	6.2737	
AKR7A2	10.9272	11.475	11.6061	11.1196	11.9316	11.749	
CASK	6.2086	6.1345	6.4006	6.5314	6.6074	6.2837	
PPP2R5E	9.7471	9.0619	9.0589	8.8124	9.4813	9.3871	
RRP8	6.5768	7.1652	6.8184	6.5675	5.9762	6.5314	
LAMA3	4.6874	4.2492	4.7519	4.5827	5.2307	4.31	
PIK3C3	7.4723	7.2649	7.267	7.5726	7.9172	7.6184	
BHLHE40	3.6626	3.6595	5.1501	3.9334	4.83	4.0282	
CCNE2	6.3373	6.2518	3.6235	6.7275	3.4671	5.2355	
BDH1	8.1219	8.4081	8.471	8.3247	8.7734	8.2132	
FEZ2	5.3246	5.6603	5.6443	5.5406	4.97	5.8022	
IKBKAP	8.7357	9.3427	9.5908	8.8564	8.3937	8.7864	
SH3BP5	5.6698	4.9137	4.9612	5.6289	6.6342	5.6432	
PPP2R5A	10.31	10.5399	10.317	10.2297	10.7044	10.2017	
SGCB	6.7903	6.0982	5.475	5.6129	5.2355	5.5546	
EML3	9.2859	8.6121	8.6479	8.5331	8.2752	8.7137	
ENOPH1	11.8219	11.9321	11.7688	11.6491	11.46	11.7944	
BIRC5	11.7997	12.1211	12.0006	11.6061	9.7201	10.85	
CNOT4	6.3754	6.5621	6.6929	6.6208	6.5352	6.3572	
EPRS	10.2876	10.6012	10.771	10.6012	11.123	10.5494	
SNAP25	5.1285	4.2492	4.3683	3.9748	4.3915	4.0988	
JMJD6	11.2913	11.3498	10.9005	10.7469	10.6829	10.7435	
PAX8	5.1097	5.0177	5.169	5.6524	6.3372	5.5136	
CBLB	5.8253	5.9467	5.8375	5.8151	7.6135	6.108	
SLC35F2	10.205	10.4321	10.4634	10.2175	9.4137	10.0918	
ANO10	5.2449	5.2477	5.2107	5.1655	6.2086	5.7871	
PDS5A	9.087	9.59	9.6259	9.2767	9.2438	9.307	
DFFB	6.9629	6.8329	6.9014	6.8327	6.6344	6.5948	
STUB1	12.9026	12.9875	12.7416	12.5732	13.0263	12.9378	
PGAM1	12.2537	12.343	12.339	11.9744	11.1678	12.0421	
TGFB3	4.6141	4.9331	4.4081	4.7711	5.1713	4.6547	
BAD	8.4631	8.8017	8.9982	8.7485	8.9786	8.7706	
XBP1	9.9212	9.9735	10.1722	10.2329	11.0413	10.2529	
NMT1	8.7227	8.4015	8.7213	8.3466	8.3527	8.3307	
PSMD10	8.2032	8.9734	8.0575	7.9332	7.9173	8.7507	
ARFIP2	11.5467	11.6721	11.4701	11.584	11.5992	11.4491	
RAB11FIP2	6.6841	6.4972	6.1398	6.529	6.9097	6.6131	
FPGS	9.4326	9.9771	9.4371	9.4924	9.7031	8.9786	
STAMBP	8.6913	8.5865	8.6798	8.9021	9.104	9.1092	
PRKX	6.8082	6.972	6.8834	7.358	6.9632	7.2952	
RNH1	11.0673	10.5643	10.7727	10.9582	10.6934	10.9484	
ATG3	9.0774	9.4	9.5987	9.4371	8.7864	9.1519	
FAH	7.3891	7.8044	7.3524	7.1292	6.307	6.8624	
NCK1	7.5448	9.6132	7.5325	9.5765	9.8989	7.8137	
PLP2	8.8488	7.4808	8.7272	7.9828	8.068	9.4066	
CFLAR	7.008	6.981	7.1059	6.8722	6.8239	6.9629	
SOX4	7.5253	7.8052	7.6682	8.2117	10.1154	8.1157	
HEATR1	9.4392	9.9974	9.9735	9.9032	9.2019	9.688	
TESK1	8.9304	7.5121	8.0226	9.2996	9.8308	8.9348	
HN1L	9.106	9.4152	9.5326	9.6351	8.9215	9.2038	
WDR7	7.2202	8.1303	6.8001	7.6343	7.0458	6.9996	
AKAP8	8.267	8.772	8.4229	8.6922	8.2032	8.5246	
RRAGA	8.909	8.1697	8.5806	8.3476	8.9858	9.0619	
ELOVL6	9.5093	9.1716	9.2767	9.4467	8.9816	9.4519	
SLC1A4	4.7471	4.3612	4.7519	4.372	4.7276	4.4977	
ACBD3	6.6965	7.0458	7.0528	7.0504	7.6452	7.8861	
GRWD1	8.902	9.0384	8.6293	7.9338	7.1289	8.0908	
PMAIP1	5.6698	6.574	5.0493	6.3964	5.851	5.2529	
STAT1	8.4278	8.2672	8.614	8.5525	7.6051	8.4583	
FOXJ3	8.4134	8.4893	9.3208	8.311	9.202	8.6684	
TWF2	8.5351	8.9035	8.8613	8.8454	8.9516	9.1144	
HDAC6	7.6304	8.6306	8.4664	8.253	9.4068	8.2467	
MTERFD1	9.1844	9.1269	9.5397	8.8621	8.4461	9.4068	
CCND1	4.3504	4.7471	5.0177	4.6727	4.0282	4.619	
CHIC2	7.1172	7.6205	7.5991	7.108	8.4021	7.9314	
PXN	11.8843	11.6608	11.8284	12.1168	11.363	11.8284	
USP7	7.2959	7.6133	7.4317	6.9774	5.8721	7.0302	
NOSIP	8.6143	8.9493	8.809	8.7841	9.5373	9.0681	
PHKB	8.0868	7.9446	8.099	8.3407	8.0484	8.2948	
DLD	11.0293	11.4333	11.6499	11.5364	10.9273	11.5662	
NFKBIB	7.4957	7.454	6.9675	6.8031	8.0226	7.2246	
CASC3	9.2957	9.3031	9.3493	8.6994	8.9627	8.982	
IDE	5.7723	6.36	6.1238	6.3172	5.9478	6.1445	
CD40	9.662	8.1188	9.3507	8.9632	9.2409	9.0827	
MLEC	13.2029	13.2179	13.2495	13.1291	13.2495	13.1544	
GLI2	5.1707	5.0124	4.8118	5.2949	5.3159	4.7218	
PRPF4	8.989	8.9048	8.684	8.6874	7.1289	8.3499	
MELK	10.4634	10.6265	10.7072	10.5715	8.2071	10.1677	
USP22	11.3543	11.7855	11.9097	11.8151	12.2776	11.9846	
DAXX	8.5633	8.7288	8.6962	8.9539	9.19	9.0532	
TMED10	10.5399	10.8296	10.9709	10.7458	10.5963	10.7304	
CHERP	9.0352	8.9772	8.806	8.9261	8.4015	9.1743	
SMAD3	8.1306	8.1973	8.7862	8.4229	9.2444	8.8135	
OXA1L	10.612	11.4044	11.264	11.1434	11.772	11.2376	
PIK3CA	9.8361	8.505	8.8464	9.7966	8.8857	8.8686	
SNX7	9.3779	9.3293	9.5646	10.1947	9.5266	9.809	
TRAPPC6A	9.7264	9.0437	9.087	9.3239	9.9376	9.4887	
ATP2C1	9.61	9.7876	9.4009	9.3459	9.444	9.5291	
CDCA4	6.947	7.282	7.3854	7.3852	5.5727	6.5826	
TBC1D9B	7.7409	8.2875	8.4314	8.4091	7.5939	8.4965	
USP14	8.242	7.9138	8.2494	8.4134	7.9338	8.1831	
APPBP2	6.3702	6.4659	6.6791	6.5552	7.0718	6.7603	
CDC20	13.2739	13.4485	13.4485	13.3864	12.4372	12.969	
NARFL	9.0384	7.9985	8.1	9.1163	8.311	8.1919	
RPS6	14.4074	14.4074	14.529	14.5231	14.529	14.5231	
DDX42	7.8605	8.2454	8.253	8.1919	8.357	8.3476	
ECH1	11.8713	12.0611	12.1625	12.2335	12.5125	12.3949	
HDAC2	11.0907	11.0176	10.917	10.8658	10.6152	10.9842	
IKBKE	5.6443	5.5065	6.3826	6.0613	5.5224	5.8151	
CCL2	5.9428	5.3597	5.5707	5.5285	5.6167	5.9202	
DFFA	9.0437	8.3092	8.1427	9.3385	8.7543	8.419	
MRPL19	10.9054	11.1057	11.0413	10.8032	10.2216	10.6265	
WDTC1	7.7781	7.9124	8.1651	8.3988	9.7244	9.0003	
PLSCR3	8.4337	8.2329	8.2926	7.7834	8.6232	8.0546	
SUZ12	11.7786	11.837	11.7084	11.48	11.3085	11.4158	
CSNK2A2	8.3222	7.4546	7.3443	8.3522	8.5903	7.7118	
H2AFV	8.3428	8.5078	9.3097	8.7469	7.4015	8.1171	
NUSAP1	10.6455	10.7179	10.9952	11.2657	9.5675	10.4376	
TICAM1	6.1087	6.5897	5.8451	5.9821	6.5146	6.2974	
FAM69A	9.686	7.5206	8.3307	8.552	9.4637	9.3412	
KIAA0100	8.5897	8.4351	8.3522	8.052	8.6714	8.1973	
PAICS	8.6061	9.1116	8.5685	8.513	5.9909	7.5624	
SRC	7.8223	9.3528	7.0503	6.6287	7.6793	6.8789	
BMP4	10.6568	10.6152	11.1915	11.3936	12.2163	11.7133	
CDK2	9.0861	9.1346	9.2834	9.3291	8.5426	8.8277	
EDN1	9.1172	9.0224	9.1269	9.7154	10.2297	10.0043	
XPO7	8.3092	9.0603	8.6061	8.3231	8.3231	8.206	
FAIM	7.3483	7.3063	7.1006	8.2073	7.5355	7.4205	
KIAA0494	9.7031	9.4386	9.6441	9.979	10.1947	9.7792	
PXMP2	10.281	10.9115	10.6016	10.8296	9.8104	10.6189	
SQSTM1	12.5791	12.5889	12.7277	13.0263	14.1402	13.3864	
HIF1A	11.9817	11.5958	11.8219	11.73	12.1375	11.8388	
TIMM17B	11.3808	11.463	11.7969	11.2354	11.7556	11.3039	
STXBP2	8.6962	8.8651	8.4672	8.2073	9.8525	8.902	
WRB	6.0382	6.1136	6.1293	5.8337	5.8971	6.2974	
ETFB	12.4724	12.8456	12.5454	12.6966	12.4724	12.8318	
MNAT1	7.515	7.574	7.7532	7.4812	7.0552	7.4137	
CAMSAP2	9.8692	8.6714	8.892	10.6568	9.7364	9.6598	
HPRT1	10.1947	10.9724	10.7664	10.4273	7.8223	10.1597	
ARNT2	12.0907	9.7876	10.3287	11.6832	12.2201	11.5695	
RRS1	9.5813	8.2652	8.3476	8.5588	6.7603	7.7068	
ADAT1	6.4812	6.6357	6.7821	8.1726	6.9065	6.9473	
SPAG7	8.7706	8.6441	8.7954	8.8073	9.7654	9.0352	
MAPK1IP1L	9.8139	8.7909	8.7778	8.9516	8.5662	8.9816	
SCAND1	8.8461	10.7386	10.1977	10.461	11.9097	11.4627	
MFSD10	11.4092	11.9624	11.8402	11.8757	11.7241	11.9817	
MSH6	9.5638	9.6749	9.9636	9.9555	8.0468	9.6228	
COPS7A	11.3288	10.7775	10.961	11.1998	11.3258	11.084	
UBE2C	12.3078	12.3227	12.6291	12.5125	10.5032	12.0571	
FIS1	10.0753	9.9757	9.8649	9.9018	9.3685	10.4922	
HS2ST1	7.0916	6.9158	7.1189	7.0253	6.7048	6.7711	
NUDT9	8.5766	8.8239	9.0271	9.4137	9.262	9.3427	
TXLNA	10.6265	11.0914	11.1434	11.025	11.3113	11.0586	
CSRP1	11.6975	12.2163	12.2896	12.2896	11.1021	12.3992	
DNAJB1	9.6494	9.7132	9.8121	9.8015	9.4486	9.9252	
METRN	6.8419	7.0254	6.9212	6.7356	6.295	6.5937	
TOPBP1	8.7644	8.6195	9.0618	9.1558	8.2829	8.4418	
ABCF1	10.7745	10.355	10.0614	9.8514	9.8569	9.9021	
TCTA	9.2438	9.2869	9.4413	9.5292	9.2221	9.5568	
LGMN	7.7257	7.9576	8.0448	8.5321	8.7914	8.5524	
TLK2	8.5281	8.8056	9.119	7.9534	8.5346	9.0774	
KIAA1033	8.7166	8.9367	9.3581	9.1933	8.9367	9.3714	
PTGS2	6.6493	6.9504	6.8368	7.0818	6.6816	7.4033	
DNAJB6	10.5935	10.0344	10.3026	11.4092	11.5786	10.8304	
PLA2G4A	11.6846	10.3843	10.6455	10.5589	11.3376	11.2703	
MAT2A	11.8388	12.0006	12.0421	11.8535	11.8388	12.0006	
TLR4	6.0406	6.3622	6.0948	5.9703	6.0484	5.9765	
HMGCS1	11.7541	11.7944	11.5554	11.1867	12.9378	12.2896	
MBTPS1	7.6812	7.5452	7.6132	7.6004	7.9537	7.7174	
SPRED2	10.9582	10.3232	10.3232	11.1264	10.9842	6.1345	
ZNF274	6.9473	6.6203	7.3063	6.3208	6.6499	9.1132	
CLIC4	11.4333	11.3225	11.48	11.4044	12.103	11.3754	
MAP7	8.8579	9.1933	9.1346	8.7578	8.684	8.6798	
CHAC1	8.8229	8.8385	9.3412	10.26	10.1286	8.8886	
EIF4G1	9.0436	8.892	8.3952	8.5903	8.3075	8.4575	
BTK	4.0988	4.1596	3.8858	3.7017	4.0009	3.787	
GNAS	13.0398	13.1031	13.1788	13.4829	13.2739	13.2495	
MYL9	5.8576	5.5707	5.6323	7.0852	6.7661	5.5891	
TEX10	7.6334	8.3543	7.9358	8.2541	7.2524	8.2306	
PSMD2	11.8535	11.6101	11.5336	11.5246	11.6499	11.5863	
ZNF586	6.3833	6.478	6.6237	5.9497	6.5309	6.5439	
CLTC	11.5695	11.772	11.5662	11.4158	11.3543	11.5912	
IKZF1	4.5858	4.793	4.6282	4.6085	4.6765	4.3238	
APBB2	6.5634	7.0955	5.9428	6.6131	7.7068	6.959	
HSD17B10	10.9482	10.8646	10.8646	10.612	10.5784	10.5589	
RNF167	9.9613	10.5235	10.0402	10.0308	10.1462	9.6996	
STX1A	7.9501	8.6888	8.4388	8.5884	9.1833	8.5078	
ALDOA	8.8686	9.3738	9.0632	9.08	8.6201	8.601	
EPHA3	6.2456	5.2307	4.8111	6.2507	5.2636	4.8894	
STAT5B	4.2365	4.5685	4.2235	4.263	4.372	4.2882	
TXNDC9	9.1816	9.7295	9.7685	10.0622	8.8613	9.7992	
CCNA2	10.4167	10.8655	10.8754	10.5963	8.2991	9.8525	
VGLL4	8.3307	8.2948	8.3188	8.5212	8.6108	8.4126	
CASP10	7.1017	6.5439	6.7095	7.3904	7.1636	7.3034	
SDHB	11.8151	11.9484	12.1882	12.1882	11.6101	11.9624	
ETS1	6.4318	5.4808	6.2456	6.5043	6.9632	5.6323	
YTHDF1	9.0037	9.007	9.1087	8.8849	8.8464	8.8725	
FOXO4	7.334	7.7404	7.7388	8.1082	9.9376	8.5733	
LSM5	12.4372	12.5937	12.4007	11.9817	11.7133	12.3132	
TOMM34	9.8451	10.4634	9.9477	10.3118	9.9301	9.9351	
ZMYM2	10.317	9.781	10.1378	9.7736	11.1057	10.771	
CHMP6	5.2224	4.619	5.0445	5.0445	4.7571	5.2262	
KIAA0907	8.8199	9.0959	8.9848	9.201	9.4701	8.9328	
CASP7	8.4372	8.7485	9.1226	8.5964	9.0613	9.0224	
HK1	7.7118	7.8877	7.5938	7.4047	7.0035	7.3139	
PAPD7	10.3485	9.2977	9.2118	10.6586	10.1014	9.5954	
PIGB	8.7574	8.8056	8.4823	8.5426	8.1776	8.9697	
CHEK2	9.0774	9.3825	9.0971	9.0479	7.3034	8.4015	
PLOD3	12.1882	12.2824	12.1606	12.277	12.3642	12.0878	
ACD	8.7074	7.6118	7.5187	7.2246	8.5738	8.4851	
TRAK2	7.3442	7.9813	7.9503	7.4937	7.8636	7.6736	
SUPV3L1	10.0222	8.8464	9.5908	10.341	10.2274	9.6519	
VAPB	8.8489	9.2643	9.0972	9.08	8.8513	9.051	
GPATCH8	7.4383	7.7284	7.8223	7.4782	7.5032	7.3084	
HSPD1	11.3376	12.0009	11.8319	11.5554	10.5688	11.0739	
BUB1B	10.9273	10.7435	10.4643	11.5306	10.1862	10.1947	
TGFBR2	6.6157	7.0984	6.8555	6.8101	7.0767	6.4749	
MRPL12	12.642	13.2836	13.0105	12.5937	11.5522	12.6158	
NOTCH1	9.287	8.8801	8.35	8.4295	9.4019	8.8327	
PNP	11.363	11.4789	11.3543	11.3427	10.377	11.2176	
SHC1	8.6679	8.1973	8.4575	8.1605	9.2675	8.5685	
ARPP19	9.0619	9.688	9.4339	9.5164	9.3871	9.4068	
CEBPA	6.1084	6.529	6.4132	6.8659	7.8956	6.8918	
PSMF1	9.8015	9.3208	8.7328	8.8928	9.3293	8.8566	
RTN2	10.2735	8.6922	9.3528	10.511	10.7613	10.0402	
NPEPL1	7.2434	7.334	7.2415	7.3306	7.8765	7.4937	
USP1	7.7615	8.2283	8.5239	8.3093	6.1605	7.9795	
RPA1	10.7849	10.6659	11.0376	10.7935	9.9475	10.6397	
SIRT3	4.9117	5.0087	4.7519	4.4766	5.0093	10.1025	
KLHDC2	10.767	10.8389	10.9374	11.6377	11.385	11.1678	
UBQLN2	8.0205	7.9918	8.2152	8.1664	8.3999	8.1753	
DMTF1	7.4729	7.2545	7.4618	8.3645	7.3188	7.483	
SCARB1	8.6253	8.2838	8.6997	7.8555	7.8578	8.3205	
CLPX	9.1418	9.2513	9.4856	9.1822	9.4646	9.257	
TPM1	9.69	9.711	9.9124	10.14	10.895	10.5639	
TM9SF2	9.2643	9.6996	9.878	9.6437	9.9235	9.7359	
TXNL4B	8.0448	7.569	7.7315	7.7246	7.9811	7.7529	
ATF6	8.068	8.2991	8.3916	8.1283	8.9892	8.3205	
PRR15L	7.3084	7.3854	7.322	7.3188	8.1639	7.5939	
NUP88	10.7613	10.9881	10.7775	10.4056	9.7132	10.439	
ST6GALNAC2	5.337	5.4305	5.1391	5.404	5.9957	5.5406	
ADH5	9.9577	10.2817	10.288	10.0527	9.7807	10.0518	
FUT1	8.5701	7.4008	7.5032	8.7884	7.8768	7.7022	
GOLT1B	10.7664	11.1006	10.8553	10.9013	10.9415	10.8389	
PRUNE	5.6194	5.6443	5.2844	5.239	4.9972	5.3415	
PPOX	9.4581	7.5894	8.1753	9.4595	8.4162	8.9675	
SYPL1	12.78	12.8857	12.8821	12.7568	12.5791	12.78	
CANT1	11.4361	11.34	11.4336	11.5042	11.3754	11.4445	
ZNF451	8.5544	8.3231	8.552	8.5777	8.7272	8.7396	
HOMER2	6.8918	6.2974	6.1398	6.7851	6.0587	5.9854	
RALB	10.6928	10.7553	10.826	10.7849	10.7349	10.7469	
CLTB	9.2293	9.7199	9.5476	9.1551	9.4339	9.1976	
TRIM13	8.3591	8.2139	7.623	10.1106	8.5153	8.1107	
FBXO7	7.4808	7.5307	7.3084	7.2308	7.7556	7.3696	
PHKA1	7.3669	6.9978	6.9471	7.1942	6.8329	7.5549	
CYCS	11.4201	11.4988	11.2913	10.8655	10.0571	11.0075	
PPARD	6.5937	6.2319	6.2611	6.1548	6.5634	6.4625	
ENOSF1	6.5937	7.5448	7.5048	7.1041	5.9285	6.8101	
MAP4K4	6.0484	5.6272	5.7128	5.423	5.7899	5.7706	
PAN2	6.0669	4.1125	4.4276	5.5461	6.0782	5.6272	
STAT3	3.9435	5.2949	5.1285	4.4081	4.3913	4.4215	
LIG1	9.7508	10.0614	9.9124	10.0853	8.2663	9.3558	
PPIC	8.9982	9.5704	10.0786	9.3685	10.4859	10.3026	
EIF5	9.7138	10.2484	10.1147	10.0591	9.8971	10.0622	
GNB5	7.6445	7.4096	7.5653	7.9503	8.9304	8.1455	
GNAI1	4.6001	5.2787	4.8941	4.9137	5.4392	5.0556	
INSIG1	9.2313	9.3291	9.5813	9.7582	11.4988	9.9902	
DNMT3A	8.371	7.0752	7.168	8.9517	8.3624	7.7351	
TM9SF3	10.1879	10.3606	10.3002	10.6618	10.5847	10.5754	
CCDC86	10.7929	10.6652	10.5715	10.1665	9.3145	9.7543	
HIST2H2BE	6.6493	5.7157	6.2518	6.7471	7.7291	7.6428	
S100A4	13.4329	13.5255	13.6552	13.6617	13.6552	13.6552	
SLC25A14	6.4562	6.4093	6.3131	6.3469	6.5817	6.3372	
KTN1	10.2084	9.9622	9.8573	10.0437	10.2672	9.7249	
TBXA2R	6.1605	5.9783	6.064	6.5621	6.2837	5.8082	
ARHGAP1	9.6545	9.5716	9.6131	9.8585	10.1677	10.0497	
FBXO11	5.257	5.0497	5.1047	5.2389	5.0177	5.1341	
HERPUD1	8.5605	8.0423	8.3247	8.6348	9.9448	8.7763	
LPAR2	7.0302	6.2965	7.1215	7.2593	7.4569	6.9363	
COASY	7.4918	7.8632	7.9243	7.765	8.0575	7.7532	
RPL39L	3.5494	3.6259	3.6595	3.5096	3.6595	3.8441	
BPHL	8.0908	7.1289	7.6343	7.196	7.5692	7.8604	
RASA1	8.7819	8.7553	8.476	8.4337	8.0375	8.3624	
ATMIN	6.926	7.1419	7.0955	6.9547	7.1746	7.3063	
MAPKAPK3	6.2276	6.0221	6.1935	6.0782	6.0613	6.1992	
CASP3	9.3714	8.9858	9.1529	9.5483	8.8001	8.8801	
MBOAT7	11.7204	11.6663	12.0433	11.9528	11.9941	11.7344	
PNKP	9.0619	9.2031	9.2543	8.909	9.69	9.2283	
PSME2	11.2815	11.3096	11.4158	11.6608	11.0486	11.2913	
NISCH	6.9966	7.2135	7.0065	6.9996	7.4998	7.5263	
SLC35A3	6.3172	7.3852	6.8555	6.6965	6.496	7.4096	
CPSF4	10.5161	10.5448	10.671	10.2181	10.2556	10.6055	
LSR	10.6229	9.4881	9.8873	9.7868	10.7188	9.6805	
COPB2	11.208	11.0544	11.0138	11.1758	11.7133	11.2602	
MEF2C	5.9821	5.642	5.2753	5.5608	5.7582	5.472	
GADD45A	9.4743	9.106	9.0022	9.4386	9.2834	9.3452	
KDM5A	7.4057	7.4241	7.2534	6.9154	7.5448	7.3443	
FAM63A	6.6463	7.0585	7.0585	6.6965	8.3543	7.3334	
SMNDC1	8.8372	9.1616	9.0352	9.0935	9.1723	9.016	
NUDCD3	8.2505	8.513	8.7954	8.8886	8.4696	8.3293	
RAB4A	9.9974	10.1947	10.1326	10.2876	10.1722	10.0405	
FGFR2	7.3274	6.7353	6.6694	7.7557	8.2282	8.2454	
IFRD2	11.1678	11.5984	11.3936	11.34	10.0622	10.7085	
BACE2	7.445	7.7715	7.3964	7.6874	8.0276	7.6755	
HMGCR	9.6782	9.5986	9.4762	9.3816	10.6094	9.7221	
LYN	5.472	5.1443	5.0847	5.4946	5.2449	5.1195	
SLC35B1	9.8674	10.1326	9.7384	9.7439	9.4386	9.6424	
ISOC1	8.4575	8.6684	8.9267	8.614	7.9956	8.5777	
TIMP2	7.138	6.5036	6.6774	7.462	8.4291	6.8109	
DUSP3	7.0552	7.8496	7.5395	8.035	8.8671	7.0592	
LSM6	7.5792	7.3762	7.623	7.6334	5.8985	7.8828	
CALM3	8.9697	8.0493	7.7227	9.2654	8.476	7.7261	
MOK	5.4866	4.9428	5.3207	5.1547	4.9872	4.8118	
PPP1R13B	6.2209	8.1843	5.7582	7.2524	6.2209	5.7999	
SACM1L	9.2869	8.9261	9.1663	9.1636	9.1844	9.1293	
DNAJB2	8.4091	7.8821	8.0821	7.9009	9.6259	8.9493	
TCERG1	10.0622	10.2435	10.0471	9.8663	8.7841	9.9097	
CERK	7.0767	6.6828	6.8571	7.3921	7.0542	6.5544	
KIAA0196	10.4693	10.3955	10.613	10.2731	11.2504	10.823	
DNM1	8.1705	8.4664	8.6635	8.263	8.5961	8.6354	
LAP3	11.3498	11.2829	10.5513	10.451	10.3843	10.8878	
DDIT4	7.3171	7.1813	7.168	7.1041	9.3361	7.4108	
MAPKAPK5	8.842	8.9152	8.8593	8.8709	8.2708	8.7889	
ALAS1	10.8145	10.1862	10.4859	10.5847	10.4167	10.3118	
HDGFRP3	5.5557	4.6085	5.3159	4.7807	4.7343	4.8481	
PAFAH1B1	9.2199	8.8199	8.8709	9.0456	9.0093	8.9734	
PRKCH	5.472	5.361	5.376	5.4573	5.7385	5.1285	
PSRC1	10.1722	9.9301	9.979	9.8104	8.9105	9.6132	
RAB21	7.6755	7.4427	7.7597	8.3376	8.0961	7.8223	
ERO1L	5.7643	6.4562	6.2268	6.1369	6.4132	6.0278	
PSIP1	9.6339	9.4155	9.8376	9.4534	8.6091	9.3409	
APOE	4.0525	4.2458	4.0946	4.619	4.2882	4.6469	
CREB1	7.3762	7.0096	6.7353	6.7711	6.7888	6.7861	
MBNL2	10.2636	10.4799	10.4109	10.338	10.767	10.9582	
RBM15B	8.7598	8.8253	8.5701	8.684	8.7598	8.4648	
PACSIN3	5.1144	4.8831	5.2753	4.9155	5.0541	4.8894	
TOMM70A	9.9792	9.8015	9.9867	9.8078	9.3655	9.4965	
CBR1	8.9215	9.0751	8.9656	8.5659	8.7251	8.7558	
MTA1	10.5496	10.7245	10.311	10.1244	10.6229	10.294	
MACF1	9.4621	9.7477	9.8304	9.6642	10.814	9.9095	
PRKCD	7.5541	8.0034	8.0192	7.9401	8.6035	7.8366	
CCNA1	5.2247	5.0408	4.4766	5.1047	5.0847	5.0093	
PIK3R4	7.7715	7.6587	7.6103	7.6327	7.6304	7.5027	
CSNK1E	9.7201	9.5124	8.9329	9.8569	10.0069	9.2283	
HIST1H2BK	10.2216	10.3217	10.1977	9.8126	10.7745	10.2216	
JUN	8.2599	7.3415	7.9885	9.686	9.503	8.4607	
PCCB	10.3373	10.032	9.8663	9.9235	9.6318	10.288	
STAP2	7.4503	7.203	7.1852	7.3508	7.9009	7.796	
TMEM50A	9.6542	9.8569	9.8781	9.8925	10.0238	10.0295	
PMM2	11.4701	11.7541	11.8462	12.4522	12.0783	11.2204	
SCCPDH	9.1551	9.2118	9.4881	9.7249	8.7922	9.4287	
HSD17B11	8.6668	8.5754	9.0724	9.2038	9.6067	9.3789	
TSC22D3	7.1086	7.464	7.4366	7.5562	10.3485	7.9617	
FBXL12	7.3738	6.4208	6.9424	6.8978	8.2037	6.8201	
TFAP2A	8.4497	7.1652	7.2303	8.1627	7.7951	8.2652	
WDR61	9.3097	9.688	9.8585	9.7138	8.3163	9.5093	
ZNF395	11.264	8.2282	8.9786	9.2259	10.4634	10.1664	
FAS	3.8428	4.3913	4.4878	4.3024	3.5522	3.9095	
VPS72	8.111	8.2132	7.7834	7.8448	8.2327	7.8679	
CENPE	8.0157	7.7105	7.8108	7.7693	6.7435	7.2314	
CLSTN1	9.0532	9.1616	9.1465	8.8414	8.9454	9.1844	
CREG1	10.4356	10.1518	10.4799	10.4665	10.3896	10.0244	
MAPK9	9.964	9.9095	9.9475	10.0816	9.3452	9.2914	
PRR7	6.8327	7.7208	7.0035	6.6615	6.4904	7.7739	
SKP1	7.4008	7.8282	7.9463	7.3847	6.4512	7.0191	
POP4	10.3767	10.9054	10.8034	10.7179	10.1326	10.506	
TMEM110	6.064	5.4872	6.0164	5.4511	5.6628	5.9388	
NFE2L2	9.4467	8.8327	8.639	8.7355	9.4887	8.9398	
ZNF589	6.0278	5.9569	5.4652	5.5608	5.3969	5.9506	
BAX	9.9095	9.7473	9.7473	9.9039	10.0344	9.7705	
BLCAP	11.2829	11.2657	11.34	11.5194	11.7688	11.7084	
CNDP2	10.1283	10.4224	10.6189	10.4808	10.8349	10.9126	
FAM20B	7.7842	7.6477	7.6543	7.9956	7.3809	7.4592	
PROS1	4.8622	5.5223	5.3473	5.6589	6.3833	5.7521	
TNIP1	7.5889	8.3188	7.7918	7.7409	8.765	8.0462	
CRKL	10.2364	10.4432	10.118	10.5592	10.355	10.1862	
P4HTM	8.9398	9.2767	9.19	8.7964	9.5522	9.7264	
REEP5	7.2672	8.0589	7.4998	7.7442	7.6937	8.0645	
ZNF318	6.1145	5.9379	6.5654	6.2809	6.7851	6.0299	
BZW2	11.2964	10.9621	10.9482	10.9482	9.8864	11.0413	
FDFT1	10.8456	11.2354	11.5042	11.5659	11.8402	11.5992	
CGRRF1	7.1017	7.4268	8.0034	7.8187	7.631	7.6168	
TRAP1	10.8767	10.9108	10.8878	10.3321	9.2393	10.1231	
AMDHD2	6.1015	6.6357	6.599	6.539	7.4032	6.7246	
GTF2A2	12.0907	12.023	12.0009	11.9484	10.6587	11.7497	
PEX11A	5.9821	5.204	5.1713	7.0126	5.211	5.0565	
PSMD9	8.9474	8.8489	8.7988	9.0618	8.9785	9.0266	
GFOD1	6.1795	5.8912	5.8852	5.7555	5.6767	5.0556	
MTFR1	10.1862	9.5188	9.5971	10.4265	10.5332	10.281	
PECR	6.972	7.0398	6.8789	6.7821	6.7059	7.1644	
UBE2A	9.5716	9.8391	10.1014	10.0727	10.4376	10.1782	
NIT1	10.288	9.1723	9.4486	9.703	10.31	10.01	
SOCS2	5.0994	4.8769	4.6471	5.5987	4.9783	4.9454	
SYNGR3	4.0057	3.8787	3.7184	3.7636	3.7184	3.9854	
ZDHHC6	8.7425	8.7543	8.6394	8.4606	7.9276	8.5002	
ITGAE	9.6599	9.7992	9.9417	9.7736	9.2789	9.6067	
NFKB2	4.7519	4.5858	4.116	4.7495	4.7218	4.6691	
STK25	10.2529	10.1782	10.3955	10.1722	10.5334	10.2025	
TMEM5	7.4297	7.4297	7.7665	7.5032	7.35	7.5012	
ABCF3	8.4015	8.9035	8.9401	8.6165	9.1328	8.6732	
ATP5S	6.6242	7.108	7.1636	7.0667	6.8453	7.0767	
FCHO1	4.455	4.7626	4.7807	5.4807	5.0234	4.6277	
NGRN	7.2031	7.3606	7.6012	7.3343	7.2135	7.2193	
HOXA5	9.4287	9.79	9.6858	9.4534	10.3148	9.9436	
OXSR1	7.9928	7.8901	7.8877	7.5726	7.5206	7.9172	
GRN	11.5554	11.5336	11.385	11.5139	12.6524	12.023	
SMARCC1	9.2147	9.6901	9.703	9.5654	9.6782	9.6599	
NUP85	10.3659	10.5714	10.7402	10.6659	9.6038	10.2123	
PAK6	4.455	4.9841	4.5462	4.4394	4.6282	4.9281	
GHR	4.3866	3.8858	4.4038	4.8267	4.6874	4.4607	
GTPBP8	9.3195	9.4	9.7862	9.6027	9.3779	9.6188	
GLOD4	9.2996	9.111	9.4646	9.3467	9.6642	9.7869	
PTK2	12.1625	12.1404	12.0855	12.4311	12.7962	12.4372	
CDK4	11.1867	11.4214	11.4114	11.2018	10.5051	11.0293	
EPN2	8.0791	7.707	7.3308	8.0096	7.3274	7.9401	
CCDC90A	5.9854	7.0015	6.6427	7.2672	6.9748	6.9014	
IL4R	7.9118	7.2988	7.3826	7.7951	7.7597	7.4729	
KIAA0528	10.2672	10.26	10.302	10.2817	10.6012	10.4546	
PRKAG2	7.7261	7.3958	7.4937	7.4383	7.1813	7.1578	
KIT	4.3683	4.2792	4.3024	4.0619	4.142	4.4977	
MRPS16	10.341	10.4033	10.5592	10.5281	9.809	10.3073	
PTPRC	6.1398	5.193	5.6552	6.2837	5.9679	5.8659	
RPS5	8.0506	9.3412	8.8385	8.4085	7.7615	8.4687	
NOL3	9.4701	9.4326	9.5124	9.69	9.6339	9.5041	
PSMG1	10.3002	10.917	10.9757	10.9386	10.0295	10.7179	
NR1H2	7.6456	8.0799	7.3139	7.796	7.3899	7.3171	
TMEM97	10.3843	10.613	10.4808	10.302	9.5638	10.2112	
LRRC41	9.5186	8.8849	9.2393	9.881	10.3283	9.4386	
PLS1	11.2176	11.3113	11.2504	11.0544	11.1501	11.4333	
DUSP22	8.5002	6.9978	8.3163	8.471	8.8926	8.5388	
KIAA1279	6.7255	7.9229	7.0627	7.2464	6.972	7.272	
RPS6KA1	10.2255	10.1283	10.1653	10.4668	10.506	10.3732	
TCEAL4	7.2725	7.1254	7.3669	6.972	7.8438	7.6407	
DCK	9.7359	9.942	10.0591	10.0295	8.7772	9.9018	
NUP133	9.1492	9.017	8.9747	9.5598	9.2299	8.8229	
NUP62	10.0652	10.207	10.2735	9.9651	8.681	9.9578	
TRIM2	9.1116	8.7469	9.106	8.9738	9.7532	9.2071	
SNCA	10.1291	9.9651	10.3844	10.4167	10.6713	10.5399	
SPTAN1	5.5136	5.6767	5.6881	5.4226	4.8998	5.497	
MALT1	8.1583	7.6304	7.7291	7.5166	9.0796	8.104	
VPS28	7.905	8.7537	8.1016	8.8694	8.153	8.234	
LRRC16A	6.1975	6.7781	6.8571	5.9965	7.6118	7.1041	
YKT6	9.3291	9.6133	9.7212	9.5825	7.4417	8.8395	
CHP	4.7248	5.4331	6.2507	4.3324	4.8108	4.8945	
KIF2C	5.9388	5.7582	5.7334	5.8667	5.6758	5.6628	
NNT	7.2933	7.4695	7.5742	7.5726	7.0325	7.235	
NR2F6	9.7532	9.84	9.9792	9.9475	10.3979	9.9867	
COL1A1	5.8659	5.5224	5.6161	6.3372	5.3246	4.9592	
EXOSC4	5.2107	5.9264	5.5065	5.4573	4.9302	5.9175	
CDC25A	7.5452	8.1306	8.606	7.8798	4.934	7.2631	
PDLIM1	8.7328	9.0797	8.2805	7.8343	8.6236	8.6635	
CRELD2	7.8669	7.3034	7.1942	7.439	7.4723	7.2135	
TP53	10.1014	10.207	9.783	10.0687	10.0816	10.1326	
IQGAP1	9.5053	9.6901	9.6546	9.7092	9.992	9.8376	
RRP12	8.6922	8.9184	8.6637	8.3389	7.8482	8.2152	
ACAT2	9.8585	9.9328	9.6858	9.47	9.4255	9.6351	
EGR1	4.9584	5.8082	5.4165	5.3646	5.3473	6.0116	
MUC1	4.1125	4.3439	3.9699	4.0269	3.9699	4.1305	
THAP11	7.3606	7.0253	7.0799	6.9721	6.6954	6.674	
AURKB	10.4095	9.9021	9.9351	9.8233	8.8001	9.459	
CEBPD	7.4031	7.0398	9.4701	7.5391	7.7979	7.1311	
HSPA4	10.9374	10.5754	10.5867	10.9272	11.0586	10.9496	
MAST2	8.0182	7.8237	8.0182	8.0635	8.6151	8.0904	
DHDDS	7.5624	7.3122	7.4752	7.684	7.5991	7.2721	
TOP2A	12.5349	12.4007	12.5937	12.642	10.6289	12.1272	
GADD45B	5.8771	5.0393	5.2753	5.211	5.2949	5.4392	
NCK2	6.3372	6.8155	6.8082	7.2071	7.7006	7.0254	
AURKA	8.0635	8.3937	8.0655	7.9971	6.9958	7.5206	
KIAA0355	4.8187	5.1285	5.3979	5.1916	5.5881	5.2389	
B3GNT1	6.8101	7.3696	7.2952	7.0833	6.9297	6.8624	
DYNLT3	8.2494	8.2494	8.7537	8.6236	8.9348	8.8239	
CDK5R1	5.3168	5.5406	5.6167	5.3276	5.142	5.2566	
CHMP4A	9.1226	8.9786	8.9627	8.8985	8.9911	9.3581	
IPO13	7.9608	6.5198	7.6367	7.8052	8.8073	7.9473	
SCP2	8.7163	8.8135	9.0206	8.8442	8.2541	8.8688	
ITFG1	5.7012	5.7243	5.5808	6.662	6.5719	5.7463	
RAD9A	5.9731	6.536	6.2697	5.337	5.9175	6.3853	
DRAP1	10.7844	10.8767	10.5891	9.9519	10.4919	10.5162	
SPP1	4.1501	4.6754	4.2915	3.4211	3.4211	3.6259	
HYOU1	10.5281	9.199	9.3719	9.281	9.7264	9.4943	
PCMT1	10.1378	10.634	10.4327	10.4587	10.0716	10.5963	
FOS	6.4118	6.2232	4.8111	6.172	5.7871	5.0393	
FYN	5.204	5.3778	5.3353	5.3473	5.475	5.5891	
MCOLN1	5.3356	5.0618	5.0981	4.8998	4.9959	4.7519	
MYC	11.8284	11.8632	11.7944	11.612	10.6025	11.6327	
ID2	6.083	6.4093	6.1548	6.2276	6.2112	6.1293	
POLB	7.0302	6.8743	7.143	6.9308	7.0752	6.8801	
CETN3	7.5161	7.7969	7.5448	6.982	6.947	7.0682	
KCNK1	7.1691	7.0682	7.0302	6.6841	8.0836	7.358	
AXIN1	7.4201	7.3475	7.3729	7.439	8.0359	7.5924	
SMC4	10.0816	10.2175	10.2329	10.3232	8.8621	10.0218	
RAI14	9.9939	9.6038	9.7673	9.8626	9.0896	9.6992	
SMARCD2	8.9055	9.1816	9.6386	9.255	9.1599	8.892	
DNAJC15	7.4661	7.6367	7.6596	7.789	7.3403	7.4427	
MPZL1	9.2918	9.5813	9.5414	9.4965	9.5598	9.6049	
HOXA10	10.3625	9.9232	9.6562	10.2882	9.6484	9.2869	
NRAS	9.1933	9.0003	8.8372	8.8666	9.1833	9.1045	
CASP2	7.4307	7.365	6.9489	6.6227	6.3623	6.7936	
EBNA1BP2	10.5639	10.85	10.9415	10.671	10.0402	10.5282	
CTNND1	10.0967	9.4813	9.421	9.9814	9.7471	9.6259	
TATDN2	5.4351	6.064	5.9119	5.4226	5.0393	5.497	
LRPAP1	9.9197	9.9176	9.8729	9.4823	9.686	9.7227	
ZNF131	8.9223	8.949	9.1551	9.1844	9.0818	8.9722	
BNIP3L	5.6943	6.599	6.6433	6.4076	7.5075	7.0718	
HOOK2	6.2809	6.0984	6.982	7.0552	7.1518	6.2319	
ERBB2	9.9651	10.1244	10.2541	10.6829	11.9203	11.1021	
TBPL1	8.2599	8.1987	8.4457	8.0192	7.9608	8.0182	
INTS3	7.9503	8.0226	7.8239	7.8174	8.3762	8.0635	
RAE1	10.0344	10.1664	10.2731	9.8971	9.2514	9.8838	
CDK1	11.385	11.0686	11.2265	10.9881	8.6614	10.5891	
RFNG	9.4486	8.4795	8.7166	9.5568	10.1766	9.4701	
MICALL1	5.3806	6.043	6.2182	5.5608	5.5136	6.4334	
SLC35A1	10.1664	9.8573	10.0218	10.2882	10.0156	10.2414	
KLHL21	4.6839	5.1655	4.9194	4.8941	5.6432	4.714	
NIPSNAP1	9.5266	9.9436	9.8274	9.6642	10.5332	10.355	
BCL7B	6.9547	8.0034	7.3443	6.8772	7.5535	7.6891	
TLE1	10.3287	10.6855	10.5756	10.5095	10.317	10.4432	
FZD7	7.097	7.7325	7.434	7.2909	8.1946	7.0469	
TIMELESS	9.7736	9.4009	9.7132	9.6214	8.639	9.2767	
COG2	8.4502	8.4085	8.2708	8.2948	8.3428	8.2405	
DHX29	7.0191	6.9381	6.8135	6.6929	6.3899	6.6342	
MMP2	7.6587	6.1848	6.021	7.2145	7.8636	7.7665	
MRPS2	10.4587	10.1094	10.4273	9.8606	9.2462	9.8925	
KCTD5	8.3894	8.068	7.6343	7.3297	7.6133	7.3442	
TCEA2	7.8366	6.5907	6.8374	7.7794	7.3084	7.6672	
CNPY3	8.4583	8.8682	8.1623	8.538	9.0934	8.4197	
FHL2	9.0555	9.2491	9.3931	9.5908	9.5819	9.7295	
ADAM10	9.6214	9.8966	9.8901	9.8672	9.979	9.7684	
FKBP4	13.4929	12.5081	12.4372	13.2495	13.4929	13.4142	
CD58	10.0853	10.0943	10.3502	10.2155	9.8842	10.4273	
KAT6A	6.8931	6.8624	6.7665	6.7888	6.9504	6.4855	
CDK7	10.5589	10.7469	10.9272	10.8349	10.9724	10.8206	
KIF5C	4.6727	4.3915	4.1501	4.3774	4.4394	4.6069	
HMG20B	9.7199	9.8233	9.9197	9.9417	10.5282	10.2598	
MAP3K4	7.5166	7.4205	7.5726	7.0015	6.6287	7.138	
PIN1	10.5095	11.5124	10.7935	10.7402	10.4643	10.6659	
ZFP36	11.4789	11.0453	11.3427	11.3701	11.8757	11.8078	
INPP1	10.4859	10.6966	10.4327	10.4799	10.3606	10.7188	
LAGE3	6.8135	7.6196	7.4808	7.3669	7.2303	7.3606	
RAC2	4.8472	4.6141	4.9402	5.0943	5.0748	5.1848	
TNFRSF21	12.1211	11.8388	11.8044	12.023	12.0242	12.277	
HMOX1	5.9731	7.0652	6.9014	6.8521	7.3343	6.4812	
KIF14	6.5949	6.3128	6.2464	6.1087	6.1412	6.5732	
COL4A1	6.6291	6.8978	6.3255	6.3373	6.1294	6.4562	
DUSP6	10.1929	9.9555	10.1518	10.2731	10.3968	10.5051	
CYB561	9.0093	9.2199	9.0108	9.0108	8.7227	8.8671	
EPB41L2	5.8337	5.9119	5.9892	5.9783	5.5957	5.9029	
GNAI2	7.362	7.5624	7.4008	7.2308	8.2829	7.8148	
HTRA1	5.7999	6.1509	5.0875	6.5621	6.0587	5.1974	
TSTA3	7.9238	8.2489	8.1306	7.97	9.051	8.1349	
WASF3	5.0234	4.2052	4.2661	4.2559	4.0988	4.2361	
DNMT1	12.2201	11.9381	11.6608	12.4959	10.5332	11.8535	
TSPAN6	9.0131	8.8461	9.0131	9.1087	8.9675	8.8985	
FBXO21	9.2789	9.2835	9.5188	9.8337	9.9972	9.7563	
RAB27A	6.4318	6.8184	7.7032	7.5562	6.1912	6.4388	
DDR1	7.7876	7.6788	7.6184	7.6285	7.9057	7.8148	
PPP2R3C	8.606	8.6479	9.1372	8.8239	8.3041	8.6442	
ADRB2	3.8787	4.0525	3.9229	4.2264	4.0269	4.0209	
LPGAT1	7.9907	8.1507	8.3428	8.5346	8.5115	8.6088	
DUSP11	8.7914	8.2805	8.8464	9.3097	9.4224	9.1743	
GRB10	4.9137	4.8945	4.8845	4.4316	4.9584	4.8322	
MMP1	6.7142	5.3915	6.0083	6.2276	6.8001	5.91	
TP53BP2	10.2112	9.8361	9.8121	10.155	10.9709	10.4261	
CDKN1A	6.4399	6.6555	6.5621	7.0752	8.4916	7.1244	
ZW10	8.9632	9.1442	9.0303	9.087	9.1226	8.9401	
CORO1A	7.1868	7.1578	6.9944	7.6793	6.6157	7.1017	
TJP1	8.5871	8.0205	8.3999	8.3907	8.5525	8.4811	
ABCB6	8.4938	8.1202	7.987	8.0821	8.5961	8.6888	
XPNPEP1	7.5075	8.639	7.8578	8.5806	9.1442	8.1082	
MAMLD1	4.5911	4.7888	4.0619	4.4707	4.2264	4.2578	
MTHFD2	11.2957	11.5786	11.5467	11.363	11.6173	11.1057	
DSG2	7.8388	7.5529	7.235	7.8604	7.2593	7.5048	
PRAF2	5.1707	5.1916	4.9949	4.8894	5.9909	5.5396	
DNTTIP2	11.1501	10.9013	10.7571	10.6265	10.4109	10.5814	
SLC27A3	9.4913	7.5889	8.0681	10.2025	9.0266	8.7407	
CD97	7.6962	7.9314	7.6501	7.1309	7.1652	7.5889	
HTATSF1	11.9381	11.6377	11.73	11.8078	11.8284	11.7997	
IL13RA1	8.234	8.1582	8.4893	9.8842	8.9185	8.5865	
NCAPD2	10.3606	9.881	9.8301	10.4152	9.7656	9.9939	
AGL	8.2968	7.657	7.5225	7.7738	7.196	7.6092	
TMEM109	9.4088	9.6424	9.8514	9.2444	8.2282	9.1821	
CDC25B	10.7072	10.5178	10.9386	10.5811	10.8428	10.4665	
ICAM1	5.0087	5.1047	4.9117	5.0369	6.0792	5.3415	
GATA3	4.116	4.4643	4.4394	4.3529	4.4607	4.412	
NUP93	8.734	9.0783	9.1163	8.8327	8.3643	8.8045	
PLA2G15	6.2073	6.9849	6.7263	6.5387	6.6433	7.2687	
RPA3	7.8187	8.5239	8.3721	7.5212	6.0382	7.8884	
PIP4K2B	8.1157	8.6495	8.1483	7.8805	8.1427	7.9574	
TES	12.0242	11.5863	11.6101	12.1211	11.9381	12.1625	
MYCBP2	7.9057	7.9291	7.97	8.099	7.7315	7.7208	
SPR	8.892	9.3825	9.4155	9.1199	9.5414	9.3145	
PGRMC1	12.1902	12.1147	12.3642	12.3642	11.8713	12.2559	
RELB	6.0758	5.9388	5.6999	5.404	6.6694	6.1238	
AARS	9.544	9.6961	9.4813	9.6494	10.6455	9.5258	
EPHB2	4.6939	4.941	5.0445	4.8243	4.6323	4.4852	
GPC1	6.4749	6.2638	6.5021	6.5257	6.9176	6.324	
RPIA	11.7944	11.9744	11.8078	11.5958	10.5919	11.4114	
ELAC2	10.7188	10.1715	10.311	10.2636	10.0727	10.3478	
GPR56	11.7667	11.6499	11.6978	11.6663	12.1064	11.749	
NVL	10.6152	9.104	9.5333	10.9054	9.947	9.8164	
PLSCR1	8.1898	8.3645	7.9576	8.6441	8.0868	8.7108	
CHEK1	9.281	9.7685	9.8451	9.789	7.7842	9.473	
CTSL1	6.7356	7.0458	7.0289	6.9629	7.7865	7.2871	
CTSD	11.1006	11.208	11.123	11.2265	11.7786	11.5051	
ME2	7.8884	8.1016	8.0885	7.9243	7.138	8.0072	
ARHGEF2	8.2805	8.426	8.0608	8.3171	9.4881	8.5544	
PDGFA	6.1795	6.333	6.3535	6.6074	6.7781	6.9573	
ILK	9.7227	10.0207	9.9519	10.4376	10.8655	10.2556	
WDR67	9.3109	9.392	10.2529	9.8179	8.5839	9.3072	
NFIL3	6.1445	6.5387	6.2027	6.2809	7.0205	6.349	
RFC2	8.9348	9.3601	8.9627	8.7206	6.2837	8.2854	
ARL4C	7.5395	6.0669	6.6164	7.5692	7.362	7.4008	
TIMM9	11.0739	11.4336	11.5984	11.6327	10.6618	11.2957	
CPNE3	10.6659	10.7323	11.0176	10.6587	11.2494	10.8767	
ORC1	10.2181	9.3201	9.8842	9.9997	10.2773	10.6094	
C5	5.2529	5.1097	5.5139	5.6432	5.2187	5.176	
PARP2	7.9828	8.0276	8.1283	7.5991	6.5137	7.3274	
FASTKD5	7.9009	8.9146	8.5777	8.5605	8.371	8.1421	
SCRN1	8.3988	7.6941	7.9576	7.9661	8.2627	8.485	
MAN2B1	5.6323	5.5957	5.3057	5.274	5.6524	5.6112	
PTPLAD1	9.8891	10.6069	10.377	10.3148	9.7199	9.9735	
MSRA	7.9101	7.4078	7.6793	7.1215	6.8106	8.2518	
NFKBIA	7.9985	8.0569	7.9681	7.8821	8.9601	7.6382	
DCTD	9.1723	9.2688	9.2996	9.0316	8.2454	8.9454	
SYNE2	6.7888	6.6994	7.0785	7.0434	7.5734	7.3524	
MBNL1	10.0803	10.7638	11.0914	10.8304	10.9054	10.7889	
UBE3C	11.1157	11.4627	10.5281	10.6528	10.4886	10.5051	
CCDC92	7.1518	7.143	6.9721	7.3913	8.2453	7.6755	
MYCBP	10.4152	10.6966	10.823	10.1094	8.8909	10.1291	
CXCL2	4.4081	4.4287	4.4394	4.372	4.3131	4.2578	
PTPN1	9.0681	9.1022	9.5598	9.2597	9.1465	9.281	
BRP44	10.671	10.7126	10.7889	10.5178	10.1715	10.451	
TIMM22	7.7174	7.3306	7.434	7.1772	7.172	9.8573	
ATF5	9.8573	10.005	9.8152	9.6951	9.2705	9.7197	
ECD	8.5153	8.9329	9.1312	8.5884	8.7137	8.8124	
CIRBP	7.2135	7.5235	7.684	7.8239	8.154	8.0274	
NSDHL	10.2948	10.4138	10.535	10.4056	11.0376	11.0907	
ADI1	9.3577	9.5694	9.9648	9.8966	9.1372	9.5032	
NFKBIE	6.8789	6.2209	5.8337	5.7809	6.2326	6.3702	
ADCK3	4.412	4.3683	4.6282	4.8472	4.5462	4.5252	
PRSS23	6.8031	7.1652	7.4047	7.6196	9.1172	7.9556	
CCNH	8.6876	9.087	8.6195	8.8454	8.8651	8.6808	
GDPD5	6.7279	5.9264	5.8645	6.4229	6.4248	6.5198	
P4HA2	6.0116	6.4334	6.2035	6.5198	7.6695	6.9617	
TARBP1	8.7049	8.6684	8.9982	8.8849	8.2386	8.8579	
ATP6V0B	6.8659	7.6285	7.892	7.4979	7.7022	7.4812	
RBKS	5.0541	4.8481	4.7571	4.9612	5.4431	4.9959	
CAPN1	4.2052	4.6277	4.31	4.0525	4.3529	4.4394	
KDM3A	8.4733	8.0462	8.5063	8.4828	9.5908	8.7662	
BID	6.2737	8.5733	8.5246	8.6318	7.4032	8.2584	
STXBP1	5.6589	6.1856	6.021	6.1369	8.0017	6.3954	
ITGB5	11.1196	11.3754	11.584	11.6518	11.4333	11.6518	
MTF2	8.505	8.9601	8.9136	9.0224	8.6684	8.9614	
HLA-DRA	5.777	5.9285	4.8622	6.5884	6.0669	4.8663	
SLC11A2	8.6522	7.2845	7.7738	7.8591	6.751	7.8617	
PDIA5	4.6691	5.0026	5.3483	5.3646	5.3577	5.3778	
PIK3C2B	8.6581	7.9918	8.485	8.6707	9.307	8.6195	
RAP1GAP	10.2817	10.2025	10.4505	10.9253	12.5454	11.4044	
SLC25A46	8.6523	8.7049	9.0723	9.3361	8.9329	8.734	
CDK19	7.8414	7.35	8.8073	7.9681	8.9275	7.9118	
NOLC1	9.7656	10.2876	9.503	9.9735	8.3988	9.2914	
CAT	10.6839	10.4297	10.7179	10.3606	10.6355	10.8077	
KIAA0753	8.1202	7.6869	7.6736	7.5496	8.4351	7.8044	
DUSP14	8.6707	8.1986	8.0589	8.606	8.7841	8.5738	
KAT6B	7.4812	8.111	8.5707	7.4287	7.9003	7.5701	
CHN1	7.2303	5.0863	5.4305	5.0026	5.6875	4.714	
HMGA2	5.8375	5.4808	5.3057	5.361	5.0813	5.3692	
IGFBP3	6.5439	5.1916	4.874	5.5881	5.176	5.7304	
MAPK13	9.5704	9.9151	10.3238	10.1895	10.535	5.9569	
TRIB1	10.4505	10.8428	10.9621	10.9975	11.264	11.3463	
UFM1	10.7245	10.2364	10.4167	10.6743	10.3911	10.9189	
GNA15	7.5991	6.7616	6.3421	6.2086	6.9748	6.7356	
TP53BP1	8.3231	8.4991	8.8127	8.9722	9.8078	9.0456	
FRS2	6.6954	6.8631	6.2296	5.8601	6.981	6.7142	
IARS2	10.4432	11.264	11.388	11.1915	10.8754	11.4701	
BECN1	9.8514	8.7864	9.1172	9.201	9.7992	9.8806	
GATA2	8.8985	10.0727	9.7477	10.1014	11.0293	9.9018	
KDELR2	8.8385	9.311	9.1662	9.1132	9.1132	8.6581	
RALGDS	8.3521	8.0739	8.0468	7.9795	8.6808	8.6679	
ELAVL1	8.1697	8.1364	7.8848	7.7105	7.0182	7.0205	
NRIP1	10.2297	10.2761	10.565	10.1664	10.2414	10.317	
CCNB2	12.4959	12.5889	12.8318	12.6045	12.1625	12.5937	
IFNAR1	8.7848	7.4592	7.5535	8.4209	8.2282	8.2199	
MIF	13.4485	14.1529	13.9712	13.9712	13.6743	14.1529	
RNPS1	13.6743	13.5673	13.4329	13.323	12.9875	13.3442	
DAG1	6.2073	6.8106	6.4248	6.5234	6.5552	6.4685	
SATB1	5.0981	5.7012	5.5804	5.6057	5.6943	5.9957	
ARID4B	7.8926	7.6616	6.9966	7.5862	8.1898	7.8765	
IGF2BP2	7.0627	7.0205	7.3306	7.1578	7.2213	7.1267	
GSTZ1	7.8237	7.5709	7.8011	7.7532	8.3894	8.0205	
IGF2R	9.7792	9.6351	9.5694	9.5866	10.8456	9.9452	
SESN1	7.6071	7.2355	7.3188	7.3442	6.328	7.0955	
TIPARP	9.8258	9.6992	10.154	10.5401	11.4336	10.7844	
CRTAP	5.4628	5.4808	5.3851	4.7793	4.9231	5.0847	
SPEN	8.7194	8.5351	8.6015	8.3041	8.8423	8.2991	
GMNN	12.3949	12.3132	12.2824	12.9293	10.9496	12.1211	
PFKL	7.8513	7.8765	7.7154	7.3958	7.365	7.4152	
CYTH1	5.292	5.8192	5.4438	5.8022	5.9352	5.8771	
PDHX	9.6911	9.47	9.5765	9.3894	9.1551	9.3601	
DENND2D	9.7244	9.8266	9.992	9.7838	9.6456	9.9417	
PRCP	7.0833	6.2027	6.2752	6.4076	5.8986	6.4077	
CTTN	7.3512	7.1289	7.3199	6.484	7.0362	7.8174	
SMARCA4	8.1719	8.0569	7.7842	7.5939	7.6501	7.847	
PYGL	9.017	8.9557	9.007	9.3749	9.1092	9.08	
UBR7	8.5075	8.6387	8.5464	9.051	7.8151	8.4974	
GRB7	9.9453	9.5887	10.7977	11.1653	10.9482	10.6355	
RPA2	10.1022	10.1212	10.31	10.5919	8.9516	9.5908	
CD44	10.613	10.7514	11.0075	11.9624	10.451	11.1501	
ERBB3	7.9743	8.5588	8.6279	9.189	10.9881	9.1822	
GTF2E2	9.0754	9.0632	8.7778	8.655	8.8264	8.6591	
VAV3	5.5396	4.5915	5.431	5.0813	5.3597	5.6958	
ABHD6	6.7537	7.1189	6.4812	7.5792	7.0254	7.0552	
ANXA7	9.9519	10.4079	10.6355	10.3445	9.9814	10.3148	
MAPKAPK2	10.0589	12.0878	9.5378	9.8139	10.2084	12.4007	
TXNRD1	12.6524	12.6783	12.5349	12.6783	13.1031	12.7558	
CAB39	8.0791	8.1493	8.2037	7.6937	8.7312	7.9138	
FZD1	6.5036	5.3692	5.8151	7.1172	5.8204	6.1294	
CRYZ	10.8389	11.6832	11.4445	11.7241	11.2111	11.6499	
TIAM1	4.4162	4.1855	4.3324	4.6765	4.5053	4.0269	
DNM1L	9.9301	9.6276	9.781	10.0008	9.3493	9.7563	
GAA	3.7636	3.4211	3.787	3.8005	3.7636	3.782	
DERA	10.2598	10.4886	10.7005	10.7111	10.1782	10.6587	
SKIV2L	8.3466	8.8589	8.4209	8.476	9.0737	8.7944	
BLMH	5.5323	5.6128	5.8253	5.257	4.2661	5.1045	
PTPRK	10.5198	9.809	9.9555	11.6189	10.7435	10.4919	
HERC6	6.4659	6.4512	6.1379	6.6615	7.4808	6.539	
RRP1B	8.7914	8.3894	8.5525	8.0375	7.1292	7.9681	
MKNK1	9.5124	10.3502	9.6642	9.6961	10.5756	10.6512	
TSPAN3	9.8425	10.0652	10.3621	10.2541	10.1483	10.1369	
ACOT9	7.008	6.5677	7.1868	7.2748	7.464	6.0587	
PIK3R3	6.3128	6.3373	6.2388	6.2027	7.0642	6.2965	
KEAP1	10.26	9.9792	9.9047	9.9212	10.1879	9.9317	
ST3GAL5	5.239	4.8191	5.2707	5.1501	5.7463	5.184	
CTNNAL1	8.099	8.6165	8.7922	8.7396	7.0281	8.7507	
TFDP1	11.2354	12.0609	11.9528	11.6934	10.9775	11.463	
ABHD4	5.6958	6.0259	5.7615	6.2342	7.2735	6.4641	
SMC3	9.1821	9.2184	9.0555	9.0972	8.787	8.926	
INPP4B	6.3172	6.3964	5.9569	6.3853	6.9832	6.2536	
LBR	10.5162	10.5032	10.4167	10.1483	9.4068	9.915	
PPIE	10.506	10.8866	10.8419	10.2216	10.4135	10.6618	
ZMIZ1	10.5401	9.8873	10.0282	10.85	10.894	10.2697	
PPARG	9.4124	9.6075	9.7712	9.3409	9.8233	10.3843	
TERF2IP	10.2175	9.992	10.1462	10.2017	10.6652	10.3095	
BNIP3	4.3038	4.0862	4.3866	4.4992	4.3866	4.3038	
RPP38	7.8726	8.104	8.1746	5.3483	7.6616	8.0226	
BCL2	6.0216	4.2815	4.8267	3.957	3.865	6.6208	
CAST	9.2462	8.2948	8.2933	9.3738	9.9694	8.73	
BAG3	9.6021	9.8258	9.8455	10.0151	10.5956	10.3625	
RBM6	7.2534	7.8414	7.8325	7.7423	7.3723	7.6962	
CSK	8.8613	8.8344	9.2597	9.0028	9.1346	9.1144	
GNA11	9.124	9.3493	8.787	8.3591	8.4461	8.5903	
ALDOC	5.9892	6.5534	6.8948	6.3754	8.6442	7.0013	
TOR1A	5.7408	7.8929	6.529	8.3937	8.0821	7.982	
SLC25A13	8.9367	10.0437	10.0283	7.1124	9.8864	10.1283	
UBE2L6	7.4635	5.9467	6.2787	10.1862	7.4241	7.7603	
SYK	7.2933	7.2672	7.4957	7.7563	7.3512	7.1652	
TSPAN4	8.3092	8.6684	8.4129	6.6774	6.8031	7.743	
NR3C1	4.83	4.3131	3.9748	3.7184	4.2203	4.8605	
PCBD1	12.7558	12.9737	12.9737	12.9378	12.8529	12.9026	
ICMT	10.826	10.3844	10.8304	10.6652	9.7249	10.302	
TRIB3	11.6101	11.3543	11.3553	11.2913	12.343	10.9975	
EIF4EBP1	7.6407	7.9446	7.665	7.4152	7.6012	7.4546	
PHF15	7.3343	7.272	8.2652	7.2181	7.0105	7.3596	
CXCR4	6.9958	6.3107	7.172	7.6462	5.2664	6.7401	
GNPDA1	9.6791	9.7051	9.5258	9.6852	10.7005	9.964	
CCND3	8.601	8.6808	8.3591	8.4351	8.104	8.0746	
FKBP14	4.8322	5.0935	4.793	4.4977	4.5685	4.2354	
CIAPIN1	8.8957	9.0674	9.0896	8.9329	8.1812	8.9186	
NUCB2	7.7325	7.6812	7.892	8.153	8.7611	8.0448	
COG7	9.2514	8.7074	9.3894	8.654	9.4356	8.9627	
RSU1	7.6736	7.3633	7.3415	6.911	7.4729	7.0321	
PTPN6	6.0533	6.2638	6.4035	6.5675	7.2649	6.8978	
TUBB6	7.1267	5.3969	5.6272	6.0874	5.3778	5.888	
ABL1	7.8282	7.4937	8.2185	7.5391	7.4297	7.1454	
DUSP4	6.5234	7.1652	6.7665	6.8288	7.4957	7.5792	
CCNF	7.8011	7.6012	7.5529	7.1964	5.7999	6.5387	
PTPN12	10.5235	10.5669	10.634	10.613	11.3701	10.8296	
HSPA1A	11.5139	11.9316	11.7241	11.8918	12.1272	12.1902	
PCK2	8.6067	8.852	8.4502	9.2344	9.2585	8.6707	
FAM57A	7.5351	7.7563	7.8127	7.707	7.2721	8.2374	
RB1	9.1379	9.5646	9.5872	9.9429	9.3789	9.411	
EVL	5.475	5.1391	5.5557	4.8845	4.7656	5.0153	
GFPT1	8.1898	8.357	8.7784	8.5293	9.1529	8.654	
BLVRA	5.4226	5.8721	5.2325	5.7643	5.0493	5.4866	
GPER	4.8785	5.4583	5.4305	5.5323	5.5461	5.0981	
EAPP	7.178	6.0548	6.7711	7.1652	6.8978	6.5114	
S100A13	11.9316	11.7497	12.0686	11.837	12.0611	12.2335	
EXT1	9.8233	10.403	10.9013	10.3485	11.5863	11.3258	
MYBL2	9.711	9.7264	9.4088	10.1825	7.3524	9.0384	
POLE2	8.7288	9.0723	8.9261	8.6121	5.0618	7.6456	
STX4	9.0751	8.7249	9.246	9.0971	10.0652	9.2344	
PLCB3	10.9709	10.5811	10.3485	10.5639	10.9757	10.6012	
TMCO1	11.9064	11.8319	11.8757	12.0006	11.5194	11.8918	
C2CD2	7.2586	7.0398	6.599	6.8419	6.8659	6.5439	
PARP1	9.5373	9.7031	9.6702	9.397	8.0655	9.2859	
ANKRD10	9.2118	9.3719	9.4392	9.2438	11.1264	9.3931	
CCDC85B	7.9332	8.135	8.0799	7.9124	7.2672	8.0575	
DDB2	6.3674	6.7366	6.7607	6.0432	5.1285	6.4247	
DDX10	8.5497	8.986	8.7396	8.7772	7.7033	7.9501	
BAMBI	5.3851	6.1445	5.5891	6.4314	6.043	6.0299	
CEP57	7.731	7.8052	7.982	8.3604	8.1753	8.153	
HADH	10.4224	10.9434	11.0686	11.0075	10.4808	10.8157	
RAB31	5.4073	4.1855	4.9481	5.6758	5.0675	5.1039	
ABCC5	4.7248	4.1125	4.2915	4.7066	4.7066	4.5252	
GLRX	8.9289	8.8423	9.0118	9.4762	10.4586	9.9997	
MVP	10.1147	10.4922	10.6934	11.3085	12.6783	11.9064	
RFC5	9.421	9.0206	9.3345	9.2462	7.2832	8.684	
HES1	9.1844	9.9885	9.041	9.6388	9.2491	9.5819	
STMN1	9.7393	9.5378	10.0652	9.0006	9.0303	9.6852	
GALE	10.7323	10.0828	10.7844	10.8867	11.7401	11.4789	
KLHL9	8.1421	7.5048	7.4569	8.2652	8.1264	7.8676	
PTPRF	9.8925	8.8686	9.253	9.5093	10.005	9.3314	
UBE2J1	8.1074	7.7544	8.135	8.2132	8.3307	8.2805	
PGM1	7.48	7.3774	7.7819	7.445	7.6962	7.9985	
SLC37A4	6.9821	7.4137	7.7739	7.5621	6.8743	6.9297	
LOXL1	7.9534	7.97	8.0241	8.0908	6.0482	7.7918	
PLK1	9.3385	10.0687	10.4135	9.878	9.1293	9.1976	
MYO10	8.8151	8.4687	8.6523	8.4418	8.7355	8.401	
NPRL2	8.9734	7.7597	7.9118	8.5644	8.2546	7.8926	
LIPA	8.614	9.0003	8.8489	8.9785	9.7473	8.7909	
PWP1	9.8455	8.5281	9.7736	9.5638	9.2869	9.4392	
PHGDH	9.8606	9.3655	9.1723	8.7988	10.1602	8.4764	
PLEKHM1	9.5751	7.9332	8.4372	9.6285	10.4562	9.3201	
ST7	7.6382	7.7615	7.6196	7.6135	7.6891	7.9192	
VAT1	8.7251	8.5472	8.7108	9.0632	11.133	9.6388	
IKBKB	5.8204	5.3483	5.4392	5.2747	6.0221	5.4141	
KIF20A	8.8671	9.2834	9.1117	8.6637	7.9503	8.2012	
CDH3	4.9169	4.5307	5.7615	5.2664	5.3483	5.337	
PCM1	4.8941	5.431	5.9957	5.8375	6.1545	6.0792	
IER3	10.3179	10.539	10.4922	10.5282	10.6265	10.4643	
SSBP2	6.4904	5.5212	5.4968	6.2685	5.4866	6.7037	
FAT1	10.1665	10.3179	10.2143	10.294	10.6763	10.2364	
SNX11	6.3833	7.0984	6.9424	6.8931	6.3535	6.4659	
RNMT	9.0618	9.4637	8.9747	9.0572	9.6519	9.2118	
SFN	9.8525	9.2293	9.411	8.9184	8.4162	9.2543	
EGFR	7.0362	7.0642	7.3122	7.0976	7.143	6.7607	
RFX5	6.5966	6.6828	7.4503	6.9879	7.7496	7.1404	
NET1	9.5646	9.9475	9.9885	10.147	10.3987	10.3606	
PKIG	6.8772	6.2326	6.4247	6.1893	6.1136	5.9783	
DECR1	8.1225	8.4388	8.4167	8.5451	8.8886	9.0982	
FSD1	7.1813	6.4388	7.3729	7.1964	7.5562	7.5594	
ATP6V1D	9.9429	9.476	9.8152	10.2242	9.6663	9.9032	
CDK6	5.0633	5.7935	5.0618	4.8191	4.8191	5.0369	
CDC45	10.4079	10.2731	10.2598	10.4505	7.7697	9.846	
NPC1	7.272	7.3964	7.4268	7.2504	8.4581	7.4918	
EDEM1	8.6874	7.9501	8.1705	8.2752	8.548	7.968	
MEST	12.9378	12.6524	12.6524	12.5791	12.5349	12.7416	
MYLK	11.4164	4.9428	5.0863	5.0234	5.9119	5.4988	
PAFAH1B3	11.46	12.0855	11.9817	11.7556	11.9064	11.6846	
CALU	9.984	10.0207	10.205	10.142	10.3767	10.1421	
USP6NL	7.5653	9.9867	7.698	8.0742	8.1776	7.9463	
LGALS8	10.294	9.8126	9.5526	9.2118	9.8573	9.8337	
NT5DC2	9.6259	10.3807	10.3606	10.4693	10.0193	10.4325	
CCP110	7.2929	7.2545	8.9021	7.665	6.7189	7.1772	
LRP10	8.9465	9.1092	9.3385	9.3619	10.1665	10.0222	
ATP1B1	13.1134	13.1744	13.2836	13.3442	13.2031	13.3437	
STK10	5.4968	7.4503	5.7961	6.3901	6.1856	5.872	
OXCT1	6.2326	6.1975	6.1293	6.36	6.7999	6.2086	
UGDH	10.4586	10.1286	10.0841	10.0405	10.717	10.1094	
SLC25A4	8.4627	8.8589	8.6684	8.8442	8.4795	8.5933	
SQRDL	5.8445	5.5065	6.1663	6.1935	6.2035	6.3964	
HEBP1	6.9853	7.08	7.2397	7.0362	6.8761	6.8868	
PSMB10	8.9858	8.9536	9.1407	9.1716	9.5333	9.2286	
ASCC3	7.9756	8.2139	7.9101	7.9481	6.9926	7.6462	
FGFR4	7.3943	7.6118	8.2401	7.5217	6.8627	7.1454	
CDKN2A	11.6229	11.6061	11.5695	11.4491	11.2204	11.3288	
TRAM2	4.8543	5.1559	4.9725	5.2747	4.8045	5.0124	
ATP11B	9.0982	10.0471	9.2462	9.6545	8.7469	9.4486	
PYCR1	10.565	10.5847	10.506	10.0156	10.2499	10.0816	
CD320	9.9475	10.5814	10.5688	9.3719	8.1306	8.8613	
NCOA3	8.7469	8.5208	8.8864	8.9858	9.4326	9.9519	
CDKN1B	10.4109	10.5198	10.5513	10.377	9.7595	10.0134	
POLD4	8.7558	9.19	9.1328	9.2643	11.0169	9.59	
FOSL1	8.7553	8.4828	8.9016	7.4536	7.1708	8.1627	
MLLT11	5.8667	8.1664	5.8535	7.8223	5.2307	5.4894	
CEBPZ	10.118	9.3345	9.403	9.9792	9.824	9.3865	
PRKACA	9.397	9.7623	9.9974	10.6189	9.3601	9.8649	
GAPDH	14.7225	14.8864	14.8864	14.8864	14.7615	14.8864	
CBR3	4.3913	3.8216	4.9691	3.9095	4.0767	4.2659	
LYRM1	5.472	5.6767	5.6161	5.704	5.1501	5.5323	
