gene	0.04uM	0.12uM	0.37uM	1.11uM	10uM	3.33uM	
PSME1	9.828	10.7287	10.683	10.4493	9.8489	10.4445	
CISD1	11.1407	11.333	11.2174	10.7423	10.6954	10.8773	
VDAC1	13.3167	13.4257	13.476	13.476	13.1473	13.5147	
SORBS3	7.3745	7.0925	8.5942	7.205	8.4451	8.7612	
SPDEF	8.5244	7.8119	6.4136	8.3196	8.9527	7.08505	
ATF1	6.9691	7.519	7.9832	7.605	6.08015	7.43765	
SPAG4	4.0108	3.7963	7.1271	6.2336	5.2691	6.38035	
E2F2	5.2101	4.0488	5.1124	5.0292	5.97455	4.38605	
RHEB	12.5202	12.5202	12.6804	12.7566	12.3597	12.4565	
IGF1R	6.5193	7.3151	7.46	7.199	7.71095	7.6065	
SLC5A6	8.9928	8.9669	8.7064	8.7538	7.82815	7.78685	
FOXO3	7.2469	7.6031	7.6303	7.9114	9.3497	8.55805	
RGS2	9.1877	9.6795	9.9863	9.3992	9.82545	8.80705	
GSTM2	3.674	4.4421	5.0545	5.1509	5.6698	4.77465	
SCYL3	6.0979	3.6721	3.2617	3.9755	3.89935	3.23755	
RHOA	9.3055	9.051	9.2363	8.9002	9.36555	9.02805	
TBX2	5.2976	5.026	4.3108	4.7316	6.38345	4.73525	
DNAJA3	13.9816	13.045	12.2343	12.4069	13.7872	12.936	
IL1B	6.8849	7.2539	7.1748	6.9779	8.8605	7.04125	
ASAH1	8.2684	7.919	8.6426	7.8711	8.86445	8.5961	
DCUN1D4	7.8714	7.8466	7.9934	8.424	7.48385	7.69555	
DYRK3	7.5099	8.1918	7.3662	7.4964	7.15245	7.39975	
RALA	8.1414	7.7542	8.4976	8.3663	8.3236	8.3687	
ARHGEF12	7.292	7.6675	8.0122	7.7602	7.5789	7.7998	
POLG2	6.1815	6.9459	6.9143	7.1826	6.544	7.60525	
SOX2	6.5894	6.0376	5.6746	6.0008	7.6468	6.6689	
TRAPPC3	10.8397	10.7916	10.681	10.6149	10.8365	10.7245	
SERPINE1	9.8041	10.8406	10.8095	10.5707	8.39625	10.4234	
TCFL5	5.1886	5.3528	5.5287	5.4074	5.06985	5.1314	
CRK	9.2118	9.2374	9.4016	9.4173	8.5702	9.42265	
HLA-DMA	4.2738	3.8801	4.4733	4.6304	6.50355	3.9752	
EGF	4.0093	4.0734	3.7963	4.0398	5.10985	3.70205	
RBM34	10.9959	11.1297	11.3497	11.3627	10.9285	11.2189	
ITGB1BP1	9.6767	10.1855	9.9166	9.8557	9.1026	9.6241	
SPTLC2	4.5662	4.928	4.9717	5.0899	4.0472	4.81095	
ACLY	10.6167	10.7457	10.8561	10.9716	11.6144	10.902	
APP	13.6422	13.7639	13.6038	13.8605	14.0391	13.9211	
RAD51C	6.4868	6.1401	6.3217	7.3745	5.38115	6.1721	
TSKU	7.1727	6.8954	6.8676	6.2117	7.62095	7.4105	
SMC1A	9.5324	10.1937	10.1266	10.1973	9.29285	9.89775	
TMEM2	5.4843	6.6441	6.7057	6.5996	5.5965	6.55425	
NOS3	4.7248	4.9229	3.9587	5.0141	6.2961	4.58145	
YME1L1	9.2794	9.2895	9.3258	9.06	6.1486	9.0865	
ACAA1	6.5985	7.2121	7.1435	7.0066	6.68365	7.06385	
CSNK1A1	10.1085	9.193	10.1741	10.3628	9.75925	10.2022	
HSPA8	12.0376	12.4812	12.4235	11.9582	10.5329	11.9713	
NFATC4	5.9985	5.2842	4.5052	5.6655	6.9169	5.50505	
CCNB1	12.633	12.9433	13.0019	12.855	12.1231	12.7959	
TBP	8.6827	8.9425	8.9584	8.758	7.7168	8.71675	
SLC2A6	8.2237	7.489	7.0002	7.2415	8.4542	8.05815	
WFS1	6.1807	6.0714	5.4469	6.019	8.1765	6.69525	
EZH2	8.928	8.5451	8.4511	8.5451	7.4685	8.03835	
UBE3B	8.1181	7.6839	7.797	7.8484	7.52445	8.0549	
ICAM3	4.5567	5.6953	5.7874	5.5405	5.1041	5.41535	
NPDC1	9.3897	9.6646	9.6576	9.844	10.7968	9.852	
ALDH7A1	5.6669	7.8559	6.0756	8.1488	6.43725	7.68925	
BRCA1	7.18	6.3502	7.5802	6.3751	6.37565	5.7257	
NFATC3	7.6524	7.1964	6.816	7.0831	8.33895	7.2749	
PSMD4	11.5782	11.6433	11.8084	11.7644	11.5321	11.8994	
PCNA	14.0122	14.2213	14.2213	14.2472	12.4124	14.1963	
PHKG2	6.9178	6.3751	6.5691	6.246	6.74675	6.2359	
ETV1	5.3596	5.843	5.6545	5.8407	5.80825	5.52685	
POLR2I	9.5109	10.2522	9.7479	9.7371	9.53885	9.5982	
KDM5B	7.1342	7.0862	7.0464	6.9143	8.2875	7.0835	
PSMB8	8.6593	8.8206	8.58	8.8374	6.0285	8.6559	
AKAP8L	6.5985	6.4897	6.8368	6.6288	7.00985	6.21915	
COG4	7.8761	7.6508	7.7508	7.9943	8.15915	7.99945	
MCM3	11.975	11.7507	11.8262	11.9984	10.499	11.715	
PLEKHJ1	9.6758	9.0547	8.9136	9.2184	9.4546	9.0731	
HAT1	8.7459	8.7425	9.2517	8.6331	5.6568	7.17005	
TERT	6.6254	5.0198	4.928	5.1918	7.6777	6.83625	
G3BP1	10.1214	11.2753	11.2753	11.1541	7.9637	11.1861	
SNX13	7.8119	7.6029	7.7222	7.6685	8.08745	7.87065	
PAK4	8.4081	7.9648	7.7856	7.8985	8.21	7.58205	
TPD52L2	9.5543	9.5651	9.097	8.9751	8.2183	9.24395	
DPH2	8.0795	8.1403	8.1565	8.0172	7.58395	7.7102	
PIH1D1	7.4449	7.4788	7.2577	7.4044	7.08495	7.6316	
PRKCQ	5.0586	5.3743	4.5326	5.2664	5.5823	4.90515	
SNX6	9.145	9.332	9.3916	9.5256	9.29425	9.3154	
EED	8.6122	8.8152	8.7818	8.8784	7.16595	8.2068	
SHB	8.6722	7.669	7.2211	8.4626	10.1881	8.32125	
UTP14A	7.46	7.7789	7.6897	8.4775	7.1584	7.85925	
WIPF2	8.1709	8.3885	8.5702	7.7685	8.8039	8.4862	
NENF	11.0144	11.6556	11.5	11.5637	11.4267	11.4759	
TSEN2	8.2946	8.3781	8.2835	8.6088	7.64925	8.1819	
RPN1	12.128	12.777	12.8067	12.6917	11.944	12.6391	
SUV39H1	8.0349	7.3716	7.716	7.5185	7.2048	7.2388	
C2CD2L	5.5323	5.3549	5.7169	5.6265	7.57815	4.9867	
LYPLA1	9.2588	9.614	10.3353	9.8557	7.60265	9.8077	
BIRC2	7.8097	7.9846	8.9337	8.2253	6.61355	7.6763	
GABPB1	8.3849	8.6387	8.4355	8.6998	8.2361	8.49355	
MAP2K5	7.1456	6.9459	6.6472	6.7802	6.69035	6.9876	
POLR2K	9.7288	10.8643	10.9666	10.7529	9.12285	10.5409	
PTK2B	9.2581	9.2654	9.1903	9.3444	10.7499	10.0812	
PUF60	12.9019	13.1813	13.1693	13.155	12.3449	13.083	
DHRS7	9.1143	9.9076	10.1813	10.2299	9.1014	10.1603	
PAF1	9.449	9.1179	8.9323	9.1912	10.2159	9.19465	
ARID5B	7.0269	5.7671	5.7712	6.1784	7.77125	5.7707	
POLR1C	9.2728	9.1039	8.7169	8.5729	7.613	8.6431	
PAK1	6.3157	5.8799	6.144	6.4452	5.8711	5.88195	
RUVBL1	10.8838	11.2231	11.0216	10.8498	10.1112	10.7072	
AKT1	11.7311	11.3177	10.9372	11.3446	10.7401	11.0007	
CDC42	10.4949	10.6011	11.0308	10.5826	10.4479	11.0217	
IGHMBP2	6.6715	6.6617	6.5253	6.7669	5.58525	6.4091	
SENP6	9.2476	9.5697	9.8332	9.2666	9.2726	9.7183	
ADO	6.1342	6.2816	6.7597	6.2791	6.9331	6.16195	
HSPB1	13.0654	13.0654	13.1091	13.1091	13.3383	12.9972	
EBP	8.0798	9.3005	9.5313	9.4029	9.91515	9.1661	
TCTN1	6.5581	6.5018	6.1572	6.2993	7.0841	6.4648	
AKR7A2	9.7364	9.3942	9.6857	9.8088	10.1147	9.86525	
CASK	6.445	6.5894	6.7497	7.1121	6.46155	7.0017	
PPP2R5E	10.0121	9.4334	9.3293	9.0345	10.2744	9.74805	
RRP8	7.2202	7.55	7.4657	7.643	6.7923	7.2087	
LAMA3	11.5298	11.8744	11.9158	12.0086	11.8934	12.0845	
PIK3C3	7.0761	7.8075	8.0158	7.8337	7.92875	8.09245	
BHLHE40	6.1939	6.1079	6.6506	6.4032	7.0189	5.53355	
CCNE2	4.6872	6.871	4.9683	5.8013	5.1798	6.11405	
BDH1	7.8119	8.1032	8.1124	8.189	7.13395	7.87385	
FEZ2	5.5231	5.7671	5.9807	7.0098	6.8476	6.08425	
IKBKAP	10.2316	9.8713	10.0735	9.8216	9.3758	9.7607	
SH3BP5	5.5942	5.4034	5.5915	5.6832	6.1907	5.58655	
PPP2R5A	9.8944	9.7751	9.7906	9.6467	9.99065	9.55115	
SGCB	7.3537	7.562	7.8396	7.5944	6.6108	7.483	
EML3	8.2199	7.8947	7.5405	7.716	8.6237	7.7738	
ENOPH1	10.1949	10.8498	10.8789	10.9122	9.0796	10.5017	
BIRC5	11.4759	11.3909	11.5882	11.4841	9.52	11.1547	
CNOT4	6.7837	6.9374	7.1971	7.1435	6.7471	7.2731	
EPRS	11.2341	11.7335	11.6508	11.4684	10.7181	11.5427	
SNAP25	4.6304	4.9602	11.2529	10.9551	5.21965	10.9777	
JMJD6	10.545	10.7706	10.8498	11.0693	9.7536	10.8426	
PAX8	4.2195	4.106	4.5662	4.0435	4.2014	4.2042	
CBLB	6.5761	5.9076	6.0328	6.237	8.83605	6.7337	
SLC35F2	8.9011	8.9421	9.0537	9.3031	7.11	8.95715	
ANO10	7.1622	6.7694	6.8468	6.7835	7.23115	6.6414	
PDS5A	9.5806	9.7213	9.8738	9.9086	9.29655	9.66005	
DFFB	6.7851	6.6229	6.4868	6.3111	6.85085	6.5471	
STUB1	12.7178	12.6326	12.7566	12.7758	12.8655	12.7899	
PGAM1	13.2821	13.2821	13.3718	13.3718	12.4175	13.3034	
TGFB3	6.0389	5.1687	4.5525	4.6502	7.60795	5.6302	
BAD	9.1804	9.1912	8.1403	9.1682	7.7135	7.7664	
XBP1	7.3118	8.4807	8.9575	8.32	8.4114	8.774	
NMT1	8.5279	7.8364	7.492	7.2711	8.2051	7.6855	
PSMD10	7.9635	8.0639	9.225	8.5444	8.39015	8.6394	
ARFIP2	9.6946	9.7885	9.9251	9.9131	8.4012	9.322	
RAB11FIP2	7.2297	7.4808	7.2093	7.3627	8.43765	6.94465	
FPGS	9.7867	9.1507	9.0345	9.6295	8.11985	9.33915	
STAMBP	8.7347	9.5278	9.46	9.1926	9.5131	9.30025	
PRKX	7.1898	7.4167	7.5213	7.4704	8.0653	9.3099	
RNH1	11.6776	10.8789	10.4681	10.674	12.0855	9.2554	
ATG3	8.424	8.0684	8.2668	8.5111	6.7115	8.74965	
FAH	8.0358	8.6307	9.0341	8.7218	8.72555	8.71125	
NCK1	9.6255	9.3872	10.0149	10.0173	9.57625	9.98275	
PLP2	9.6136	9.2284	8.9323	9.6575	9.76875	9.14045	
CFLAR	7.5849	6.8538	7.4466	6.2073	7.4155	6.4313	
SOX4	7.0758	7.0496	7.0154	7.3007	8.164	7.3581	
HEATR1	11.8665	11.8755	11.7335	11.8906	10.9367	11.8753	
TESK1	9.7673	8.7968	8.5523	9.2228	10.7523	9.50425	
HN1L	9.6362	10.2967	10.4381	10.5413	9.2404	10.2	
WDR7	7.278	7.0599	6.6682	7.924	8.3489	6.6649	
AKAP8	8.6169	8.5549	8.2598	8.2568	7.32815	8.48705	
RRAGA	9.7288	9.5615	9.4724	9.3172	9.45615	9.6503	
ELOVL6	9.0083	9.1406	9.1341	8.7943	9.44315	8.9273	
SLC1A4	4.8905	4.7861	5.3308	4.8458	6.0413	4.8364	
ACBD3	8.9444	9.1341	8.8714	8.3708	8.83895	9.20145	
GRWD1	7.9469	8.4586	9.3361	8.918	7.26505	8.1304	
PMAIP1	7.8808	7.5289	7.3906	7.3286	8.13545	7.288	
STAT1	7.1605	6.6203	6.8221	8.1973	6.1306	7.50975	
FOXJ3	7.6012	7.7731	7.8808	7.9376	7.08775	8.36085	
TWF2	9.4011	8.9175	8.818	9.104	9.8926	8.86545	
HDAC6	7.2846	7.4044	7.3876	7.4793	8.00925	7.5523	
MTERFD1	10.2873	10.2522	10.302	10.3705	8.1197	8.9129	
CCND1	7.1715	7.4449	7.8044	7.4793	5.34145	8.0216	
CHIC2	5.9692	7.1715	7.4442	7.8658	8.35645	7.0137	
PXN	12.9108	12.7178	12.5512	12.7302	12.7048	12.7241	
USP7	6.5985	7.4482	7.0544	7.2539	6.3313	6.72845	
NOSIP	6.8826	8.1092	7.8396	7.1586	5.82965	6.55765	
PHKB	7.5179	7.7444	7.3405	7.6029	7.86735	7.5622	
DLD	10.8243	10.9938	11.0692	11.2672	10.1039	11.1631	
NFKBIB	6.9779	6.6441	6.9459	6.6573	6.81205	6.6005	
CASC3	9.0537	8.9619	8.8907	8.7494	8.6016	8.73435	
IDE	6.2309	6.7031	6.7244	6.5845	7.76745	6.48785	
CD40	10.4303	7.949	7.4471	7.8596	8.8898	8.1005	
MLEC	11.659	11.4185	11.4806	11.5	10.7556	11.4777	
GLI2	4.7316	4.1608	3.9207	4.6605	7.2952	4.2535	
PRPF4	8.5549	9.1951	9.0177	8.9691	4.54445	7.31815	
MELK	10.2759	10.9122	10.9299	10.8306	9.0612	10.6735	
USP22	10.7996	12.3919	12.2595	12.5135	11.3074	12.3311	
DAXX	8.8087	8.4108	7.797	7.9518	8.2643	7.7681	
TMED10	11.1762	11.1994	11.1763	11.3377	10.9342	11.0326	
CHERP	8.7202	8.2927	8.7269	8.6912	8.3446	8.57555	
SMAD3	6.871	6.7668	7.1075	7.4964	7.01085	7.2248	
OXA1L	12.3047	11.9771	12.1008	12.1008	11.071	12.2346	
PIK3CA	9.5337	8.5111	8.2535	8.8714	10.3917	8.913	
SNX7	9.9606	9.7642	8.6933	9.5441	9.1719	9.8491	
TRAPPC6A	7.9355	6.9101	6.6559	6.8356	9.6388	7.19755	
ATP2C1	9.1985	8.6955	8.9993	9.173	9.6048	8.505	
CDCA4	8.257	9.2556	8.4571	8.6272	6.93885	9.4433	
TBC1D9B	8.7864	8.9128	9.0942	9.2057	8.4905	8.79835	
USP14	7.7246	7.7444	7.6411	7.6969	8.7944	7.70615	
APPBP2	5.3308	5.4281	5.429	5.6655	6.35785	5.5121	
CDC20	13.5138	13.7384	13.9816	13.7639	12.0178	13.5551	
NARFL	8.2765	7.2546	7.3798	7.3511	8.77845	7.4234	
RPS6	14.908	14.597	14.908	14.908	14.9363	14.9351	
DDX42	7.2021	8.3263	8.2344	8.5239	7.60925	8.1721	
ECH1	11.2183	10.572	10.527	10.7609	11.7206	10.9953	
HDAC2	10.8643	10.6182	10.8358	10.3942	9.60655	10.4358	
IKBKE	5.6326	5.8585	5.6265	5.1227	6.62635	4.9855	
CCL2	5.2865	5.4364	4.6387	4.6183	6.4601	5.66305	
DFFA	9.3195	8.9457	8.8465	8.7883	9.86445	9.18325	
MRPL19	10.8514	10.8424	10.9801	10.898	9.5013	10.7519	
WDTC1	7.0202	7.0991	7.0755	7.4288	9.11655	7.45105	
PLSCR3	9.1645	9.1677	9.2046	9.3817	9.0072	9.33415	
SUZ12	10.0836	9.9797	10.1992	10.2351	9.4585	10.149	
CSNK2A2	7.292	7.0002	6.6715	6.6588	8.53415	7.3748	
H2AFV	7.7466	6.4289	7.8786	7.5153	7.1836	6.1237	
NUSAP1	10.8082	10.441	10.4796	10.527	7.1305	9.25535	
TICAM1	7.4393	7.3334	7.6655	7.5669	8.99775	7.66375	
FAM69A	10.2617	9.2728	8.4273	8.6228	11.3234	9.7925	
KIAA0100	8.1036	8.6488	9.1484	9.1116	8.47105	8.68705	
PAICS	9.0808	9.4257	9.7229	9.1871	7.0302	9.2113	
SRC	6.5447	5.8895	5.2468	5.879	4.63055	5.76615	
BMP4	7.5005	5.9084	5.2664	5.9772	6.9391	5.85945	
CDK2	9.7673	9.1414	9.0889	9.2587	9.12545	9.06745	
EDN1	9.1068	8.1181	8.8465	8.7219	9.7422	8.89025	
XPO7	8.7012	8.4725	8.6488	8.7396	7.5935	8.6404	
FAIM	8.8991	8.9832	8.4782	8.5601	9.859	9.2775	
KIAA0494	8.5959	9.1078	9.0779	8.8108	8.9041	8.73575	
PXMP2	8.8288	8.9762	8.8675	8.7579	8.54665	8.62275	
SQSTM1	11.6103	11.9494	11.6776	11.8647	13.4528	12.134	
HIF1A	12.2828	12.5799	12.869	12.7895	12.6755	12.8666	
TIMM17B	9.9814	9.7867	9.9302	9.964	10.2758	9.97245	
STXBP2	6.494	8.1727	7.0346	7.1027	5.77245	6.7589	
WRB	7.5168	7.4381	7.7856	7.4421	8.4572	7.8172	
ETFB	9.9661	10.4432	10.3841	10.3511	10.6568	10.4948	
MNAT1	7.7337	7.7386	8.3397	7.8896	7.58655	7.69495	
CAMSAP2	10.661	10.2796	10.2723	10.4527	11.257	10.6932	
HPRT1	9.5461	10.6338	11.063	10.178	9.9995	10.0589	
ARNT2	12.1477	11.0017	10.4052	10.2703	12.2367	11.4062	
RRS1	8.6552	9.0489	9.2827	8.8907	7.622	8.80885	
ADAT1	6.9731	6.5401	6.3728	6.5742	6.73805	6.48705	
SPAG7	10.2694	9.9631	9.9366	10.1491	10.4932	10.1234	
MAPK1IP1L	9.1697	9.5017	9.5186	9.8438	9.846	9.43715	
SCAND1	10.178	10.4783	9.1521	9.1976	9.4677	9.76895	
MFSD10	10.1455	10.4181	10.5907	10.4206	9.59	11.0072	
MSH6	10.7704	10.7426	10.8739	11.0419	9.96195	10.2566	
COPS7A	10.7292	9.935	9.8751	10.0897	10.6323	10.1685	
UBE2C	11.5571	11.8084	11.8391	11.6839	10.3383	11.9663	
FIS1	9.0618	8.0854	8.2472	8.2514	6.7881	8.39875	
HS2ST1	5.38	4.2833	4.9602	5.2937	7.52415	4.86655	
NUDT9	8.455	9.0809	9.0475	8.9258	8.0665	9.7662	
TXLNA	10.9716	11.1541	11.4181	11.2529	10.5035	11.3868	
CSRP1	13.1025	13.3968	13.7639	13.4257	12.9922	13.6657	
DNAJB1	10.4462	10.981	10.8287	10.9676	10.5052	10.7931	
METRN	7.7183	8.6184	8.6359	7.681	7.3228	8.5484	
TOPBP1	8.605	8.0918	8.0795	8.2835	9.0022	7.913	
ABCF1	11.072	10.1813	9.883	10.0271	10.6283	10.0653	
TCTA	8.7085	7.9419	7.9219	8.1189	9.0304	8.1938	
LGMN	5.8895	5.9737	7.6327	6.0469	5.6874	5.99145	
TLK2	9.0547	7.9114	6.1638	7.964	9.47205	8.3871	
KIAA1033	8.599	8.6331	8.7579	8.7124	7.50385	8.63615	
PTGS2	4.0084	4.3124	4.1218	4.0488	6.19615	4.15955	
DNAJB6	10.6972	10.264	9.2668	10.2522	10.7787	10.1124	
PLA2G4A	11.3314	10.6743	9.9501	10.1644	11.8225	10.6805	
MAT2A	12.0919	12.633	12.2086	12.5527	12.2329	12.4239	
TLR4	4.3438	4.3438	4.6025	4.4691	5.83755	8.20445	
HMGCS1	8.9835	8.7124	8.9128	9.0102	12.5556	8.69945	
MBTPS1	7.5527	7.4567	7.7222	7.8425	8.08275	8.4058	
SPRED2	9.5198	8.553	8.8368	9.0547	8.9089	9.04455	
ZNF274	7.6344	6.1327	6.6205	6.5894	8.60525	6.49495	
CLIC4	11.5582	11.5879	11.7781	11.8647	12.1579	12.1122	
MAP7	7.9369	11.5	7.3328	7.5913	7.4896	7.5204	
CHAC1	9.0821	8.4108	8.2074	8.0359	9.04515	8.52955	
EIF4G1	10.107	9.8563	9.9531	10.1453	10.1628	9.92685	
BTK	4.2195	3.7404	4.0734	4.4207	5.39305	3.709	
GNAS	12.05	12.5028	12.633	12.5978	12.2056	12.6966	
MYL9	7.5378	7.1314	7.3405	7.8696	8.5444	8.23545	
TEX10	7.2539	8.7579	8.4091	7.6997	7.0988	7.41355	
PSMD2	12.2595	12.2553	12.0593	12.1921	12.0751	12.2281	
ZNF586	6.564	5.5915	5.7398	6.5699	6.19635	5.66425	
CLTC	11.1074	11.3983	11.6055	11.4644	10.7954	11.4504	
IKZF1	4.6486	4.4691	4.2898	4.6704	5.46055	4.3843	
APBB2	8.1934	8.2398	7.9195	8.3596	8.43005	8.7137	
HSD17B10	9.8149	9.3741	9.489	9.61	9.358	8.9059	
RNF167	10.7389	10.4906	10.1669	10.2099	10.444	10.2083	
STX1A	8.9483	8.5444	8.6821	8.5572	9.3833	8.8867	
ALDOA	9.9204	11.057	11.2123	10.8819	9.99815	10.9256	
EPHA3	9.3852	5.1014	4.5326	9.0085	5.7691	5.17175	
STAT5B	5.3777	5.1838	5.2416	5.0683	5.28175	5.2012	
TXNDC9	7.5435	8.3222	8.3171	8.1046	6.48275	7.93205	
CCNA2	11.3547	11.3313	11.4841	11.4874	9.269	11.2406	
VGLL4	8.8825	8.8853	8.9209	8.9099	8.1448	8.7539	
CASP10	7.2529	5.6655	5.5631	5.9772	7.72635	5.8957	
SDHB	11.747	11.9984	12.1065	12.0712	11.2205	11.9353	
ETS1	7.8194	8.0132	8.3619	8.1117	8.43595	8.2518	
YTHDF1	7.5691	7.2928	7.2377	7.1604	8.32655	7.5245	
FOXO4	5.7746	5.9691	6.1166	6.4032	8.0234	6.39345	
LSM5	10.6401	11.3605	11.1033	10.3774	8.55195	11.3412	
TOMM34	8.2472	9.2632	9.5235	9.2895	8.76535	9.1256	
ZMYM2	7.4141	7.8813	8.2116	7.4532	6.92305	7.6378	
CHMP6	5.4618	5.5484	5.1094	5.4413	5.5837	5.3713	
KIAA0907	9.1068	9.6055	9.6167	9.6991	9.55565	9.36955	
CASP7	7.2086	7.5802	7.8619	8.0662	6.546	7.42125	
HK1	9.3072	9.3361	9.3615	9.0072	8.85965	9.20695	
PAPD7	10.9199	9.9215	9.3631	9.163	11.64	9.744	
PIGB	9.3306	9.3828	8.7665	9.4415	8.8728	9.7527	
CHEK2	7.9635	8.1526	8.4916	8.2266	6.60105	8.04065	
PLOD3	11.747	11.678	11.7644	11.6472	11.9145	11.8986	
ACD	8.3155	8.7744	9.0537	8.7782	6.9644	8.8741	
TRAK2	6.2739	5.8456	6.2947	5.7673	8.0464	5.7268	
SUPV3L1	11.333	10.2873	9.5672	9.711	11.4931	10.5721	
VAPB	7.8465	8.1082	8.0349	7.9369	6.79185	7.7588	
GPATCH8	7.4242	7.6395	7.4747	7.2585	6.37005	7.20435	
HSPD1	11.4432	12.1477	12.128	11.8755	9.9613	11.8123	
BUB1B	11.2961	10.1006	10.1157	10.1813	10.4768	10.3778	
TGFBR2	8.7665	9.2949	9.176	9.1951	9.72485	9.1891	
MRPL12	12.6231	12.6917	12.6917	12.6231	11.7978	12.4927	
NOTCH1	9.0711	8.4071	8.627	8.3896	10.087	9.23295	
PNP	11.7781	12.1065	12.0752	12.2086	11.4804	12.1234	
SHC1	10.8904	10.7026	10.5253	11.063	10.7707	10.9579	
ARPP19	9.3111	9.4029	9.5109	9.3761	6.7018	7.2673	
CEBPA	3.5329	4.0278	4.0593	3.7963	7.07755	6.4412	
PSMF1	9.4322	8.3431	8.7299	8.7323	9.72955	8.9173	
RTN2	11.1424	8.8853	8.037	8.5999	10.3712	8.7748	
NPEPL1	6.4672	7.0208	6.7076	6.7143	7.37665	6.9469	
USP1	7.4338	8.0898	8.2199	7.8003	6.91975	7.70105	
RPA1	10.5244	10.2967	10.3922	10.6531	9.97965	10.2283	
SIRT3	5.4713	5.1509	5.4095	5.7907	5.41925	5.85845	
KLHDC2	9.5009	8.7909	9.173	9.0376	10.2239	9.242	
UBQLN2	7.797	8.1709	8.1455	8.281	7.8382	7.87895	
DMTF1	6.8902	7.2021	7.1271	6.9063	7.6982	7.05845	
SCARB1	9.711	9.3195	9.0711	9.1582	9.60615	8.64335	
CLPX	8.2847	8.399	8.458	9.4156	7.37795	8.3915	
TPM1	9.2386	9.9674	10.3138	8.8693	9.16015	10.0194	
TM9SF2	8.2096	8.9899	9.1209	8.8728	8.5715	8.96625	
TXNL4B	7.6207	7.1092	6.8356	7.2406	6.3907	6.79535	
ATF6	9.0475	8.8675	9.145	9.2228	9.12325	8.90445	
PRR15L	6.4452	4.2578	4.801	4.7389	5.7452	4.56835	
NUP88	10.6768	10.5358	10.6261	10.4646	9.93225	10.3369	
ST6GALNAC2	6.3603	5.9265	6.2053	6.4868	7.89645	6.7124	
ADH5	9.9748	10.3641	10.878	10.5179	9.4949	10.4118	
FUT1	8.0122	6.6242	6.3157	5.7673	8.5467	6.22665	
GOLT1B	9.7375	10.2106	10.3967	10.3983	7.49505	10.041	
PRUNE	5.8852	5.7344	5.677	5.7673	6.77705	5.3036	
PPOX	9.181	8.2122	8.0606	8.1703	9.95795	8.515	
SYPL1	12.4686	12.0086	12.0712	11.9614	11.9775	11.9794	
CANT1	10.3782	10.0735	10.3596	10.6345	10.6832	10.4804	
ZNF451	8.3085	7.8985	8.2535	8.3266	8.6177	8.1403	
HOMER2	7.4308	7.2546	7.2577	7.1971	7.1144	7.2723	
RALB	9.6061	9.5934	9.964	9.6528	9.50215	9.82805	
CLTB	12.7895	12.5978	12.7302	12.5948	13.0737	12.9142	
TRIM13	8.6333	7.6467	7.2439	7.638	8.8107	7.59795	
FBXO7	7.669	8.2461	8.4262	8.2424	8.54765	8.3656	
PHKA1	8.399	7.7118	7.5318	7.0831	6.673	7.0804	
CYCS	10.4172	11.0787	11.1994	11.057	9.53695	11.0676	
PPARD	7.1092	6.6817	6.5486	6.7252	7.62765	6.60895	
ENOSF1	5.5057	6.1784	5.8093	5.7344	4.55545	5.7646	
MAP4K4	8.7085	8.8972	8.9457	8.4626	8.98425	9.10545	
PAN2	3.7404	4.7256	3.6395	4.5326	3.8556	3.79835	
STAT3	5.2424	4.8765	5.9602	5.1687	5.53825	5.5932	
LIG1	8.6953	9.043	8.6821	9.0276	7.33875	8.3936	
PPIC	10.1973	9.7442	10.277	10.1351	9.7138	9.83325	
EIF5	9.7719	10.8904	10.7798	10.9293	8.71375	9.4465	
GNB5	8.9506	8.5979	8.3819	8.5959	9.41345	9.4779	
GNAI1	4.697	5.0579	5.7603	5.6061	5.53525	5.55245	
INSIG1	8.2806	8.1608	8.5876	8.2891	10.8324	8.723	
DNMT3A	8.6798	8.599	7.5004	8.9575	10.1741	8.4733	
TM9SF3	8.9853	9.0779	8.9638	7.8907	8.784	8.4555	
CCDC86	11.3109	10.2946	10.2946	10.413	10.9444	10.5117	
HIST2H2BE	8.2369	6.7057	5.5484	5.8592	8.5248	6.85665	
S100A4	9.316	9.0563	9.0854	8.7889	9.8588	9.3275	
SLC25A14	6.7682	6.4068	6.4527	6.0255	6.63395	6.4287	
KTN1	11.2102	11.2311	11.1861	11.2341	10.6509	11.424	
TBXA2R	6.7932	6.1652	5.8727	6.0135	7.11655	6.10285	
ARHGAP1	9.9204	10.082	9.8828	9.9531	10.3752	10.114	
FBXO11	6.0255	9.2386	6.1592	5.8895	6.1335	5.53415	
HERPUD1	7.6588	7.4704	7.2093	8.3521	9.47905	7.489	
LPAR2	8.2369	8.0772	8.0255	7.6598	8.66025	8.2624	
COASY	7.3118	7.8748	8.0795	7.8208	7.9668	7.71145	
RPL39L	3.9416	5.1509	4.7705	4.3642	5.76635	3.92365	
BPHL	9.0629	7.1519	7.628	9.0703	8.3239	8.11305	
RASA1	8.175	8.6186	8.6291	7.7828	8.8602	8.4701	
ATMIN	6.6062	6.949	6.9779	6.9226	6.63645	6.69195	
MAPKAPK3	8.6168	9.4944	9.2118	9.0341	7.3591	8.7845	
CASP3	10.5179	9.7149	10.2703	10.3002	10.7388	10.0865	
MBOAT7	9.6334	10.3037	9.643	9.563	9.0798	10.0291	
PNKP	8.266	8.3622	8.1455	8.3521	8.80745	8.4823	
PSME2	11.8906	11.7981	11.5298	11.9931	12.3699	12.0951	
NISCH	7.5721	7.3448	7.7363	7.6572	8.52655	7.6848	
SLC35A3	5.4618	5.7671	6.3003	6.069	6.27605	5.7674	
CPSF4	9.7479	8.7916	9.3547	9.104	10.3795	9.4452	
LSR	9.7364	9.3624	8.488	9.4074	9.6184	8.6622	
COPB2	11.0943	10.746	10.7881	10.804	10.7973	10.8381	
MEF2C	5.5405	4.7256	4.7794	5.429	7.0095	4.98425	
GADD45A	10.441	10.645	10.6261	10.4083	10.8734	10.9076	
KDM5A	7.1479	7.2813	7.11	7.1907	7.28505	7.2667	
FAM63A	7.46	7.0896	7.3151	7.5707	7.0912	7.45365	
SMNDC1	8.8559	9.3663	9.3814	9.2429	8.78925	9.0705	
NUDCD3	9.104	9.8362	9.2993	9.9379	9.9313	9.9852	
RAB4A	9.5235	8.7617	9.741	9.0971	8.2998	9.1744	
FGFR2	8.5174	6.9621	6.5793	6.3559	9.07825	8.2618	
IFRD2	11.4996	12.2343	12.3278	12.1256	9.3982	9.6301	
BACE2	8.1932	8.3613	9.5615	8.1131	8.15195	8.78105	
HMGCR	9.0072	9.2055	8.6318	8.6584	10.2274	8.79305	
LYN	5.6746	5.1681	5.3291	9.1669	7.7352	8.96725	
SLC35B1	9.4917	9.7813	9.6872	9.8003	7.5454	9.6824	
ISOC1	7.9219	8.9516	9.0034	8.638	8.27905	8.52885	
TIMP2	8.1427	7.2093	7.6411	7.6012	9.6697	8.78755	
DUSP3	6.9153	6.9063	7.6064	7.5116	6.38015	8.00355	
LSM6	7.9567	7.9593	8.3569	7.898	6.90525	7.3503	
CALM3	8.0614	8.8288	7.4381	7.2616	8.31015	7.07005	
MOK	6.3247	7.3511	6.5796	6.8137	6.44805	6.9589	
PPP1R13B	6.564	6.3592	5.5405	5.7907	7.45305	6.41965	
SACM1L	10.2316	9.8647	10.4284	10.4156	10.063	9.98965	
DNAJB2	7.7542	7.818	7.5957	7.6475	8.3107	7.96815	
TCERG1	11.2298	11.2231	11.2134	11.1861	9.8322	11.1637	
CERK	8.0191	7.7337	8.1727	7.8409	8.7769	7.9424	
KIAA0196	9.8088	10.082	10.2918	9.9251	10.8817	10.4307	
DNM1	4.2738	3.9908	4.0593	3.6215	5.0511	4.1308	
LAP3	11.4181	11.3013	11.3378	11.1953	11.0434	11.3597	
DDIT4	12.5979	12.7302	12.2718	12.3806	12.3149	12.262	
MAPKAPK5	8.5326	8.4893	8.3885	8.3521	8.246	8.19775	
ALAS1	10.9218	9.9003	9.8377	10.15	11.438	10.2451	
HDGFRP3	8.1904	8.1381	8.6476	8.5817	7.311	9.36145	
PAFAH1B1	9.295	8.9168	8.7261	8.9702	10.275	9.49205	
PRKCH	5.5915	5.4158	5.4469	5.2127	6.3881	5.7755	
PSRC1	9.9902	9.6813	9.7867	9.4113	9.6148	9.9845	
RAB21	7.7081	7.625	7.1489	8.6122	7.91165	7.62065	
ERO1L	8.4571	9.0084	8.6066	8.9853	8.66235	8.6736	
PSIP1	8.3569	8.0639	9.1414	8.38	6.97495	8.65295	
APOE	4.8778	7.0434	5.5511	7.2415	5.03345	5.51695	
CREB1	7.7341	5.0579	7.4466	5.5173	7.98055	5.68125	
MBNL2	9.9501	9.4944	9.5324	8.3104	8.28125	9.3476	
RBM15B	8.9444	8.9301	8.8991	9.3802	9.54275	8.71245	
PACSIN3	8.0255	7.5281	7.025	7.5289	8.20705	7.2958	
TOMM70A	9.5855	9.2891	9.2316	9.3259	8.45255	9.27815	
CBR1	10.3493	10.2996	9.6276	10.1266	9.88015	9.7034	
MTA1	9.8937	9.6767	10.1214	9.6349	9.82905	10.5021	
MACF1	8.8129	9.0238	9.202	9.301	9.60745	9.2041	
PRKCD	6.9762	6.8037	7.3906	7.4381	6.4401	7.5513	
CCNA1	6.3507	5.8811	5.6857	5.5557	5.3069	6.52695	
PIK3R4	7.3448	7.7194	8.1998	7.9814	7.3366	8.0488	
CSNK1E	10.6645	10.7536	10.8083	11.0109	10.8451	11.1215	
HIST1H2BK	8.6451	8.5047	8.1451	8.5736	10.3334	8.8584	
JUN	8.6537	9.3714	9.0102	8.9209	9.6612	9.87295	
PCCB	8.9758	8.7202	8.4916	8.1605	9.07165	8.75425	
STAP2	6.8468	6.5935	6.219	5.9837	7.0869	7.84845	
TMEM50A	8.704	8.8065	9.0476	9.1116	9.27905	9.0273	
PMM2	12.3665	11.1407	10.3249	11.2881	12.5779	11.4751	
SCCPDH	9.7574	10.0653	10.7292	10.406	9.9417	10.2514	
HSD17B11	7.004	7.8268	7.3745	6.9095	8.1365	7.18155	
TSC22D3	7.7856	7.2277	7.964	8.0614	11.4669	8.45	
FBXL12	6.7057	6.7896	6.2902	6.3751	6.8434	6.51455	
TFAP2A	11.0312	10.3983	10.6645	10.2351	10.9958	10.9694	
WDR61	8.291	8.4267	8.7774	8.3885	7.6961	8.29065	
ZNF395	10.746	9.9973	9.8088	9.7817	11.735	10.6052	
FAS	6.4323	7.2842	7.1204	6.8264	6.30385	6.896	
VPS72	8.8448	7.489	8.2946	8.1837	9.6176	8.7186	
CENPE	8.5779	8.2857	8.6953	9.2277	7.05865	9.1762	
CLSTN1	9.8937	9.9505	9.5418	9.956	9.95835	9.38335	
CREG1	13.2488	13.2093	13.1253	13.2821	13.8356	13.0556	
MAPK9	11.2174	10.7996	10.7389	10.7115	10.6851	10.56	
PRR7	6.7057	7.0761	6.8087	6.6015	5.9317	6.5143	
SKP1	8.0572	8.5297	9.0854	8.6426	7.99315	8.7064	
POP4	9.5765	9.7533	9.7091	9.5508	8.89315	9.34345	
TMEM110	6.5633	6.7682	6.2284	6.7669	7.0705	7.3481	
NFE2L2	9.2476	9.7213	9.256	9.2587	9.4346	9.4347	
ZNF589	7.303	6.2057	5.8933	6.3751	6.9544	6.8705	
BAX	9.2726	8.7774	8.5126	8.8549	10.5133	9.19175	
BLCAP	10.9457	10.7609	10.7996	11.0865	10.8767	10.8077	
CNDP2	10.7588	10.9541	10.7916	10.8298	10.9538	11.0828	
FAM20B	9.0358	8.458	8.602	8.5174	8.3061	8.6154	
PROS1	4.0093	4.5894	4.3961	5.2524	5.63005	5.0285	
TNIP1	8.5514	8.8424	8.8106	8.729	9.66605	9.0831	
CRKL	10.5098	10.2471	9.9842	9.9657	10.3433	10.1252	
P4HTM	7.3585	7.0991	7.0755	7.5233	8.66595	7.0829	
REEP5	8.7744	10.2092	10.5655	9.9501	8.6344	9.9046	
ZNF318	7.1907	6.8849	6.8311	7.0334	7.8653	7.2412	
BZW2	10.8984	10.0022	10.1032	10.63	8.9601	9.98645	
FDFT1	10.0472	11.0693	11.4512	10.1741	12.5193	11.337	
CGRRF1	7.8322	8.0833	8.1485	8.2431	7.8996	8.3108	
TRAP1	10.4568	10.0649	9.7587	9.8007	9.56135	9.777	
AMDHD2	7.3843	7.391	7.1075	7.2512	7.9991	6.79355	
GTF2A2	11.9931	11.8346	11.7981	11.6956	10.8254	11.6249	
PEX11A	4.9717	4.6737	4.7642	4.9333	6.75485	4.0146	
PSMD9	9.9379	10.041	10.0472	10.1741	10.232	10.0523	
GFOD1	6.8549	6.308	6.494	6.3502	6.91175	6.20605	
MTFR1	9.5427	9.2936	9.1804	9.046	9.9817	9.2808	
PECR	6.4323	6.2592	6.339	6.4199	6.6717	6.2305	
UBE2A	10.5636	10.4949	10.7786	11.0216	10.8509	10.8558	
NIT1	11.1953	9.6813	9.5174	9.801	11.15	9.9257	
SOCS2	7.6927	7.2996	7.2245	6.9762	7.4924	8.99615	
SYNGR3	3.8998	3.8364	3.9541	4.9907	5.3216	5.10015	
ZDHHC6	8.3263	7.9029	7.8786	7.7684	5.54625	6.68375	
ITGAE	9.8738	9.7574	9.4915	9.4885	9.4164	7.00305	
NFKB2	4.3673	4.106	4.3673	4.4012	5.4577	4.97095	
STK25	11.3313	11.1177	11.0259	11.2602	11.2043	11.3318	
TMEM5	9.3599	10.2282	10.0234	10.0222	8.40705	9.7012	
ABCF3	8.4302	8.5444	8.522	8.5187	7.99845	8.02025	
ATP5S	6.8997	6.7252	7.3446	7.0045	7.0542	7.73925	
FCHO1	6.144	5.7686	7.1342	4.0435	6.9698	6.9422	
NGRN	4.7794	4.7794	4.7073	6.5338	4.66105	5.25705	
HOXA5	10.144	8.6066	10.5413	9.3741	8.4804	10.349	
OXSR1	8.499	9.4173	8.8853	8.6815	8.7768	8.7587	
GRN	9.3615	10.7004	10.0043	10.2055	11.1174	10.4008	
SMARCC1	9.9072	10.248	10.4824	10.7916	9.5313	10.4037	
NUP85	10.3922	10.2216	10.2073	10.3353	6.2099	9.984	
PAK6	5.0515	5.4843	5.3686	5.5596	7.0463	5.4152	
GHR	4.9907	4.6872	4.9158	5.0104	7.13205	4.332	
GTPBP8	8.1313	8.4042	8.8784	8.0677	6.2642	8.1531	
GLOD4	8.9575	9.6391	9.9505	9.7587	8.9947	9.86505	
PTK2	10.9666	10.6669	10.9899	10.6182	11.1385	11.1175	
CDK4	11.1335	11.6508	11.5532	11.2457	9.51645	11.0628	
EPN2	8.5184	8.3155	8.2514	8.9806	8.8342	8.3726	
CCDC90A	6.8902	7.3118	7.5105	7.4186	5.57505	7.1897	
IL4R	8.4782	8.2689	8.0816	8.0455	8.71095	8.31645	
KIAA0528	10.6576	8.9375	10.3111	9.4074	10.1065	9.7021	
PRKAG2	10.0653	9.8241	9.5489	10.2394	10.4057	9.80165	
KIT	5.0128	4.3961	4.354	3.5729	4.05765	4.4875	
MRPS16	10.1167	10.6096	10.7529	10.6261	9.65305	10.399	
PTPRC	7.5318	5.8854	7.1624	7.0466	8.31805	6.7118	
RPS5	6.8139	7.1675	5.3604	6.2699	6.682	7.6583	
NOL3	9.1041	8.2749	8.2472	8.349	8.4518	8.51825	
PSMG1	10.4245	11.3446	11.3871	11.1763	9.70845	10.9797	
NR1H2	8.0544	7.4035	6.9226	6.9621	7.1807	7.7691	
TMEM97	8.9152	9.7885	9.5418	9.3259	9.1164	9.2159	
LRRC41	11.4293	11.518	11.289	11.325	11.8846	11.6176	
PLS1	9.1361	9.3335	9.6037	9.6547	8.43815	9.31605	
DUSP22	7.6691	9.0304	9.0561	8.7125	8.071	7.8412	
KIAA1279	8.32	8.0991	8.1865	8.3713	8.5934	8.69615	
RPS6KA1	10.8739	10.8306	10.8911	10.8095	10.4826	10.0536	
TCEAL4	9.3997	10.0222	10.1822	9.6993	10.3189	10.6043	
DCK	10.1206	10.131	10.8252	10.3774	8.0691	10.2602	
NUP133	10.6669	10.43	10.4957	10.5072	9.7249	10.3323	
NUP62	9.2228	9.3111	9.4863	9.2794	8.00885	9.2468	
TRIM2	8.453	7.6897	7.3118	7.6467	8.72385	7.73915	
SNCA	10.0937	9.2728	9.4944	9.3139	10.9664	9.62225	
SPTAN1	7.4005	7.5585	7.8133	7.5682	6.89965	7.4054	
MALT1	7.9988	8.6635	7.9889	8.2575	7.22485	8.34195	
VPS28	6.392	7.7246	7.5827	7.6294	8.5203	7.44725	
LRRC16A	5.9692	6.609	6.0745	6.5537	7.1832	7.85485	
YKT6	9.4809	9.1877	9.8911	9.9166	7.9398	9.8338	
CHP	9.1575	8.489	8.5062	8.6116	10.543	8.65755	
KIF2C	4.9333	6.3024	6.3296	6.4515	4.97965	6.34685	
NNT	9.7451	8.9923	9.1098	8.8728	8.9695	9.15195	
NR2F6	8.5736	10.1937	9.9661	10.041	9.0525	8.8273	
COL1A1	6.8663	6.2135	5.5915	5.5596	6.5517	6.3229	
EXOSC4	5.2565	5.6185	7.2021	7.0791	5.81115	4.85945	
CDC25A	8.7446	9.4415	9.0489	9.2284	8.19055	8.64725	
PDLIM1	9.9046	8.7496	9.9263	9.6408	8.90485	10.1295	
CRELD2	7.4048	7.4486	6.9845	7.2132	7.1257	7.4322	
TP53	9.2654	9.4156	9.2874	9.3631	9.18835	9.3087	
IQGAP1	9.4834	9.61	10.1418	10.0674	10.663	10.2078	
RRP12	9.7115	10.1351	9.2666	9.0218	8.258	9.06525	
ACAT2	6.4527	7.9479	6.8643	6.8772	7.19655	6.89835	
EGR1	7.11	7.2898	7.7991	7.4338	9.0795	7.9733	
MUC1	7.2546	7.5151	7.4863	7.2769	9.1484	7.119	
THAP11	6.4452	6.8244	7.0085	6.9845	7.10355	8.05165	
AURKB	10.4906	10.3555	10.1006	9.9902	10.0812	10.346	
CEBPD	8.807	8.6122	8.3943	8.2993	8.21055	8.7538	
HSPA4	11.9771	11.8873	11.8153	11.7155	11.2678	11.6897	
MAST2	7.8907	7.8896	7.6884	7.8008	8.31235	7.7562	
DHDDS	7.3511	7.2174	6.9792	7.044	7.77895	6.99145	
TOP2A	12.3951	12.2828	12.5454	12.6804	11.0947	12.422	
GADD45B	5.6545	6.4615	6.4322	6.4202	5.1593	7.3301	
NCK2	6.7926	7.3575	7.4242	7.1906	7.35635	6.4057	
AURKA	7.7509	7.9814	8.2029	7.6691	7.05615	7.87335	
KIAA0355	5.1227	4.8536	5.0626	4.9333	5.03665	4.5942	
B3GNT1	7.2327	6.9967	7.4641	7.3585	7.1043	7.4835	
DYNLT3	6.0049	6.2309	6.7509	6.6343	6.91065	6.1111	
CDK5R1	4.8337	5.2044	5.9333	5.8195	4.04105	5.35525	
CHMP4A	8.1871	8.6631	8.5369	8.6552	7.86795	8.38385	
IPO13	8.9258	7.2546	7.561	7.8761	7.62665	7.0415	
SCP2	7.9816	8.1767	7.7367	8.0819	8.4017	7.9139	
ITFG1	7.4532	5.8281	5.9953	5.3432	6.69035	5.00305	
RAD9A	5.9226	6.7597	6.8953	6.9924	6.38	6.62775	
DRAP1	10.2933	10.248	10.3524	10.623	10.5184	10.4737	
SPP1	9.4994	3.9587	9.5555	10.2153	4.751	10.4168	
HYOU1	9.3335	8.7825	8.3519	8.5007	9.2981	8.9493	
PCMT1	9.7683	10.1214	10.3726	10.3641	10.0873	10.1488	
FOS	6.7769	7.008	3.5676	6.7179	7.9048	3.8341	
FYN	3.9158	4.4012	5.8678	4.6486	4.15065	6.1471	
MCOLN1	6.8997	6.3202	5.8727	6.1638	9.34925	5.90645	
MYC	12.453	12.1921	12.3665	12.1962	11.5838	12.2104	
ID2	6.5387	6.3601	7.5527	7.3938	6.6954	6.9967	
POLB	8.4177	8.499	8.3431	7.8152	8.39255	7.7141	
CETN3	7.7016	8.0957	8.6833	7.9388	7.49875	7.63915	
KCNK1	6.8311	7.609	7.8573	8.6291	7.4336	8.55665	
AXIN1	7.6077	7.793	7.3334	7.4203	7.18245	7.204	
SMC4	10.6011	11.4363	11.4644	11.3313	9.4824	11.2236	
RAI14	10.9122	9.6528	9.7864	10.2759	8.62775	10.0571	
SMARCD2	9.7296	9.2587	8.801	8.8555	10.3683	8.81545	
DNAJC15	8.9396	9.6833	10.868	9.9166	10.3921	9.6745	
MPZL1	10.062	10.7764	10.467	10.0134	9.57305	10.6396	
HOXA10	7.7183	7.4308	7.2585	7.4964	6.00405	7.0765	
NRAS	9.2373	9.475	9.6467	9.2374	9.04785	9.42285	
CASP2	6.392	6.3728	6.2739	6.6441	7.6955	6.24645	
EBNA1BP2	10.7925	11.4048	11.4874	11.6234	10.6165	11.4867	
CTNND1	10.6507	9.1951	8.7939	8.6272	10.5786	7.48675	
TATDN2	5.3347	6.4366	6.4341	6.2947	5.5996	7.5865	
LRPAP1	9.4135	9.8944	9.8157	10.0082	9.8001	9.7066	
ZNF131	8.5225	8.5642	8.6365	8.532	8.182	8.3309	
BNIP3L	5.7108	6.0756	6.1711	5.9482	7.7222	6.33505	
HOOK2	5.3549	4.8708	5.0896	5.2711	5.37445	4.6898	
ERBB2	8.686	7.8466	8.5444	8.7019	6.6968	8.8209	
TBPL1	7.5707	8.278	8.245	8.027	9.23575	7.9483	
INTS3	9.4707	8.5817	9.3624	9.5223	9.5506	9.1212	
RAE1	8.798	9.3708	8.9806	8.8206	7.8773	8.97395	
CDK1	11.4806	11.4293	11.8873	11.8153	10.5729	11.5485	
RFNG	8.9858	8.313	8.0574	8.3946	10.2337	8.8819	
MICALL1	7.6029	7.3269	7.3448	8.2927	9.1315	7.25395	
SLC35A1	8.5089	7.964	8.1228	7.6969	8.00245	8.25915	
KLHL21	4.8905	5.6265	5.8359	5.6057	8.5224	5.45215	
NIPSNAP1	7.2711	7.4935	7.2662	7.1559	7.1673	7.0792	
BCL7B	6.3728	6.218	6.4857	6.7464	5.54755	6.1433	
TLE1	8.257	8.5225	8.8424	8.7665	8.795	8.5355	
FZD7	6.2309	5.6669	5.7041	5.8422	6.42065	5.51625	
TIMELESS	9.8797	9.8377	9.7149	9.9721	9.4585	9.58735	
COG2	8.8587	8.9262	8.8559	8.7991	9.1269	8.6219	
DHX29	7.7717	7.8985	7.9479	7.7183	7.0726	7.8427	
MMP2	8.3619	7.9042	6.8407	6.4226	9.41665	7.39455	
MRPS2	10.7729	10.4957	10.3944	10.4716	9.73985	10.3601	
KCTD5	7.3164	7.292	7.0964	7.2132	7.14405	6.94195	
TCEA2	8.9702	7.8484	7.898	7.9958	9.75755	8.57895	
CNPY3	7.6478	7.1586	6.9143	6.9333	7.38275	7.04	
FHL2	10.4451	10.6437	10.7588	10.7536	10.5397	10.8099	
ADAM10	9.5211	9.45	9.176	9.2632	9.34235	9.31635	
FKBP4	13.7639	13.1253	12.1477	12.4235	13.6764	12.6462	
CD58	8.4976	7.6395	8.644	8.1323	7.57165	7.54385	
KAT6A	8.3453	8.6805	8.2386	8.8265	8.5029	8.61575	
CDK7	10.9119	10.2832	10.6299	10.7536	11.0631	10.6009	
KIF5C	4.697	4.6486	4.4425	5.1121	6.24325	4.94875	
HMG20B	10.6338	9.4524	9.726	10.1442	11.044	9.88845	
MAP3K4	7.295	7.3012	7.4863	7.4346	6.36455	6.9846	
PIN1	10.7292	10.4851	10.6114	11.1126	11.211	10.5952	
ZFP36	10.9541	10.9666	10.985	10.594	11.3062	11.2159	
INPP1	9.3387	9.2867	9.3218	9.3361	8.97435	9.41185	
LAGE3	4.98	5.2788	5.5098	5.429	4.2873	4.77125	
RAC2	9.1116	8.9806	9.0083	9.2726	10.2483	9.1777	
TNFRSF21	10.3726	9.455	8.3867	8.6413	8.9036	9.28865	
HMOX1	7.6155	3.8545	8.6573	8.574	3.93105	5.8477	
KIF14	4.3961	8.6365	4.2222	5.0988	7.35385	6.1207	
COL4A1	8.6815	8.3052	8.3431	8.5942	7.80395	8.1802	
DUSP6	10.7312	11.1424	10.981	10.9492	10.9645	11.1093	
CYB561	7.4028	7.5383	7.7197	8.3104	7.3885	7.4207	
EPB41L2	8.3266	8.2204	8.2948	7.825	7.56435	8.0941	
GNAI2	8.5503	8.7665	8.4444	8.5729	9.4591	8.84975	
HTRA1	7.7466	8.0349	7.8357	7.1907	7.43425	7.676	
TSTA3	8.0795	9.0599	9.122	9.1489	9.0873	9.22095	
WASF3	6.4014	6.5633	6.6203	6.682	6.45415	6.92845	
DNMT1	12.4791	11.7342	11.8906	11.9494	11.6592	11.8557	
TSPAN6	8.5876	8.1865	8.4703	8.5475	7.9655	8.1556	
FBXO21	9.8327	9.7135	9.5842	9.1775	9.3515	9.0859	
RAB27A	8.5444	8.0357	8.1124	8.0473	9.3418	8.96275	
DDR1	8.1036	7.8678	7.2769	7.544	8.67035	7.7601	
PPP2R3C	7.1366	7.0208	6.5428	7.9174	6.42395	7.0713	
ADRB2	8.2765	7.9303	7.9081	7.8754	6.4601	8.6663	
LPGAT1	9.2891	9.8438	9.8535	9.8713	9.32895	9.43095	
DUSP11	9.867	9.8506	9.6698	9.801	10.6031	10.2594	
GRB10	7.6927	7.6411	7.4925	7.5213	7.4012	7.5669	
MMP1	5.3967	5.096	4.5894	5.269	6.43355	7.531	
TP53BP2	10.5182	11.0216	11.0911	10.7046	10.712	11.1293	
CDKN1A	9.6672	10.6011	10.6531	10.6632	11.4807	11.4349	
ZW10	8.1603	8.3519	8.0908	8.3484	8.11485	7.96165	
CORO1A	7.6439	6.4605	6.3431	6.7335	7.5565	6.55845	
TJP1	8.5007	8.2066	7.8985	8.189	8.9091	8.21855	
ABCB6	8.4091	7.7828	8.0885	7.5802	7.9969	8.038	
XPNPEP1	6.871	8.4465	8.5621	7.5447	5.6477	7.8626	
MAMLD1	5.026	4.9602	5.2865	4.7964	6.7518	4.72305	
MTHFD2	10.878	11.4595	11.4503	11.4209	9.91505	11.2067	
DSG2	10.5501	11.2457	11.5148	11.3983	9.62285	11.4539	
PRAF2	7.5378	7.3007	7.6905	7.5105	9.19535	7.49755	
DNTTIP2	11.3426	11.1437	11.132	11.2086	10.8468	11.1053	
SLC27A3	10.58	9.6533	9.4257	9.7399	9.62485	10.1502	
CD97	8.6939	9.0682	8.9923	9.093	9.06825	9.25495	
HTATSF1	10.9551	10.674	10.5358	10.774	11.3498	10.6856	
IL13RA1	8.0914	8.21	8.0111	7.9636	8.6084	8.00485	
NCAPD2	10.1534	9.9383	9.6115	9.8508	9.9605	9.73485	
AGL	6.0049	6.2012	6.4281	6.219	6.25855	6.2358	
TMEM109	10.0794	10.1318	10.0312	10.1886	9.18075	9.7943	
CDC25B	12.2492	12.4069	12.1548	12.4686	11.8116	12.2398	
ICAM1	5.9341	5.7929	5.9333	5.8811	6.31965	6.0847	
GATA3	4.7794	4.7248	4.4467	4.5342	6.48825	4.90075	
NUP93	7.625	8.5979	8.5699	8.0981	6.1563	8.3112	
PLA2G15	6.2124	5.8127	6.006	5.9341	5.20005	6.45155	
RPA3	7.0961	8.7715	8.3292	8.2184	7.8915	7.92965	
PIP4K2B	7.4964	7.1674	7.4641	7.3413	7.27885	7.45965	
TES	12.2086	11.8247	11.6103	11.7342	12.1924	11.9263	
MYCBP2	7.3151	7.3585	7.8465	7.8337	7.63325	7.7285	
SPR	8.6476	9.2198	8.908	8.6939	9.4598	8.43525	
PGRMC1	11.0911	11.083	11.2881	11.3013	10.614	11.2297	
RELB	6.9857	6.6573	6.0756	6.8584	7.70375	8.82025	
AARS	9.7839	10.0649	9.8506	9.8332	9.3823	9.97195	
EPHB2	4.98	5.3777	5.2044	5.1759	5.2782	4.48005	
GPC1	7.9355	7.4371	7.2662	7.3646	8.68705	7.33475	
RPIA	9.5278	9.6533	9.7517	9.7068	8.6919	9.21035	
ELAC2	11.063	11.0911	10.746	10.868	10.9011	11.1004	
GPR56	7.8559	7.0715	6.6834	8.0816	8.77325	7.42845	
NVL	10.7046	9.5235	9.0238	9.508	10.9711	8.80725	
PLSCR1	7.0434	7.8875	7.9754	7.9759	7.3827	8.63365	
CHEK1	9.3852	9.2496	9.3942	9.2488	9.1485	9.51485	
CTSL1	12.0593	12.128	12.0465	12.3047	11.8843	12.2346	
CTSD	10.3598	10.0513	10.0082	10.2249	11.3974	10.1903	
ME2	9.4885	9.8297	9.3547	9.7213	8.52795	9.2328	
ARHGEF2	9.5355	9.0218	9.2993	9.3755	10.2166	9.737	
PDGFA	7.8914	8.2199	8.0743	8.1791	8.5267	8.1979	
ILK	9.5844	9.7683	9.7699	9.5458	9.94055	9.53525	
WDR67	8.8962	8.6236	8.8619	8.5736	8.1552	8.52025	
NFIL3	6.9762	6.9967	7.6012	7.4237	7.95875	7.7809	
RFC2	9.1757	9.2857	9.1926	9.2827	6.199	8.213	
ARL4C	7.9816	7.3802	7.0002	7.0269	8.4963	7.5192	
TIMM9	11.7155	11.9158	12.0086	11.9902	10.9274	11.8285	
CPNE3	11.8479	12.0919	11.9902	12.2553	11.9759	11.9406	
ORC1	11.1259	10.4362	9.8438	10.144	10.9798	10.0718	
C5	5.5693	4.7774	8.2224	4.9476	7.19135	5.23775	
PARP2	6.9459	8.3739	5.9226	8.424	5.48465	7.993	
FASTKD5	8.865	9.0155	9.2794	9.3681	7.1267	9.07955	
SCRN1	8.4843	7.9388	7.8125	7.7183	7.83775	7.68595	
MAN2B1	7.8826	8.0242	7.7608	9.6909	9.28665	8.7151	
PTPLAD1	9.9973	10.0519	10.0812	8.0816	7.5366	8.37845	
MSRA	8.3663	8.06	8.2036	8.3195	8.69855	8.17725	
NFKBIA	10.4233	10.4303	10.2522	10.2971	10.4487	10.3027	
DCTD	9.8849	10.2348	10.0578	10.1145	9.4519	9.7499	
SYNE2	6.9602	6.9004	7.0703	7.3745	8.74005	8.4455	
MBNL1	8.3369	9.7969	9.6673	9.4589	8.2178	9.4184	
UBE3C	11.545	11.2298	11.1126	11.3497	11.0925	11.3482	
CCDC92	7.3735	7.4076	7.1191	6.9549	7.51245	9.1	
MYCBP	10.4876	10.8358	10.898	10.8397	9.2785	10.4446	
CXCL2	4.9272	5.9842	5.7603	6.2695	6.3579	5.98685	
PTPN1	9.8634	10.375	10.2394	10.3754	10.9763	10.6276	
BRP44	11.8182	11.6328	11.6328	11.7085	11.3596	11.7318	
TIMM22	8.3852	8.0697	8.0508	8.1032	8.6936	8.05765	
ATF5	8.2386	8.257	9.4436	8.2204	8.37235	8.60875	
ECD	8.798	9.1804	8.3136	8.7261	8.4257	8.5519	
CIRBP	8.0181	8.7129	8.6358	8.5282	8.4931	8.7054	
NSDHL	8.2971	8.2147	8.0768	8.0933	9.03655	8.0346	
ADI1	9.1358	9.508	9.4139	9.4944	7.91855	9.20985	
NFKBIE	5.9026	5.0198	5.2336	5.1687	7.2103	5.2832	
ADCK3	4.2145	4.3438	4.4556	4.0922	4.8322	4.16605	
PRSS23	5.38	5.5426	5.5691	5.1687	5.7502	5.48645	
CCNH	7.1559	7.519	7.7036	6.5458	6.395	6.91325	
GDPD5	6.1342	6.0001	6.4672	5.9142	7.9474	7.2062	
P4HA2	8.3519	8.6291	8.6122	8.6868	9.0706	8.5041	
TARBP1	10.0762	9.5867	9.5757	9.6197	7.79385	9.4429	
ATP6V0B	6.9853	8.4194	8.4194	8.018	5.27785	7.90975	
RBKS	5.2127	5.5057	5.2842	5.2127	6.45855	5.80475	
CAPN1	7.3636	7.6031	7.4163	7.8295	8.1275	8.4501	
KDM3A	8.2946	8.1403	7.9419	6.8549	9.32225	7.2415	
BID	5.3359	6.8767	5.843	5.7129	7.8796	7.15815	
STXBP1	6.2124	6.1479	6.4441	6.4016	6.0794	5.9373	
ITGB5	9.3387	9.3761	9.2614	9.772	9.6966	9.644	
MTF2	7.8109	8.168	8.458	8.234	7.39795	7.8931	
HLA-DRA	6.218	5.1853	5.1918	4.5778	5.734	6.40515	
SLC11A2	6.9178	7.0725	6.4158	6.4693	7.93795	6.26835	
PDIA5	5.7108	5.5691	6.2073	6.1592	6.7575	5.74135	
PIK3C2B	4.928	6.2703	4.6585	3.6721	4.90285	5.5355	
RAP1GAP	4.4984	4.5378	4.9602	4.9045	6.23425	5.3023	
SLC25A46	9.2614	10.1167	10.0846	10.0803	6.75015	9.52335	
CDK19	6.8179	6.4279	6.3718	8.2432	7.24055	6.3974	
NOLC1	9.5657	10.4569	10.4817	10.4451	8.98555	10.2527	
CAT	9.8392	9.6574	9.7318	9.8963	10.2018	9.7792	
KIAA0753	7.4048	6.9063	7.1271	7.1604	7.99575	7.3251	
DUSP14	7.6624	7.7297	7.984	7.7568	8.11125	7.9101	
KAT6B	8.4229	6.8902	6.8826	7.1604	6.99735	6.92365	
CHN1	7.9152	6.3885	5.5288	6.039	5.38555	5.9442	
HMGA2	7.6344	8.7968	8.8804	8.8315	8.45425	8.8871	
IGFBP3	7.0675	6.6229	6.3922	6.954	6.423	6.8007	
MAPK13	5.9692	6.3276	6.1038	6.1784	7.20035	6.9172	
TRIB1	7.8826	6.8695	6.8571	7.2983	8.80265	7.55975	
UFM1	9.3778	9.6015	9.864	9.5842	8.7253	9.7248	
GNA15	8.8087	8.4098	8.051	6.9437	8.5513	8.6375	
TP53BP1	7.0409	7.4371	7.5043	8.1391	7.67045	7.4368	
FRS2	6.8901	6.7769	6.9666	6.8221	7.55755	9.9214	
IARS2	12.1667	12.855	12.9588	12.869	11.9195	9.7702	
BECN1	9.2477	9.5979	9.5223	9.5301	9.58285	9.4461	
GATA2	6.069	5.6809	4.7642	5.6953	6.36265	5.1846	
KDELR2	7.7584	8.0803	8.1666	7.7449	7.78125	7.9014	
RALGDS	7.5412	7.0156	7.001	7.4204	5.50765	7.1044	
ELAVL1	8.6615	8.6722	8.553	8.9375	8.63975	8.3638	
NRIP1	9.4457	9.9501	10.0384	9.9988	8.2578	9.74165	
CCNB2	11.8873	12.2024	12.2138	12.0376	10.3235	11.8381	
IFNAR1	8.7371	7.2011	6.7252	7.468	9.7214	7.67255	
MIF	14.2472	14.5649	14.5649	14.4928	13.8686	14.5449	
RNPS1	13.0115	13.155	13.2093	13.0115	12.3293	13.1475	
DAG1	6.0629	6.6448	7.0852	6.649	7.17965	6.7158	
SATB1	3.5311	4.2669	5.9226	4.5864	4.6871	4.94605	
ARID4B	8.6635	8.8291	8.5621	8.7396	7.1195	8.20215	
IGF2BP2	6.2012	7.3012	7.6173	7.507	9.10715	8.16115	
GSTZ1	8.1603	8.0208	8.1767	8.265	8.79555	8.30705	
IGF2R	9.6833	9.7213	9.7442	10.0613	10.9935	10.1701	
SESN1	7.5682	7.3998	7.544	7.4204	6.91165	9.1295	
TIPARP	10.1012	10.8083	10.6743	10.8643	10.7546	10.9571	
CRTAP	7.9846	8.4028	7.8857	8.0242	8.3599	8.2558	
SPEN	9.0265	7.7684	8.5225	8.5933	7.9532	8.1333	
GMNN	12.3718	12.0712	11.9574	12.0593	11.0925	11.7231	
PFKL	8.4679	8.7494	8.3474	8.6318	8.9321	8.57665	
CYTH1	6.7244	7.3225	7.1092	7.0633	5.98275	7.1426	
PDHX	9.5534	9.225	9.332	9.0809	8.68135	9.19475	
DENND2D	6.4323	5.823	6.1958	5.7558	5.8664	5.9431	
PRCP	7.4005	7.1778	7.3379	7.1174	7.4012	7.1005	
CTTN	7.0348	8.2839	8.2869	7.3418	6.43075	7.5398	
SMARCA4	7.6803	7.7169	7.7731	8.2424	8.3582	7.87815	
PYGL	10.7822	10.7965	10.9161	11.1816	10.014	10.9781	
UBR7	9.0963	9.5458	10.0149	9.5017	6.9852	9.466	
GRB7	10.9299	9.0691	9.2717	8.9858	12.3948	10.4225	
RPA2	10.0173	9.5395	9.7611	9.7329	8.6724	9.20115	
CD44	11.8341	11.4806	11.3136	11.6433	11.9149	11.6939	
ERBB3	5.0292	4.8379	5.3646	4.5378	5.9825	5.42265	
GTF2E2	10.3002	10.2731	10.0897	9.8823	10.1467	10.1571	
VAV3	6.0135	5.3967	5.7108	5.9602	7.20845	5.8411	
ABHD6	6.5985	5.9454	6.144	6.4202	6.83115	6.1966	
ANXA7	8.5702	9.173	9.3655	9.0691	8.73565	8.956	
MAPKAPK2	11.2086	10.5636	10.6011	10.645	11.9843	10.8706	
TXNRD1	11.678	11.8665	11.6433	11.9158	11.5137	11.8538	
CAB39	9.3655	10.4646	10.6401	10.3292	7.83895	10.5809	
FZD1	7.0896	5.7534	5.133	5.2101	7.5959	5.51785	
CRYZ	7.7062	8.3425	8.6763	8.7012	8.07995	8.37325	
TIAM1	6.4032	6.237	7.6064	6.219	5.68065	6.58205	
DNM1L	11.0692	10.9432	10.8643	11.1247	10.4898	11.018	
GAA	3.9158	4.3922	4.2195	4.0398	4.40205	4.59065	
DERA	10.7706	10.9204	10.981	10.8463	10.7849	10.8832	
SKIV2L	7.6572	8.0803	8.1608	8.0717	6.49115	8.12045	
BLMH	7.4318	7.5179	7.6173	7.468	5.3842	6.7756	
PTPRK	9.9814	9.285	9.1575	9.0002	10.5052	9.55215	
HERC6	5.9507	6.3391	6.5225	6.7011	6.1072	6.12475	
RRP1B	9.3518	9.8738	9.7733	9.7939	8.42805	9.6713	
MKNK1	11.6343	8.9032	8.9032	9.6813	11.644	9.60555	
TSPAN3	9.2006	9.1472	9.5979	9.5889	8.46885	9.4756	
ACOT9	9.7942	10.683	10.7609	10.8451	9.2849	10.5897	
PIK3R3	5.2172	5.1227	4.7609	5.3391	5.14265	5.4082	
KEAP1	10.1669	10.3111	10.2996	10.2181	10.0979	9.98415	
ST3GAL5	5.0733	5.0128	3.8364	5.026	5.80395	4.9602	
CTNNAL1	9.3218	10.5826	11.4048	10.3138	7.8048	10.2268	
TFDP1	10.6472	11.6175	10.9521	11.518	9.62365	11.32	
ABHD4	5.5976	5.5452	5.5098	5.269	6.1537	5.61265	
SMC3	8.5007	8.2689	8.3852	8.4023	8.16445	8.41235	
INPP4B	7.1456	7.3774	7.3998	7.681	7.84675	7.12655	
LBR	10.54	10.7667	10.7046	10.5936	9.11625	10.1463	
PPIE	9.7479	9.7517	9.8327	9.8332	9.5205	9.68915	
ZMIZ1	8.2461	8.5779	8.6612	8.1625	8.19085	8.42295	
PPARG	5.7368	5.6265	5.843	5.9602	8.58555	5.56735	
TERF2IP	10.3327	9.956	10.259	10.3111	11.0263	10.2859	
BNIP3	8.9483	8.9774	8.849	9.0561	9.07275	8.73475	
RPP38	7.9369	8.375	8.1249	8.477	7.7513	7.94525	
BCL2	4.2195	3.4597	4.9717	4.7073	4.3411	3.7337	
CAST	10.725	10.5655	10.6071	10.5655	11.2153	10.8113	
BAG3	11.5148	12.3308	11.9931	12.1065	12.1033	12.1715	
RBM6	8.119	8.0957	7.984	8.2906	8.55295	8.1773	
CSK	9.0537	8.7318	8.4586	8.6537	9.032	9.506	
GNA11	10.4783	10.1702	10.2299	10.0712	9.035	9.2045	
ALDOC	4.4556	4.7582	7.46	4.3961	6.73845	4.8951	
TOR1A	7.8696	7.9419	4.4207	7.6766	6.9178	8.06625	
SLC25A13	9.4572	9.8933	9.4436	9.2588	10.3659	10.0356	
UBE2L6	8.6236	7.8294	7.7856	8.1092	9.39985	8.11175	
SYK	5.4249	5.3473	5.1792	5.7849	7.10615	5.7365	
TSPAN4	11.3909	11.855	11.9494	11.7507	11.6808	12.0507	
NR3C1	6.0979	6.7497	6.5633	6.6834	7.13725	6.55915	
PCBD1	11.9011	11.6839	11.616	11.5347	11.8699	11.5596	
ICMT	9.9383	9.6197	9.6233	9.9748	9.2999	9.40495	
TRIB3	12.2864	10.8355	10.6149	10.7252	12.7866	10.5035	
EIF4EBP1	9.7017	10.277	10.0046	9.9606	8.41025	10.0357	
PHF15	8.9797	9.1951	9.4658	9.065	9.5868	9.50655	
CXCR4	6.8311	5.5976	5.9807	5.9528	7.97775	6.09565	
GNPDA1	9.6857	10.0082	9.5776	9.5256	9.3442	9.2171	
CCND3	9.0989	9.5465	9.7451	9.9591	10.0956	9.4895	
FKBP14	6.0867	6.6573	6.4147	6.6817	8.21365	6.1879	
CIAPIN1	9.1193	9.9414	9.7751	9.8576	8.7395	9.49945	
NUCB2	8.037	8.1391	8.0473	8.0473	8.80075	8.12495	
COG7	8.8649	8.9928	9.0208	9.2057	9.0149	8.5302	
RSU1	9.2971	9.1179	8.8465	8.6537	9.3587	9.1298	
PTPN6	6.3728	6.1882	6.0008	6.7955	6.6335	6.5629	
TUBB6	12.5799	12.819	12.721	12.9019	12.6129	12.8439	
ABL1	8.4028	9.5355	8.6683	8.7818	9.1422	9.86575	
DUSP4	9.3817	9.2363	9.4707	9.6375	10.3185	9.05425	
CCNF	7.952	8.2344	8.375	8.4071	6.9731	8.3058	
PTPN12	9.4135	10.1266	10.2918	9.8353	9.3649	9.98785	
HSPA1A	10.8358	12.2864	12.4161	12.1699	9.8456	12.2675	
PCK2	8.4081	7.9889	8.07	7.9875	8.9953	8.20775	
FAM57A	10.1381	9.3518	9.1361	9.3978	9.9292	9.2983	
RB1	9.0497	9.9382	9.556	9.7499	9.17375	10.0343	
EVL	6.7668	7.1835	8.051	6.7076	7.5446	7.4553	
GFPT1	7.4318	7.9376	7.2962	7.6981	6.75755	7.5062	
BLVRA	10.2099	9.741	10.2481	10.5358	11.3428	10.5075	
GPER	6.8139	6.1211	5.8799	6.682	7.40705	5.634	
EAPP	6.8311	7.1519	6.9143	6.4322	6.87165	6.6872	
S100A13	12.6677	12.9019	12.9597	13.0636	13.1632	13.0841	
EXT1	12.1921	11.5347	11.3013	11.3871	12.5963	12.2193	
MYBL2	9.4059	9.7533	9.2416	9.1521	7.60895	9.14655	
POLE2	8.6451	7.8226	8.2204	8.8804	6.15875	7.14545	
STX4	9.2872	9.104	8.8976	8.9597	10.1585	9.3662	
PLCB3	9.9277	9.6588	9.5631	9.7115	9.84655	9.673	
TMCO1	11.9163	12.0947	12.3919	12.1667	11.3288	11.8986	
C2CD2	6.8356	6.7086	6.7235	6.8052	7.9347	6.80575	
PARP1	11.5493	11.9902	11.8479	11.802	10.9959	11.7933	
ANKRD10	7.8337	7.7386	8.265	8.262	5.6177	8.3569	
CCDC85B	8.5047	7.8875	7.8631	7.4704	8.21455	7.27285	
DDB2	6.7509	7.6344	7.3575	7.3413	8.069	8.17385	
DDX10	8.8129	9.1692	8.9702	8.7269	7.4568	8.41495	
BAMBI	7.2367	7.3225	7.7566	7.7877	8.3646	7.30645	
CEP57	8.0242	7.2769	6.9374	6.9399	7.5783	7.4903	
HADH	9.2352	9.5757	9.4704	9.4354	8.49745	9.3287	
RAB31	6.6203	6.5691	6.4281	6.1479	6.33975	6.73335	
ABCC5	5.4322	5.7746	5.3604	5.1227	7.21195	5.13005	
GLRX	8.2839	8.5301	8.3898	8.4134	10.2092	8.559	
MVP	10.2842	10.2672	10.2873	10.3524	12.0517	10.7907	
RFC5	9.2028	9.556	8.9209	9.0835	8.04595	8.7606	
HES1	8.8911	8.7261	9.2184	8.6747	7.02845	9.29045	
STMN1	9.641	10.0271	10.0859	9.861	8.5768	9.30595	
GALE	9.6813	10.0043	9.4347	9.4944	10.0012	9.6269	
KLHL9	7.2021	6.5954	6.1958	6.7913	7.50985	6.3977	
PTPRF	9.0304	8.0552	7.8133	7.8947	9.5144	8.14045	
UBE2J1	8.3852	7.5043	7.1778	7.825	8.41565	8.05095	
PGM1	10.2842	10.2595	10.2054	10.2232	10.2976	10.2021	
SLC37A4	6.564	7.5679	7.2453	6.4788	6.777	6.58915	
LOXL1	5.8013	5.6545	5.7874	5.7272	7.36705	5.9835	
PLK1	9.9505	10.6366	10.6954	10.6416	7.30915	10.6857	
MYO10	9.046	8.9993	9.1209	9.0691	8.4352	9.0982	
NPRL2	7.7341	7.8037	7.8231	7.8364	6.9951	7.8275	
LIPA	9.6795	9.6255	10.0513	9.5496	10.1611	9.66125	
PWP1	9.332	10.1822	9.7704	10.7798	9.05045	9.6479	
PHGDH	8.489	8.6507	8.7916	8.5942	5.9702	7.90265	
PLEKHM1	10.7046	9.2309	8.2398	8.0572	12.0611	8.70895	
ST7	6.4693	6.741	6.5996	6.6205	7.5823	6.27645	
VAT1	8.3337	9.3306	8.9457	9.1363	8.7871	9.57935	
IKBKB	6.5338	6.2872	6.3646	6.5193	6.62955	6.4021	
KIF20A	10.3942	11.0308	11.0208	10.8838	8.6377	10.4924	
CDH3	10.5683	10.5098	10.3476	10.5542	10.6473	10.5595	
PCM1	5.5776	6.6715	7.4076	7.1622	6.12165	7.12045	
IER3	10.3078	10.2888	10.1569	10.2617	10.8584	10.4686	
SSBP2	6.7635	6.1647	5.6707	5.5173	6.6907	6.2371	
FAT1	10.0578	9.8069	9.654	9.88	9.4447	9.9033	
SNX11	6.3157	6.3559	6.4081	6.0592	6.09845	6.10445	
RNMT	7.7062	7.8748	8.0461	7.8902	7.9679	7.71535	
SFN	12.1256	12.4235	12.4468	12.1706	12.7492	10.4089	
EGFR	8.3222	8.8555	8.9118	9.359	9.5964	9.10605	
RFX5	6.7668	6.7682	7.0346	6.6834	7.45315	6.97355	
NET1	9.4347	10.1587	10.4181	10.3821	9.54785	10.5472	
PKIG	7.952	7.8761	7.6822	7.7676	9.11445	7.7422	
DECR1	8.8873	9.7375	9.721	9.5395	9.6342	9.71315	
FSD1	7.9732	7.0377	6.1297	7.1034	7.9489	8.2874	
ATP6V1D	10.6261	10.761	10.594	10.5253	10.9294	10.6266	
CDK6	5.879	6.0376	6.4729	6.2117	6.16495	5.73635	
CDC45	9.7081	9.2728	8.234	9.332	8.03175	8.56925	
NPC1	8.0908	8.2689	8.7169	8.1381	9.70225	8.6876	
EDEM1	10.5891	9.828	9.6451	10.6401	10.892	10.0122	
MEST	12.8985	12.1877	11.7474	11.5879	13.2505	12.597	
MYLK	4.9506	3.9587	4.6603	9.1877	4.89215	3.84955	
PAFAH1B3	9.2971	9.4246	9.2993	9.4465	9.069	9.1564	
CALU	10.4817	10.7115	10.7312	10.7451	10.2413	10.6472	
USP6NL	7.4657	7.2546	7.3096	7.5913	7.42585	8.697	
LGALS8	9.7885	9.1406	8.7849	8.488	10.0938	8.803	
NT5DC2	8.7459	8.4108	9.344	9.1775	8.99575	8.9455	
CCP110	7.2733	7.9198	7.7413	7.7676	7.20375	7.3341	
LRP10	10.43	10.1414	10.2284	10.3922	11.6997	10.7334	
ATP1B1	10.15	9.6467	9.9568	9.7839	8.2495	9.5533	
STK10	6.3249	5.8195	5.843	6.2524	6.31115	7.5801	
OXCT1	8.89	9.5147	9.2316	9.3547	9.22105	9.5165	
UGDH	7.9725	8.4229	7.9696	8.0072	7.6426	8.0092	
SLC25A4	9.9591	9.4674	9.7507	9.88	9.64315	9.436	
SQRDL	7.6439	8.7539	8.6939	8.439	9.06	9.2311	
HEBP1	8.1993	8.0484	8.1727	7.9864	7.63825	8.979	
PSMB10	8.7649	8.6774	8.522	8.498	8.95615	8.12765	
ASCC3	8.9175	9.0905	9.5718	9.5147	8.92965	9.36185	
FGFR4	5.4322	4.4733	4.1608	4.5916	6.0717	4.211	
CDKN2A	9.883	9.43	9.5855	10.1112	11.9424	10.6888	
TRAM2	5.3777	5.4531	5.7631	5.4034	6.08275	5.4819	
ATP11B	9.3338	8.6903	8.3292	8.1705	10.0651	7.37715	
PYCR1	6.1216	6.1939	6.006	5.7578	4.8249	7.25425	
CD320	10.9959	10.9199	10.8904	10.9204	9.7727	10.6264	
NCOA3	8.5444	8.447	8.5326	8.6833	9.8041	8.83155	
CDKN1B	8.6584	8.9375	9.181	8.798	8.662	9.1322	
POLD4	7.9114	7.9344	7.7036	7.8714	9.84975	8.3379	
FOSL1	10.9371	11.1259	11.083	11.0017	9.8467	10.8629	
MLLT11	7.2093	7.1191	7.3802	7.2093	6.5831	7.05035	
CEBPZ	9.4041	9.1575	9.0963	9.301	8.40505	9.4681	
PRKACA	10.9432	9.88	9.2477	9.5615	11.0799	9.46035	
GAPDH	15.0	15.0	15.0	15.0	14.9363	15.0	
CBR3	4.2222	5.2565	5.1981	4.4425	4.6953	4.4888	
LYRM1	5.2578	6.0255	6.218	6.0745	5.63045	5.7789	
