gene	0.04uM	0.12uM	0.37uM	1.11uM	10uM	3.33uM	
PSME1	11.8177	12.122	11.7027	12.1857	11.7679	11.9861	
CISD1	10.6721	10.5464	10.3322	10.6416	10.5676	10.9724	
VDAC1	12.3138	12.2293	12.2614	12.2929	11.0907	11.3934	
SORBS3	4.84105	4.6943	5.51635	5.5252	6.3724	5.2367	
SPDEF	10.1287	10.0615	10.1014	10.1762	11.1067	10.292	
ATF1	8.01775	8.0773	7.8859	8.4052	7.2616	7.48005	
SPAG4	4.1716	4.8246	5.82955	5.4513	4.584	4.1267	
E2F2	4.7132	5.2435	4.89825	4.6511	5.0806	4.82045	
RHEB	12.2138	12.1611	12.3552	11.9845	11.9177	11.7326	
IGF1R	11.3279	10.4097	10.0373	11.3217	11.1998	10.9153	
SLC5A6	9.7575	9.74815	10.0782	9.6919	8.8986	9.06925	
FOXO3	9.26515	8.83205	9.1768	8.6077	9.5299	9.60675	
RGS2	6.4313	6.5429	5.3867	6.1182	4.8389	4.8683	
GSTM2	5.3343	5.007	5.03585	5.532	4.979	4.57145	
SCYL3	3.94675	3.4913	5.08175	4.3419	3.5087	3.55435	
RHOA	9.63045	9.34405	9.8304	9.0877	8.4649	8.59275	
TBX2	8.90265	8.60885	9.30345	9.3772	8.6454	8.4965	
DNAJA3	12.74	12.6885	12.4903	12.5447	12.5612	13.3913	
IL1B	4.65995	5.90525	5.4878	6.1028	6.4347	6.73665	
ASAH1	7.72405	7.47345	7.5454	8.0133	7.3949	7.63285	
DCUN1D4	6.81795	6.74165	6.8418	7.1198	7.2833	6.5157	
DYRK3	5.6296	5.72065	5.5232	5.6721	6.274	6.57045	
RALA	8.7239	8.42805	8.86085	8.623	8.8974	8.4087	
ARHGEF12	7.4094	7.1131	6.84645	6.5907	7.9507	6.782	
POLG2	7.3884	6.49525	7.9013	7.7963	7.2901	7.36275	
SOX2	8.4032	8.4872	8.11985	8.4598	9.3485	9.5431	
TRAPPC3	10.1842	10.3132	10.4727	10.1869	10.3635	9.98705	
SERPINE1	6.16905	4.7184	5.91645	6.3831	4.3277	4.1969	
TCFL5	3.7331	5.3314	3.6846	3.7322	6.451	4.5097	
CRK	9.14535	9.10365	9.091	9.2323	8.8739	8.78995	
HLA-DMA	4.3841	4.9169	4.57105	4.5381	4.8389	4.3933	
EGF	4.47945	4.2378	3.86935	4.6014	4.0872	4.95485	
RBM34	9.33525	9.47695	9.44925	9.7132	9.5441	9.55005	
ITGB1BP1	9.3793	9.63125	9.39655	9.3555	8.702	9.04785	
SPTLC2	5.2678	5.5868	5.51015	5.3584	5.2545	4.64105	
ACLY	10.2374	10.0823	10.2801	10.2728	11.0077	10.3302	
APP	13.0259	13.1297	12.9598	13.1964	13.1028	13.4163	
RAD51C	9.96685	10.2365	10.1873	10.4143	9.4979	10.2106	
TSKU	7.78325	8.6666	9.02165	8.1627	9.8091	8.12835	
SMC1A	8.7985	8.6088	7.8278	8.8927	7.4676	8.3616	
TMEM2	7.23235	6.9237	7.7464	7.5145	7.456	7.28465	
NOS3	4.1702	4.2888	4.50685	4.3078	5.4554	4.54835	
YME1L1	9.7895	10.1129	9.95305	9.7549	9.0179	8.83585	
ACAA1	7.4896	7.41335	7.57365	7.4382	7.3014	7.67675	
CSNK1A1	9.2423	8.72715	9.21985	8.9279	8.7422	8.13285	
HSPA8	11.7213	11.8391	11.5317	11.6867	10.26	10.8461	
NFATC4	5.32875	5.0447	4.6489	5.3922	5.6721	6.3429	
CCNB1	12.5788	12.5446	12.7494	12.5573	12.2091	12.7239	
TBP	8.4022	8.6574	8.32875	8.7583	8.1614	8.38675	
SLC2A6	9.14655	8.95545	8.9944	8.9963	10.2754	9.8066	
WFS1	8.68165	7.95225	8.19145	8.0498	7.8049	8.43685	
EZH2	9.4517	9.3574	9.6227	9.4621	7.8478	8.5053	
UBE3B	9.2545	8.6194	8.672	8.5428	10.2428	9.86495	
ICAM3	6.8035	7.2102	6.69445	7.1251	6.9651	6.36505	
NPDC1	11.4215	11.382	11.5131	11.5729	11.4698	11.5602	
ALDH7A1	5.86795	7.9469	7.81595	8.0541	4.3204	8.4336	
BRCA1	5.2652	5.61175	5.1929	5.2387	7.2679	4.31965	
NFATC3	8.5132	8.4201	8.58635	8.5428	9.1	9.3734	
PSMD4	12.7706	12.4454	12.6327	12.9477	12.7662	12.6574	
PCNA	13.7122	13.7776	13.7122	13.7208	12.17	13.1654	
PHKG2	7.8305	7.9292	7.82605	7.8844	7.9189	7.74795	
ETV1	3.9493	4.55605	4.30525	3.6942	4.6254	4.67625	
POLR2I	10.8001	10.8809	10.5338	10.428	10.155	10.1308	
KDM5B	7.85555	7.7111	8.0389	8.2425	8.4489	7.8509	
PSMB8	4.99125	5.14335	7.76085	4.0344	4.8024	4.6174	
AKAP8L	7.14035	6.63495	6.8882	6.7071	7.6361	7.5956	
COG4	9.12995	9.1673	9.2882	9.1155	8.8025	8.94585	
MCM3	11.1604	10.9132	11.0681	10.543	9.7475	10.4666	
PLEKHJ1	8.70115	8.7102	8.99145	8.4833	8.905	9.13405	
HAT1	9.2186	9.60155	8.8122	9.6488	7.1464	7.88405	
TERT	5.85135	6.0209	6.33675	5.977	7.3647	7.07515	
G3BP1	9.48055	9.6755	9.052	9.5747	7.5396	8.9873	
SNX13	7.60875	7.82275	7.79055	7.3793	7.7377	7.9665	
PAK4	9.97265	10.0292	10.1092	9.9205	9.6508	9.6287	
TPD52L2	10.409	9.7411	9.88725	8.6474	9.2309	9.45435	
DPH2	7.17515	7.77515	7.8885	7.7849	7.7743	7.88145	
PIH1D1	7.9971	7.96765	7.4065	6.3574	7.0041	6.96135	
PRKCQ	5.3036	5.5568	5.3151	4.5031	9.1086	5.5674	
SNX6	9.6876	9.6835	9.56965	9.5366	9.7317	9.66675	
EED	8.92815	9.0435	9.2467	8.7126	7.9406	8.1821	
SHB	7.60935	7.9457	7.79215	7.7405	7.814	8.03005	
UTP14A	7.31135	8.48495	7.77705	8.555	8.2714	7.90025	
WIPF2	7.321	7.6688	7.7549	7.7311	8.0332	7.78315	
NENF	9.5772	9.6416	9.55855	9.7408	9.7463	9.5135	
TSEN2	8.5951	8.44725	8.73755	8.7669	8.3264	8.3024	
RPN1	12.9657	12.6565	12.3896	13.0811	12.2502	12.6467	
SUV39H1	7.78665	7.12155	8.12435	7.0107	6.8698	6.5309	
C2CD2L	5.11615	5.8071	5.67765	5.1728	5.9285	5.75215	
LYPLA1	9.45585	9.8084	9.34345	10.0059	8.8062	8.66305	
BIRC2	6.71565	6.8301	6.4754	6.568	6.9316	6.74545	
GABPB1	9.7195	9.71595	9.78	9.7005	9.5287	9.2035	
MAP2K5	6.7764	7.1746	7.0006	6.9017	8.2103	8.23875	
POLR2K	10.9678	11.2396	10.8795	11.3933	10.8469	10.9588	
PTK2B	7.48355	7.25515	6.416	6.8854	7.9351	7.9037	
PUF60	13.1919	13.046	13.2729	12.9775	12.5447	12.9021	
DHRS7	9.936	9.96885	10.7825	9.7283	10.3308	10.0321	
PAF1	10.1966	9.93675	9.36735	10.341	10.1287	10.6943	
ARID5B	7.34525	7.1013	7.4252	7.0386	6.5892	7.11145	
POLR1C	8.3541	8.3488	8.15555	8.0973	8.0168	8.34545	
PAK1	5.8096	5.3992	5.44975	5.7027	5.8077	5.99975	
RUVBL1	10.8773	10.9587	10.6986	10.5285	9.9765	10.2036	
AKT1	12.3289	12.0014	12.0833	11.8334	11.4815	11.5693	
CDC42	10.5595	10.9382	10.5132	10.7005	9.5137	10.0195	
IGHMBP2	6.9533	6.80285	6.64785	6.0462	6.5678	6.99435	
SENP6	10.8843	10.6759	10.253	10.8746	10.8838	10.5462	
ADO	6.9165	6.66565	6.70335	7.2217	7.0301	6.3755	
HSPB1	14.5665	14.6555	14.6555	14.5196	14.1305	14.7316	
EBP	9.1567	9.3561	8.84205	9.3557	9.3309	9.05795	
TCTN1	6.68895	6.983	6.76045	7.0563	7.2698	7.1835	
AKR7A2	10.847	10.7602	11.0742	11.243	11.1002	10.8267	
CASK	7.7066	7.24675	7.9295	7.1878	7.3119	6.905	
PPP2R5E	11.002	11.1329	10.9685	10.7188	11.545	11.3672	
RRP8	6.06705	6.26465	6.0087	6.2372	5.9021	6.15225	
LAMA3	5.63055	4.3426	4.7536	3.6692	3.6961	4.89735	
PIK3C3	5.3785	6.2872	6.66355	6.2167	7.4328	7.0008	
BHLHE40	6.3141	5.8255	4.8925	5.9045	3.804	4.7832	
CCNE2	4.3946	4.28545	4.8946	3.9217	5.749	6.2009	
BDH1	8.5078	8.6027	8.9542	9.2159	9.342	8.5339	
FEZ2	4.9309	4.94105	5.15085	7.3924	4.978	4.61445	
IKBKAP	9.64885	9.1779	9.7162	8.813	8.6728	8.8225	
SH3BP5	10.5276	10.407	10.3341	11.1469	11.288	10.9594	
PPP2R5A	9.90655	9.78265	10.0166	9.8561	9.8475	9.9538	
SGCB	6.43165	6.55435	6.6853	7.347	5.5523	5.85135	
EML3	8.5033	8.14715	8.4723	8.0808	7.925	8.55145	
ENOPH1	10.8213	11.0942	10.9706	11.2223	10.8212	10.898	
BIRC5	11.35	11.1899	11.4492	10.9926	10.5629	10.9469	
CNOT4	7.04475	7.0096	7.2787	7.1113	7.103	7.09655	
EPRS	9.91485	10.1106	10.0887	9.9304	9.9588	9.90225	
SNAP25	6.9351	4.3714	7.06205	4.5557	4.2964	6.6855	
JMJD6	11.0407	10.7976	11.0021	10.9494	10.7968	10.3469	
PAX8	3.14035	4.4274	4.33285	3.8467	3.9653	4.35505	
CBLB	7.30905	6.4739	7.54585	7.4712	8.8974	7.88475	
SLC35F2	7.08185	7.4833	7.0337	7.1026	6.0739	6.23795	
ANO10	6.9131	7.20715	6.80165	6.9017	7.053	6.97125	
PDS5A	9.54395	9.56455	9.43535	9.6588	9.4571	9.28265	
DFFB	5.8038	5.8322	5.7904	5.8491	6.1959	6.39565	
STUB1	13.4795	13.4795	13.4517	13.4964	13.5139	13.2482	
PGAM1	13.0238	12.9242	13.0089	12.8194	11.828	12.2472	
TGFB3	7.58135	7.73615	7.1759	7.3295	9.1502	8.6427	
BAD	8.93495	9.1486	9.1618	9.1648	9.3306	9.1543	
XBP1	13.2591	12.9871	13.169	13.4451	13.4607	13.4319	
NMT1	7.61355	7.2133	7.4504	6.7753	7.5825	7.5192	
PSMD10	9.85165	10.1368	9.84915	10.3523	10.0749	9.6436	
ARFIP2	9.71325	9.8513	10.0154	9.5016	10.1136	9.264	
RAB11FIP2	5.74	5.98975	6.414	6.8144	5.8849	7.0311	
FPGS	9.1631	8.88005	9.15395	8.4824	8.4657	8.6564	
STAMBP	9.288	9.59175	9.29965	9.7357	9.2966	9.45315	
PRKX	7.0342	6.9566	6.71465	7.0241	7.9351	7.83515	
RNH1	10.1013	10.1973	9.79885	9.8119	10.0532	10.403	
ATG3	7.8497	7.7906	7.73115	8.4857	8.3595	8.63035	
FAH	7.8532	8.03665	8.2066	6.9492	5.3731	6.56625	
NCK1	9.44375	9.5544	9.51995	9.7543	9.8685	9.5915	
PLP2	6.70475	7.3229	7.36145	6.8572	7.702	7.6932	
CFLAR	7.1865	7.36045	7.35185	6.9994	7.4764	7.74935	
SOX4	9.94705	9.35735	9.8403	9.9678	9.5126	9.8407	
HEATR1	8.53275	8.31265	9.35635	8.4711	9.2717	9.07735	
TESK1	9.2281	9.4459	8.429	9.1824	9.4609	9.6956	
HN1L	10.0212	10.4165	10.0604	10.476	10.0615	10.143	
WDR7	6.845	6.20745	6.72515	6.2009	7.6448	6.8835	
AKAP8	8.2406	8.4614	7.59025	7.964	7.6689	7.8074	
RRAGA	8.77575	8.7745	8.81895	8.8276	8.7422	8.61665	
ELOVL6	8.5102	8.81865	8.6745	8.4636	9.0035	9.0986	
SLC1A4	4.52305	4.5573	4.73585	4.4388	3.9455	4.14995	
ACBD3	8.073	7.6595	8.08025	7.5926	8.0724	7.19845	
GRWD1	7.9789	8.34765	7.47295	8.3564	7.1574	7.4045	
PMAIP1	6.7757	7.75395	6.03905	7.087	7.8258	7.5108	
STAT1	7.2122	6.35275	8.51015	8.1181	7.0241	8.04745	
FOXJ3	7.5673	7.86385	7.6324	8.3583	7.0836	7.4288	
TWF2	7.6664	7.9185	8.21965	7.9173	8.2187	7.9408	
HDAC6	7.7526	7.39345	8.0315	7.6496	9.0281	8.1051	
MTERFD1	10.2966	10.5274	10.3996	10.4652	10.4242	10.8104	
CCND1	9.7149	9.1505	9.22125	9.3431	8.2913	8.643	
CHIC2	7.6669	7.76975	7.61495	7.6606	7.2222	7.5746	
PXN	11.8328	11.6794	11.8119	11.6424	11.2917	11.6236	
USP7	7.7637	7.40255	7.7726	7.4165	6.8957	6.8759	
NOSIP	7.4534	7.5592	8.05445	7.9122	7.4604	8.05165	
PHKB	7.15395	7.3001	7.1814	7.166	6.8345	6.63195	
DLD	11.8301	11.7539	11.9212	11.7213	11.0414	11.3773	
NFKBIB	6.3714	6.6616	6.74815	6.4487	6.9994	6.4629	
CASC3	7.96225	8.164	8.3125	7.71	8.4614	8.04975	
IDE	6.07525	5.20235	5.68325	5.9623	5.3517	5.32645	
CD40	8.5303	8.5275	8.26765	8.5667	8.9433	9.55385	
MLEC	11.8678	11.6243	11.74	11.5728	11.4249	11.4222	
GLI2	4.40355	4.6105	5.2708	4.186	5.9721	5.52255	
PRPF4	8.74155	9.28645	8.88685	8.9519	8.2989	8.497	
MELK	9.65175	9.6095	9.73435	9.3584	8.5736	8.9582	
USP22	12.2772	12.0535	11.804	12.4288	12.1062	12.2316	
DAXX	7.4173	8.36715	8.24875	7.8478	7.3491	8.21135	
TMED10	12.6519	12.607	12.6884	12.5826	12.3599	12.2393	
CHERP	9.35575	9.0433	9.5206	8.873	9.1867	8.80655	
SMAD3	8.37605	8.99725	8.1266	8.2913	8.3544	8.80025	
OXA1L	12.214	12.1188	12.4697	12.3477	12.88	12.2044	
PIK3CA	8.1481	7.90195	8.1778	7.7961	8.3972	8.1049	
SNX7	10.8602	10.8547	10.1819	10.7234	12.3144	10.3741	
TRAPPC6A	9.96625	9.84325	10.2411	10.0698	10.5799	10.8445	
ATP2C1	8.6245	8.80945	8.93195	9.0159	8.8518	8.73555	
CDCA4	7.573	8.4033	7.31385	7.87	6.9763	7.52135	
TBC1D9B	8.2888	8.1344	8.6293	8.1766	8.6728	8.32655	
USP14	6.7542	7.0833	7.0232	6.7961	7.6402	8.03685	
APPBP2	11.3773	10.9974	11.3956	11.4472	11.3764	11.4871	
CDC20	12.7092	12.7167	12.8559	12.8253	12.2365	12.4562	
NARFL	7.41945	7.62425	8.0396	7.8233	7.8945	7.86665	
RPS6	14.5909	14.4963	14.4963	14.7088	14.473	14.5436	
DDX42	8.4489	8.7615	8.5325	8.7091	8.9011	8.79815	
ECH1	11.7749	11.7985	11.8582	11.9177	12.6277	12.4206	
HDAC2	10.1221	10.2306	10.2586	9.9004	9.6992	9.53895	
IKBKE	5.18955	5.7647	5.5746	4.7614	5.977	5.4048	
CCL2	6.9818	4.91125	4.86305	5.1528	5.5007	5.28365	
DFFA	9.22285	9.1158	8.60535	8.729	9.2137	9.47845	
MRPL19	11.2989	11.3326	11.2694	11.0363	10.6457	10.9508	
WDTC1	7.329	7.3654	7.75255	7.7018	8.3871	8.294	
PLSCR3	8.0773	8.1391	7.9325	8.0954	9.7102	8.15235	
SUZ12	9.3732	9.35315	9.1597	9.2509	9.0044	9.505	
CSNK2A2	7.4768	6.3709	6.00355	7.4475	7.4018	6.9848	
H2AFV	6.1223	6.8863	7.05115	5.346	6.3967	6.90185	
NUSAP1	9.37075	9.31225	9.36455	9.3369	9.3607	9.5222	
TICAM1	5.7838	5.69695	6.17905	5.5545	6.6245	5.7682	
FAM69A	9.2878	8.53055	8.74765	8.0682	9.054	9.1162	
KIAA0100	8.43525	8.61905	8.33255	8.9324	8.3972	8.6373	
PAICS	7.7559	7.91045	7.84935	8.0195	6.4956	6.6807	
SRC	4.89605	4.68185	5.4902	5.3545	4.2396	3.9141	
BMP4	6.76425	6.7921	6.35625	7.6524	6.7387	7.80345	
CDK2	9.38005	9.14305	9.49265	9.0775	8.2134	8.68385	
EDN1	9.0882	8.67755	8.527	8.3806	9.193	9.493	
XPO7	7.5749	7.781	8.25925	7.6617	7.8665	7.534	
FAIM	8.4915	7.7565	7.51975	7.3979	8.7483	8.28565	
KIAA0494	7.83395	8.28435	8.20405	8.6139	8.9425	8.8337	
PXMP2	9.795	10.0196	9.8408	10.0629	9.8442	10.2688	
SQSTM1	12.1719	12.1794	12.2563	12.6277	13.403	12.8036	
HIF1A	13.1496	13.1077	12.8575	13.3559	12.8547	13.2773	
TIMM17B	11.4424	11.6048	11.6528	11.6791	11.6153	11.6208	
STXBP2	8.31365	7.93135	7.51135	7.3523	8.7882	7.4883	
WRB	8.19155	8.37615	8.2476	8.3678	7.4939	8.13375	
ETFB	10.661	10.8161	11.0075	10.9051	10.7823	10.6892	
MNAT1	8.5459	8.8924	8.63585	8.826	8.0406	8.25605	
CAMSAP2	10.0214	10.1229	9.9879	10.8022	10.4887	10.9251	
HPRT1	10.9487	11.1747	10.2981	10.9603	8.8318	10.1444	
ARNT2	10.6494	10.589	8.98845	10.1925	10.1582	11.5417	
RRS1	8.26905	8.09715	8.0162	7.8749	7.1574	7.27985	
ADAT1	7.43515	7.6049	7.3328	7.3035	7.5178	7.36155	
SPAG7	10.4808	10.3508	10.2793	10.379	10.9971	10.549	
MAPK1IP1L	9.965	9.60975	9.73895	9.3435	9.2159	9.2639	
SCAND1	11.4382	11.3367	11.3448	11.4567	11.7518	11.5543	
MFSD10	9.92085	9.59725	9.98645	9.7922	9.7065	10.3212	
MSH6	10.1453	10.0973	10.052	10.3172	9.6779	9.7971	
COPS7A	10.0168	9.97025	10.1665	9.6077	10.1593	9.95355	
UBE2C	11.2619	11.4306	11.1853	11.4698	11.12	11.16	
FIS1	10.0757	9.89465	10.2238	9.8015	10.0116	9.768	
HS2ST1	4.11015	4.85065	5.2425	4.8109	5.2892	5.4099	
NUDT9	8.2635	8.32695	8.3825	9.0765	8.9278	8.87435	
TXLNA	10.4992	10.1463	10.1486	10.4952	10.102	10.1093	
CSRP1	13.275	13.2404	13.132	13.1415	12.8253	12.997	
DNAJB1	10.865	10.573	10.4889	10.6393	10.2255	10.2788	
METRN	9.90395	10.1763	10.0534	9.731	8.6722	9.09535	
TOPBP1	8.6177	8.6248	8.3632	8.0234	9.1904	8.9359	
ABCF1	10.2453	9.8494	10.0991	9.7669	9.9106	9.68515	
TCTA	8.9094	8.68305	9.11345	8.5738	8.4936	8.9944	
LGMN	7.5297	7.44495	7.84055	7.492	7.7885	7.051	
TLK2	10.7588	10.6013	10.9781	10.5623	11.0229	10.6358	
KIAA1033	3.9945	3.4796	4.2011	3.8566	5.0343	8.25585	
PTGS2	8.3308	7.892	8.35475	8.114	8.2247	3.52495	
DNAJB6	10.3233	11.0703	10.0934	10.8962	10.9801	11.1954	
PLA2G4A	9.5703	9.59355	9.31875	9.4854	10.1887	10.4461	
MAT2A	11.5938	11.392	11.0012	11.3088	11.0543	11.6704	
TLR4	7.8648	4.12885	4.09125	4.5758	4.7467	4.22825	
HMGCS1	11.4052	11.1893	11.5065	11.4696	12.9738	12.1233	
MBTPS1	8.527	8.36785	8.875	8.9752	9.8409	9.02465	
SPRED2	9.18935	8.9944	9.30655	9.2441	9.2595	9.50675	
ZNF274	7.2202	7.2544	7.62065	7.1266	7.3517	7.08075	
CLIC4	11.1255	11.2089	11.0697	11.1361	11.1049	11.2129	
MAP7	8.83175	8.22485	8.49575	8.3911	8.2247	8.24705	
CHAC1	9.1553	9.4318	8.52365	8.7695	10.0859	9.82345	
EIF4G1	9.25555	9.2558	9.2315	9.138	9.1867	8.65715	
BTK	3.1829	3.43325	3.0007	4.0617	3.1516	3.61715	
GNAS	14.2747	14.1924	14.2556	14.2543	14.2926	13.9471	
MYL9	6.29595	5.35675	5.47835	5.7621	5.9455	7.56265	
TEX10	6.13605	8.1094	7.6413	7.8158	7.9591	6.7676	
PSMD2	12.0014	11.9869	11.8454	11.8162	11.583	11.8447	
ZNF586	6.0323	5.8557	6.48805	6.3446	7.125	7.0543	
CLTC	13.3376	13.3661	13.4354	13.559	13.155	12.9295	
IKZF1	4.65205	4.502	4.56085	4.411	4.8275	4.36845	
APBB2	7.68955	8.07875	7.32095	7.4301	7.9089	8.5	
HSD17B10	11.0485	10.8722	11.3302	10.7639	10.5049	10.1592	
RNF167	10.4731	10.5049	10.7197	10.327	10.8633	10.3989	
STX1A	8.00125	7.7097	8.0492	7.925	8.2913	8.00555	
ALDOA	11.7572	11.3727	10.9291	11.7916	11.0532	10.9164	
EPHA3	5.38105	5.064	5.2267	4.577	5.3666	5.8183	
STAT5B	3.47685	4.98945	4.77815	4.9848	6.5048	3.65405	
TXNDC9	8.0373	8.81145	8.058	8.5385	4.7403	8.22555	
CCNA2	9.6679	10.0086	10.1257	9.7938	8.7571	8.8544	
VGLL4	9.44815	9.37755	9.4287	9.4066	10.1762	10.1877	
CASP10	6.9398	6.19925	6.44745	5.9338	7.5439	8.58225	
SDHB	11.3365	11.4342	11.3521	11.3741	10.6699	11.0984	
ETS1	6.9546	7.0723	6.6725	7.33	9.2633	7.94635	
YTHDF1	9.4402	9.39575	9.1928	9.1747	8.3138	9.1942	
FOXO4	4.9287	5.7857	6.0393	6.6423	8.0724	7.07625	
LSM5	11.8609	11.9921	11.7157	12.0894	11.5381	11.694	
TOMM34	7.34555	7.77505	7.22625	8.0423	6.9046	7.4211	
ZMYM2	10.1553	10.3013	10.1775	10.5165	10.3388	10.2488	
CHMP6	4.1215	5.99605	4.7627	5.7509	4.9446	5.0458	
KIAA0907	8.5691	8.53045	8.5649	8.554	8.8193	8.97025	
CASP7	8.45715	7.7916	8.4924	8.813	7.7467	7.88225	
HK1	8.5458	8.2673	8.3776	8.4333	8.2863	7.69315	
PAPD7	10.7176	10.5285	9.793	10.4696	11.4166	11.4392	
PIGB	8.44195	8.43005	8.67765	8.2736	8.1791	8.6104	
CHEK2	7.5143	7.5955	7.58915	7.4165	7.0301	7.02525	
PLOD3	12.3019	12.0923	11.9827	11.9457	11.6076	11.6909	
ACD	8.43145	7.56865	7.73755	6.299	8.5952	8.5957	
TRAK2	7.2257	7.67695	7.86875	8.2603	7.5221	7.1935	
SUPV3L1	11.0583	10.9596	9.32065	10.3301	11.6492	11.9119	
VAPB	9.43755	9.62025	9.7564	9.7256	9.3309	9.361	
GPATCH8	6.2929	6.4522	6.7412	6.2542	7.061	6.52805	
HSPD1	10.7541	11.2333	10.6618	11.121	10.0785	10.2775	
BUB1B	9.556	9.5449	9.31605	9.1554	9.9848	9.8214	
TGFBR2	5.42725	5.738	5.1512	5.1353	5.409	5.516	
MRPL12	12.3487	12.2738	12.1522	12.252	11.1333	11.6159	
NOTCH1	8.77575	9.11905	9.0286	9.188	9.912	10.0801	
PNP	11.5574	11.8602	11.5086	11.5641	10.2522	10.8648	
SHC1	7.3046	7.37595	7.5431	7.1026	7.3841	8.27305	
ARPP19	10.5074	10.2891	10.7114	10.512	10.309	10.0821	
CEBPA	6.1804	6.59395	6.53635	5.8826	4.7961	5.3221	
PSMF1	8.52995	8.6637	8.51495	8.2425	9.1048	8.80005	
RTN2	10.537	10.5497	10.2742	9.7391	11.896	11.5259	
NPEPL1	10.5144	10.4642	10.6997	10.6119	10.7882	8.87945	
USP1	6.7823	7.0492	6.4666	6.6247	5.0719	5.71785	
RPA1	10.7512	10.7437	10.9034	10.7086	10.1718	10.2886	
SIRT3	5.95965	6.25315	6.08305	5.096	7.1905	6.19475	
KLHDC2	11.7484	11.5988	11.7058	11.7625	12.2929	11.7944	
UBQLN2	7.7347	7.5884	7.217	7.7018	7.6071	7.6193	
DMTF1	8.2118	6.6532	6.70115	8.2124	6.8284	7.0055	
SCARB1	9.1992	9.0709	9.2768	7.995	7.6298	8.37425	
CLPX	9.18985	9.14885	9.3884	9.1373	9.4807	9.2573	
TPM1	10.9133	10.8095	10.6068	11.1702	10.4505	10.5988	
TM9SF2	8.28265	8.4806	8.0152	8.1791	7.9867	7.6853	
TXNL4B	7.2858	7.71835	7.58205	8.0297	8.0379	7.8963	
ATF6	7.84935	8.31715	8.165	7.974	8.1311	8.2985	
PRR15L	7.0577	7.1476	7.01015	6.5728	6.5785	6.85445	
NUP88	11.0094	11.0101	11.2601	11.0358	10.7088	10.9124	
ST6GALNAC2	10.1596	9.50735	10.0737	10.2797	11.5043	10.1536	
ADH5	9.54775	9.8155	9.3947	10.0116	8.0257	9.46865	
FUT1	7.4683	6.862	7.368	6.7635	8.9093	7.50025	
GOLT1B	9.01565	9.37715	8.885	9.0069	8.5474	8.7244	
PRUNE	6.11475	6.7312	6.58315	6.7418	7.0568	5.99855	
PPOX	7.77255	8.31315	7.38785	7.7561	8.9872	9.26715	
SYPL1	12.4964	12.3769	12.5317	12.2989	12.2605	12.0736	
CANT1	11.6073	11.5452	11.6809	11.4436	11.6619	11.5956	
ZNF451	7.1031	7.2142	7.5223	7.0867	8.2124	7.47565	
HOMER2	9.62185	8.83975	9.16015	8.9947	8.5021	8.81395	
RALB	9.9858	10.083	10.1406	10.2236	9.2931	9.73435	
CLTB	11.4914	11.4468	11.4386	11.3289	11.1305	11.3104	
TRIM13	7.1177	7.25605	7.276	6.9124	8.3094	7.77565	
FBXO7	8.25215	7.85955	7.78555	7.9561	8.0035	7.5123	
PHKA1	6.8227	6.6635	7.2271	6.5323	6.7886	7.5449	
CYCS	9.93055	10.4463	9.69575	10.3738	8.9674	9.41	
PPARD	5.7608	5.8944	6.079	5.0561	6.8555	6.21045	
ENOSF1	5.8653	5.89665	5.8426	6.7711	6.6364	5.9706	
MAP4K4	6.0587	6.74555	6.83855	4.2903	6.1619	6.0424	
PAN2	3.7358	3.545	5.3757	6.8144	3.5737	5.1525	
STAT3	5.43405	5.54645	5.0986	5.1728	6.8103	5.1324	
LIG1	9.30575	9.46015	9.57745	9.4305	8.9821	9.05335	
PPIC	11.8686	11.6883	11.4237	11.6991	11.1913	11.2429	
EIF5	11.1471	11.2022	10.9613	10.9126	10.5023	10.9318	
GNB5	7.00895	6.85125	7.78375	6.8773	8.5202	7.6634	
GNAI1	7.1784	3.859	6.96595	4.3419	4.3822	4.48625	
INSIG1	11.0555	10.3013	10.5962	10.9321	11.862	11.6982	
DNMT3A	9.45185	8.84205	8.33655	8.635	8.7482	9.7988	
TM9SF3	8.2331	8.48075	8.524	8.817	8.9735	8.81505	
CCDC86	9.93255	10.1588	10.2625	9.2288	9.5613	9.79535	
HIST2H2BE	9.70105	9.52665	9.64545	10.0479	10.4817	10.33	
S100A4	5.94135	6.58555	6.20715	6.7156	6.615	6.1614	
SLC25A14	5.73325	5.37625	4.59105	4.0316	4.9446	5.1511	
KTN1	10.501	10.3013	10.296	10.5832	10.2695	9.98465	
TBXA2R	6.05435	5.898	5.7482	5.3896	5.7402	5.89545	
ARHGAP1	10.2618	10.3881	10.2113	10.3196	9.9639	10.3867	
FBXO11	5.9507	5.8105	5.65175	5.6226	5.7202	5.5379	
HERPUD1	7.5751	7.47515	7.59915	7.4917	8.4213	9.0179	
LPAR2	9.20225	8.827	8.76335	8.9278	8.7726	8.6624	
COASY	6.8257	6.62035	6.26895	7.0344	6.1532	6.0853	
RPL39L	4.97245	6.42145	4.3952	4.411	5.2278	4.46125	
BPHL	7.9837	7.48525	7.12765	6.8851	6.87	8.3335	
RASA1	7.9885	8.11705	7.9488	8.3925	8.1127	7.44805	
ATMIN	8.6578	8.8729	8.66765	9.0392	7.7377	8.29415	
MAPKAPK3	7.0059	6.684	6.1806	6.299	6.3967	6.3997	
CASP3	9.3433	9.1145	8.6373	8.7399	10.249	9.7729	
MBOAT7	11.9551	11.5296	11.906	11.7518	11.2311	11.8411	
PNKP	8.31545	8.13075	8.40595	8.1901	8.7882	8.49915	
PSME2	12.0708	12.014	12.0901	12.1168	11.8338	12.0198	
NISCH	7.7746	7.2278	7.68725	7.9207	8.3611	7.507	
SLC35A3	5.904	6.57505	6.6023	6.693	6.2418	6.21115	
CPSF4	10.3951	10.2194	10.5385	10.1193	10.1618	9.9736	
LSR	10.011	10.0205	10.018	9.2144	9.1974	9.6881	
COPB2	11.5377	11.4573	11.5995	11.4177	11.9397	11.267	
MEF2C	5.45795	5.57065	5.5823	5.0585	6.4237	5.96195	
GADD45A	9.43475	9.43705	9.30065	9.5921	9.8303	9.72945	
KDM5A	6.96275	6.7696	7.00185	6.7232	7.2531	7.4525	
FAM63A	8.6922	8.32065	8.16665	8.3479	9.7803	8.7053	
SMNDC1	8.87725	9.0416	8.785	8.9117	8.3678	8.86205	
NUDCD3	9.32115	8.5891	9.1584	9.1053	8.5057	8.4253	
RAB4A	8.1653	8.7065	7.9377	8.0422	7.9844	7.75385	
FGFR2	8.1732	6.98945	7.18875	7.2786	8.82	9.78375	
IFRD2	9.357	10.1955	10.2311	10.9031	7.4764	8.68785	
BACE2	8.8695	9.5054	7.6103	8.4833	7.456	7.7552	
HMGCR	9.2869	8.53025	9.0535	9.0995	10.289	9.36325	
LYN	5.5207	5.42745	5.26775	4.96	6.8607	4.96815	
SLC35B1	11.7894	11.8496	11.7611	11.6087	11.2341	11.0438	
ISOC1	11.3088	11.1056	10.9109	11.3527	10.5937	11.4711	
TIMP2	7.0316	7.0518	6.74125	7.0421	8.3006	8.30495	
DUSP3	7.28175	6.5069	6.12725	6.4457	4.8735	7.14255	
LSM6	6.6446	7.6551	7.19815	7.6159	6.3315	6.4158	
CALM3	6.5439	6.9712	6.7808	6.5168	7.4824	7.36905	
MOK	5.2172	5.3513	5.02805	4.2637	5.2664	5.85935	
PPP1R13B	7.58105	7.5688	7.2728	7.6307	8.2432	9.00475	
SACM1L	8.8904	8.42755	8.93375	8.2889	8.3006	8.0147	
DNAJB2	10.0005	9.51685	9.4887	9.2062	9.8034	9.1643	
TCERG1	9.64295	9.8398	9.8271	9.9514	9.0411	9.3524	
CERK	7.26965	7.07815	6.116	7.2413	7.7296	7.71625	
KIAA0196	10.3822	10.4279	9.92655	10.3908	10.5212	10.9331	
DNM1	6.28195	6.34575	6.68505	5.8183	6.9651	6.23305	
LAP3	11.6646	11.8187	11.3571	11.8036	11.3858	11.905	
DDIT4	10.1317	10.1143	10.3447	10.8212	11.6991	10.9222	
MAPKAPK5	8.6194	8.5031	8.6565	8.3479	8.2735	8.18635	
ALAS1	11.4538	11.5359	11.1113	10.9199	12.5856	12.348	
HDGFRP3	9.66815	9.6911	9.61265	9.525	9.2832	9.23075	
PAFAH1B1	9.8293	9.65795	9.47385	9.6397	10.5127	10.4295	
PRKCH	6.3874	5.9128	5.7564	5.7509	6.5236	5.82415	
PSRC1	10.5335	10.7421	10.4969	10.376	11.3104	10.7891	
RAB21	8.209	8.2098	7.97055	8.6549	8.9519	8.84235	
ERO1L	5.29695	5.53345	5.8543	5.4687	5.6217	6.92605	
PSIP1	8.19595	8.43185	8.2412	8.7389	8.3046	7.03555	
APOE	6.38525	4.20125	4.225	5.0216	4.3562	5.18155	
CREB1	6.9062	8.5186	8.17905	7.5308	7.5419	8.4361	
MBNL2	8.0421	7.82525	7.7332	7.4645	8.3543	7.8	
RBM15B	8.9883	8.48825	8.4388	8.7548	7.8267	7.95625	
PACSIN3	7.2971	7.6528	7.5173	6.8506	7.662	7.2911	
TOMM70A	9.71055	9.54985	9.90225	9.5415	10.1393	9.62505	
CBR1	8.95685	8.9987	9.18325	8.7953	8.9251	8.7621	
MTA1	10.9557	10.6191	10.9028	10.6513	11.1152	10.5567	
MACF1	8.91425	8.26105	8.44995	7.6385	7.9591	7.8202	
PRKCD	8.95085	8.8038	9.5404	8.6873	8.4993	8.2165	
CCNA1	6.31355	5.60795	5.4578	5.5702	6.0317	6.52815	
PIK3R4	7.38225	7.4197	7.6434	8.0133	7.6332	7.6138	
CSNK1E	9.0064	9.01105	8.9931	9.1631	9.4879	9.36525	
HIST1H2BK	12.3552	12.3716	12.6157	12.3758	12.1956	12.3565	
JUN	7.2177	7.07385	6.5619	6.7199	7.6459	7.7042	
PCCB	10.979	11.2928	11.3126	11.3954	10.6364	11.1369	
STAP2	7.70355	8.27185	8.2624	8.0008	8.3015	8.11785	
TMEM50A	8.5706	8.3116	8.6241	8.8784	8.9146	8.7576	
PMM2	11.3361	11.4555	11.4174	11.3274	10.7086	11.437	
SCCPDH	11.9825	11.7448	11.8232	12.0593	11.2095	11.3326	
HSD17B11	5.5124	5.651	5.3666	6.3929	7.5963	6.9445	
TSC22D3	10.1705	9.7671	10.2653	10.4459	10.8508	10.1918	
FBXL12	6.45925	6.58025	6.96975	7.0708	7.3597	7.1077	
TFAP2A	9.89955	9.7228	9.1757	10.2035	10.3976	10.4522	
WDR61	10.7202	10.5494	10.3196	10.7592	9.9108	9.7817	
ZNF395	9.45315	9.42655	8.88235	9.2832	9.3408	9.86995	
FAS	6.7648	4.2269	8.74175	4.6418	4.4603	3.9751	
VPS72	8.82275	9.2105	9.036	9.173	9.687	9.15205	
CENPE	6.6681	6.75595	7.5361	6.2542	6.8922	6.51005	
CLSTN1	8.7512	8.68715	8.83905	8.0423	8.6619	8.50465	
CREG1	10.6588	10.4478	11.1806	10.4272	10.4184	10.5686	
MAPK9	11.3474	11.1576	11.2554	11.0123	10.9083	11.1333	
PRR7	7.7699	8.0492	7.9222	8.9971	6.7009	8.19045	
SKP1	7.76795	8.60735	8.22505	8.625	7.5554	7.58365	
POP4	10.3953	10.5399	10.4778	10.2451	9.4736	9.81515	
TMEM110	5.87425	5.78345	6.1551	5.4947	5.7556	5.84175	
NFE2L2	9.08155	9.05635	8.941	8.283	9.1696	9.14405	
ZNF589	6.36055	6.92725	6.78815	6.4457	6.7886	6.92655	
BAX	9.11525	9.6155	10.252	10.0	10.7501	10.7025	
BLCAP	9.8294	9.49315	9.56015	9.3824	9.3073	9.43845	
CNDP2	10.1716	10.2863	10.2975	10.6237	10.1942	10.515	
FAM20B	7.95055	7.7872	8.2308	7.71	8.0168	7.7724	
PROS1	5.37835	2.7583	3.1248	3.7407	3.7321	3.24235	
TNIP1	5.9708	7.95105	8.06555	7.9051	8.7617	8.00945	
CRKL	10.3577	9.89205	10.4356	9.9602	9.4931	10.4085	
P4HTM	10.2154	9.67295	9.69985	10.6911	10.5941	9.578	
REEP5	10.249	9.90085	9.72955	10.4558	9.6487	9.2917	
ZNF318	6.0917	6.13665	5.80055	5.6913	6.7472	5.88285	
BZW2	11.3938	10.5018	10.5427	10.4105	9.5755	10.0644	
FDFT1	10.7295	11.1614	10.7201	11.3882	12.3952	12.0122	
CGRRF1	8.91915	9.15185	9.01375	9.3631	9.1142	9.61635	
TRAP1	10.5096	10.6469	10.7822	10.1007	9.5299	9.2764	
AMDHD2	8.7085	8.9132	8.9393	8.9426	9.4194	9.2048	
GTF2A2	10.9306	10.9019	10.9181	10.5968	9.8783	10.4497	
PEX11A	4.68965	5.1347	4.91665	5.4101	4.1011	5.51015	
PSMD9	10.2727	10.2632	10.5024	10.1465	10.4143	10.2142	
GFOD1	5.60015	5.18935	5.50245	4.8571	6.1667	5.35665	
MTFR1	9.57375	9.81145	9.5922	10.199	10.0451	10.5632	
PECR	6.5768	7.26605	6.76905	6.9587	7.053	7.1036	
UBE2A	11.2488	10.9049	11.3102	11.0474	10.8108	10.6059	
NIT1	10.0954	9.8249	9.4789	9.6321	10.3526	10.4501	
SOCS2	6.91195	6.6082	6.04105	6.4457	8.1519	6.96215	
SYNGR3	4.36325	6.40855	4.709	5.518	6.227	4.6558	
ZDHHC6	8.02195	7.8592	7.90185	7.9867	7.3062	6.76395	
ITGAE	9.94325	10.1449	9.8841	9.9002	9.3209	10.1437	
NFKB2	3.8051	3.6653	3.91485	4.6887	5.1704	4.47195	
STK25	11.1693	11.0275	11.0453	11.1982	10.9545	10.5379	
TMEM5	9.35975	9.7634	9.2946	9.5595	9.0797	9.90485	
ABCF3	9.906	9.5564	9.8498	9.9357	9.9746	9.65065	
ATP5S	8.353	8.593	8.31315	8.4969	8.9051	8.3199	
FCHO1	7.57125	6.66025	6.58815	6.115	7.1374	6.1152	
NGRN	5.7972	6.15085	5.53345	8.1181	6.2379	7.802	
HOXA5	7.0793	7.87345	7.45285	7.9972	7.2893	7.15135	
OXSR1	8.57785	8.2973	8.2817	8.4173	8.1311	7.92355	
GRN	11.2238	11.028	11.4636	11.4087	12.0743	11.4284	
SMARCC1	8.74255	8.95645	8.9324	9.3021	9.1631	9.3037	
NUP85	10.0238	10.1646	10.26	10.2894	9.47	9.9426	
PAK6	3.29495	3.65035	3.4517	4.4794	4.0541	3.86925	
GHR	7.01635	5.3806	4.5222	6.9912	4.0469	5.57565	
GTPBP8	5.314	7.525	7.87695	4.1649	8.048	7.1151	
GLOD4	9.6457	10.4575	10.1183	10.4576	10.356	9.93735	
PTK2	10.1349	9.669	9.4552	9.8783	9.6782	10.3025	
CDK4	11.9827	12.0876	11.7062	11.865	11.2538	11.4107	
EPN2	8.5384	8.3518	8.5481	8.4245	9.0627	9.82885	
CCDC90A	7.39825	7.2513	7.33135	8.0901	6.9334	7.7732	
IL4R	7.23525	7.48605	7.13845	7.0867	7.7963	7.35085	
KIAA0528	9.8841	9.81825	10.0007	10.0172	10.2153	10.2106	
PRKAG2	7.1922	6.76445	6.5906	6.2593	6.5054	6.3849	
KIT	4.57175	4.86505	4.42105	4.2197	4.1497	4.2422	
MRPS16	11.1462	11.4417	11.2464	11.5564	11.0525	11.1116	
PTPRC	8.08375	7.1604	7.2635	8.6749	8.6777	8.75335	
RPS5	6.59015	8.09415	6.478	7.5895	7.0903	6.81965	
NOL3	10.1838	9.83215	9.7912	9.6504	10.3189	10.5537	
PSMG1	10.7272	11.2647	10.7148	11.175	10.1869	10.1144	
NR1H2	8.0494	7.5168	7.82065	7.1925	8.6303	8.0362	
TMEM97	10.5192	10.3663	9.8746	10.3047	9.8801	9.69645	
LRRC41	11.438	11.207	10.0273	10.2809	11.394	11.7698	
PLS1	9.52255	9.8101	10.0364	10.1548	9.8042	9.72745	
DUSP22	7.2776	6.90455	7.1803	7.1945	7.2087	7.0348	
KIAA1279	7.42835	8.1153	7.90995	7.8743	7.6841	8.0067	
RPS6KA1	8.53015	8.56465	9.2987	8.4122	8.823	8.29585	
TCEAL4	11.6769	11.7965	11.7551	12.0381	12.1301	12.0145	
DCK	9.60805	8.99345	8.5008	9.3921	7.8541	8.2953	
NUP133	8.81455	9.18005	9.27275	8.573	8.9599	8.9735	
NUP62	9.594	9.67075	9.5304	9.4837	9.0373	8.8846	
TRIM2	7.5945	7.3686	7.3205	7.3119	7.9812	7.88265	
SNCA	10.6524	10.4858	11.0854	10.7689	11.243	11.3126	
SPTAN1	3.995	4.633	4.29295	4.8986	4.0617	4.2733	
MALT1	7.38	7.3117	7.24455	7.5843	8.0014	7.6382	
VPS28	8.29495	7.5646	7.4616	8.3513	7.2217	6.97275	
LRRC16A	5.7495	5.50235	5.5096	7.1026	6.0312	5.4307	
YKT6	8.94035	8.90385	8.92405	8.5962	8.8619	8.3032	
CHP	3.73285	4.46145	3.69205	4.73	4.2637	5.1065	
KIF2C	5.30935	5.53365	5.60175	5.7309	5.7768	5.2334	
NNT	7.96095	7.77515	7.86215	8.1343	7.4939	7.3144	
NR2F6	9.76825	9.64265	9.3458	9.2966	9.6294	10.2656	
COL1A1	6.4897	5.64925	5.0423	5.617	5.3484	5.3725	
EXOSC4	6.36195	6.0669	6.3096	4.7593	6.3391	5.4425	
CDC25A	6.73575	6.99445	6.82175	5.953	4.7661	5.59005	
PDLIM1	9.2502	9.21755	9.3854	9.2323	8.7766	8.8212	
CRELD2	7.3295	7.6383	7.1769	6.9643	7.2307	7.4599	
TP53	11.2063	11.1084	10.8948	11.1509	10.8746	10.8858	
IQGAP1	9.15535	9.2806	9.33175	9.3142	9.4621	9.42485	
RRP12	9.01425	8.58185	8.51855	8.3046	8.5371	8.2147	
ACAT2	8.02215	8.128	6.6347	8.4916	7.7652	8.14615	
EGR1	5.9112	5.5136	6.6754	5.9456	6.6078	5.67385	
MUC1	7.30885	6.63445	6.9879	6.8331	7.7041	6.82485	
THAP11	6.42	7.3437	7.80115	7.3176	6.7111	6.7044	
AURKB	10.3815	10.3654	9.89465	10.0846	10.661	10.5595	
CEBPD	7.1688	7.45995	6.5416	6.3422	7.7652	7.61465	
HSPA4	10.8146	10.5184	10.3647	10.5759	10.2608	10.6728	
MAST2	7.68725	7.4651	7.6777	7.5594	7.647	7.28895	
DHDDS	7.58795	7.4613	7.25295	7.5396	7.782	7.7122	
TOP2A	12.3451	11.9865	12.2732	12.0231	12.4542	11.7623	
GADD45B	6.57825	7.3449	6.3291	6.6806	5.8449	5.7162	
NCK2	6.253	6.25075	6.55035	7.0514	7.0708	6.61715	
AURKA	8.03045	8.58365	8.1705	8.2109	8.3094	8.09255	
KIAA0355	3.8524	5.71075	3.6	6.8372	4.9928	4.26	
B3GNT1	7.3167	7.5473	7.80355	8.2217	7.434	6.9758	
DYNLT3	7.42745	8.0644	8.27915	6.855	6.3262	7.54175	
CDK5R1	3.51845	3.99105	4.4828	5.0835	3.6392	4.0302	
CHMP4A	10.2633	10.4619	10.4048	10.4929	10.2124	10.1179	
IPO13	7.8366	7.58055	6.99555	6.5323	6.4028	8.18885	
SCP2	7.7368	7.8138	8.1021	7.7961	7.8981	7.26345	
ITFG1	6.37525	6.51505	6.5864	5.8021	6.0171	6.6351	
RAD9A	7.35475	7.4168	7.03865	7.436	7.2167	6.99065	
DRAP1	9.99445	9.87935	10.4991	9.6751	10.2331	9.43415	
SPP1	3.84305	3.95135	4.5662	4.5329	4.3545	3.74515	
HYOU1	9.895	9.2763	9.1969	8.9466	9.6651	9.7808	
PCMT1	10.576	10.8415	10.7486	10.745	10.5398	10.5635	
FOS	4.29505	4.61525	3.77705	3.7322	4.394	5.9085	
FYN	6.5983	4.76705	5.40385	6.1714	6.0035	4.70735	
MCOLN1	6.9615	5.23565	5.0197	4.5031	5.2776	4.96495	
MYC	10.3907	10.2838	10.3834	10.3624	10.3321	9.9289	
ID2	7.79525	6.9404	6.68075	5.7509	6.0899	6.3385	
POLB	7.87505	7.99835	7.97715	7.9346	7.5554	7.71	
CETN3	8.34175	8.5086	8.20655	8.8064	8.7918	8.6673	
KCNK1	8.1203	7.68995	8.04135	7.3182	7.9346	7.54235	
AXIN1	7.65215	7.64095	7.2436	7.2413	7.5162	7.43535	
SMC4	10.2608	10.303	10.2388	10.3845	9.1421	9.83035	
RAI14	7.702	7.87765	7.9916	7.4165	7.979	7.9797	
SMARCD2	11.7495	11.7136	12.0012	11.4956	11.1093	11.4798	
DNAJC15	10.0061	10.3364	9.77975	10.3099	9.399	9.93485	
MPZL1	7.7107	7.4247	7.40035	7.6746	7.1991	7.06955	
HOXA10	6.13905	5.8075	6.58315	5.9946	4.8881	5.8148	
NRAS	11.3507	11.6318	11.0935	11.7803	11.2153	11.3043	
CASP2	5.9898	6.1353	5.8649	6.1472	5.9807	6.1645	
EBNA1BP2	10.5967	10.8621	10.5335	10.8895	9.7034	10.5082	
CTNND1	7.3447	7.35345	6.34395	6.4843	9.4194	8.4089	
TATDN2	8.1413	6.83505	7.56905	7.0201	5.4554	6.35745	
LRPAP1	10.7319	10.5592	10.8312	10.731	10.608	10.3795	
ZNF131	8.88025	8.97935	8.9883	8.9025	9.2832	9.63305	
BNIP3L	7.621	7.386	7.8352	7.9849	8.555	7.36005	
HOOK2	7.37	7.37755	7.22135	7.4917	9.0062	8.5215	
ERBB2	9.4054	9.44695	9.76295	9.3498	10.6193	10.0888	
TBPL1	7.40075	7.69565	7.05925	7.5767	7.3668	7.2899	
INTS3	8.61535	8.68585	8.42295	8.9324	8.6873	8.4539	
RAE1	11.2985	11.4527	11.2671	11.2772	10.7721	11.161	
CDK1	10.5469	10.5357	10.4923	10.4235	10.0152	10.1852	
RFNG	8.84115	8.60255	8.69315	8.6814	9.5345	9.32515	
MICALL1	7.6409	6.1501	5.49805	4.9928	5.0632	4.98685	
SLC35A1	9.83415	10.0023	10.0479	10.1505	10.0871	10.1779	
KLHL21	4.306	4.70055	4.5763	4.4668	4.5448	3.9993	
NIPSNAP1	9.61875	10.0931	10.2034	9.6215	9.6139	9.5868	
BCL7B	6.57695	6.8059	6.76965	6.8628	7.0598	6.81095	
TLE1	10.9898	10.2446	11.1406	10.9743	11.5866	10.9851	
FZD7	6.8505	6.7333	6.5571	6.3993	6.7827	6.4513	
TIMELESS	10.4809	10.5146	10.4608	10.1667	9.9244	10.3181	
COG2	8.29325	7.78725	7.80415	8.3882	8.4339	7.8197	
DHX29	7.35325	7.70965	7.76095	7.1817	7.434	7.53965	
MMP2	8.02875	8.4753	6.98375	7.9023	8.4705	9.09575	
MRPS2	10.9001	10.8841	10.8651	10.439	9.4979	10.3419	
KCTD5	7.9647	7.76545	8.0431	7.7861	7.0721	6.91785	
TCEA2	10.2281	10.0912	10.3185	9.9598	10.6708	10.5352	
CNPY3	7.35005	7.6504	7.78015	7.5308	7.2389	7.7974	
FHL2	8.317	8.32885	8.72675	8.4438	7.9436	8.21825	
ADAM10	8.1218	8.1412	8.68975	7.87	8.4936	8.38055	
FKBP4	12.7593	12.819	12.8716	12.127	12.0871	13.01	
CD58	10.1117	10.2974	10.1775	10.0588	8.6543	9.67845	
KAT6A	7.2147	6.84145	7.0256	6.8331	7.4215	7.14765	
CDK7	11.3473	11.0408	11.37	10.8748	11.175	10.8244	
KIF5C	4.8823	4.5991	5.04535	4.8571	5.6117	4.97525	
HMG20B	11.3134	11.3738	11.538	11.198	11.6324	11.6131	
MAP3K4	4.4991	4.84145	5.91815	4.9177	4.0469	4.79515	
PIN1	10.4787	10.7245	11.2396	10.5029	10.601	10.7158	
ZFP36	11.0768	10.7726	10.8181	11.0525	11.5259	10.8018	
INPP1	4.9109	5.48475	5.7932	5.8183	6.071	5.849	
LAGE3	7.47405	8.12815	7.9121	7.7901	7.8354	7.11885	
RAC2	3.5647	3.83695	3.4704	4.2851	4.2184	3.5958	
TNFRSF21	9.98185	9.6432	9.8905	7.1639	10.4419	10.282	
HMOX1	6.7296	6.266	6.6938	6.4276	8.162	7.68295	
KIF14	5.88245	7.36185	5.2147	6.0257	6.6592	6.16925	
COL4A1	6.49015	6.6425	5.0937	5.6632	6.5164	6.62285	
DUSP6	4.92545	4.94525	7.07405	7.7259	6.6431	6.82765	
CYB561	11.6506	11.3497	11.6387	11.7025	11.3274	10.9345	
EPB41L2	8.79425	8.43975	8.34155	8.245	8.1845	7.878	
GNAI2	7.5602	7.54235	7.6739	7.4328	7.413	7.5137	
HTRA1	7.2966	6.5073	5.55125	6.9239	6.3262	7.2838	
TSTA3	7.0239	7.56895	7.2579	7.5536	7.9173	7.3001	
WASF3	5.54895	5.7324	5.28065	6.1808	6.119	5.1205	
DNMT1	12.2197	11.7515	11.8854	11.6045	11.4345	11.6596	
TSPAN6	8.6315	8.4664	8.79565	8.2247	8.431	8.0873	
FBXO21	10.7926	10.5931	9.70265	10.9105	10.4824	11.3551	
RAB27A	7.4576	7.14405	6.8796	6.9912	7.4824	6.9796	
DDR1	8.7964	8.96475	9.21785	9.0328	10.0495	9.29375	
PPP2R3C	8.675	8.3325	8.35705	8.1359	7.8049	8.31355	
ADRB2	3.52235	5.64655	7.78865	7.5895	4.1201	7.14235	
LPGAT1	7.7707	7.63765	7.812	7.8844	7.4341	8.11495	
DUSP11	9.70075	9.51745	9.29785	9.5222	9.3773	10.2092	
GRB10	5.3955	4.89265	4.94505	5.29	5.12	4.96345	
MMP1	7.7883	5.0819	4.94645	4.9627	5.6608	5.7715	
TP53BP2	10.1955	9.8775	9.5597	9.7612	10.1405	9.80325	
CDKN1A	11.535	11.3777	11.3687	12.3232	11.9668	12.2073	
ZW10	7.33165	7.14735	7.1476	7.2413	7.4184	7.4338	
CORO1A	6.99415	7.7245	6.9554	6.5742	7.3155	7.5788	
TJP1	7.81575	7.5789	7.72465	7.1173	8.1258	7.40545	
ABCB6	9.62355	9.4484	9.40575	9.2717	9.1179	9.0721	
XPNPEP1	6.34325	6.5914	6.2115	6.3446	6.3446	6.1745	
MAMLD1	4.7723	4.8575	4.7569	5.195	4.6375	4.64645	
MTHFD2	11.6636	11.7255	11.6684	11.9033	11.6197	11.3869	
DSG2	8.2562	7.65085	7.41905	7.7901	6.8957	7.52415	
PRAF2	8.5735	8.31985	8.57605	8.7818	9.0472	8.7029	
DNTTIP2	9.83535	10.0883	10.1622	9.8249	9.0879	9.2585	
SLC27A3	10.0098	9.36525	9.35495	9.1214	9.9165	10.1547	
CD97	7.08395	6.8586	6.93205	6.3564	7.4004	6.74825	
HTATSF1	11.9035	11.8689	11.753	11.8476	12.0514	12.1097	
IL13RA1	7.6903	8.5427	7.47085	7.711	7.9812	8.43875	
NCAPD2	8.8193	8.756	8.7065	8.7259	8.9251	9.1746	
AGL	5.2954	5.74665	6.00395	5.625	5.8449	5.77685	
TMEM109	9.86205	9.6613	9.7679	9.4898	9.0472	9.3994	
CDC25B	12.0932	12.1241	12.0916	12.17	12.4739	11.9399	
ICAM1	4.65275	4.31455	4.93165	5.1222	5.4501	4.93105	
GATA3	11.1491	10.9587	11.2938	11.2341	11.9531	11.2919	
NUP93	7.26135	7.9665	7.1036	7.8844	7.322	7.3068	
PLA2G15	7.28275	7.4182	7.7803	7.3777	7.573	7.27915	
RPA3	9.3574	9.5221	9.0382	9.4066	6.354	8.8137	
PIP4K2B	3.9855	5.63705	5.48395	5.2971	5.3933	4.8123	
TES	11.0466	11.0599	10.3105	10.7016	10.93	11.5378	
MYCBP2	6.39735	5.89255	6.0797	6.0948	6.9651	6.63005	
SPR	10.1292	9.732	10.0161	9.8848	9.8084	9.9822	
PGRMC1	12.1407	11.9775	12.0142	11.9342	11.5453	11.6148	
RELB	6.61255	6.11285	6.06065	6.204	6.6592	6.78865	
AARS	11.4086	11.4848	11.4694	11.3435	11.753	10.978	
EPHB2	5.041	4.4866	4.52005	4.2559	4.6375	4.85215	
GPC1	7.51745	7.45705	7.3102	6.9912	7.6825	7.65525	
RPIA	10.736	10.521	10.574	10.5165	9.83	10.1927	
ELAC2	11.0566	11.1653	10.9359	10.6316	11.1459	11.3326	
GPR56	10.8311	10.1896	10.3835	10.0114	10.2035	10.4564	
NVL	9.2269	8.95435	9.0775	8.2026	9.9393	9.42565	
PLSCR1	6.6265	6.8573	6.48935	7.0867	6.2039	7.0627	
CHEK1	8.1817	8.47745	8.24165	8.4184	7.8606	9.0366	
CTSL1	12.1402	11.9848	12.3117	12.4739	12.7219	12.3611	
CTSD	12.7873	12.7303	12.8966	12.8999	12.5064	12.8698	
ME2	6.13215	6.75515	6.92085	6.7509	5.7556	6.1518	
ARHGEF2	5.2374	5.59265	5.86605	5.44	5.0283	5.7358	
PDGFA	9.4706	9.52565	9.3268	9.1048	9.173	8.2945	
ILK	8.6438	8.49925	8.6959	9.1218	8.8822	8.8874	
WDR67	8.52505	8.2454	8.163	8.2042	8.3264	7.94695	
NFIL3	8.18015	7.62485	7.726	8.1485	8.3773	7.7457	
RFC2	8.82015	8.95065	8.64995	7.1358	7.1412	7.7804	
ARL4C	7.1428	7.24655	6.2083	6.9261	7.8878	7.99475	
TIMM9	12.5203	12.3298	12.5252	12.3599	11.932	12.0455	
CPNE3	12.6376	12.4201	12.2715	12.5612	12.2298	12.4167	
ORC1	9.4061	9.27505	9.216	9.0169	9.1766	9.85285	
C5	6.1486	5.8509	5.8645	5.8537	6.7706	6.15615	
PARP2	8.52955	8.6969	8.19765	8.6002	8.3422	8.2145	
FASTKD5	7.9876	8.275	8.6429	8.2488	7.716	7.8463	
SCRN1	9.6154	9.6384	9.56545	9.7202	9.5811	9.782	
MAN2B1	7.9646	7.78715	8.2379	7.9346	7.1954	7.79425	
PTPLAD1	10.1724	10.2144	10.0438	9.5649	9.6213	10.2462	
MSRA	7.57945	7.5654	7.22905	6.9772	6.6038	7.3793	
NFKBIA	11.2631	10.1184	10.8352	11.1104	12.1844	10.8242	
DCTD	7.1617	7.4447	7.27465	7.5456	7.6723	7.42615	
SYNE2	7.12145	6.34195	7.2499	6.3993	6.495	6.1926	
MBNL1	8.6202	8.78115	8.373	9.1555	8.245	8.64815	
UBE3C	10.7083	10.4634	10.6348	10.3821	10.1434	10.0725	
CCDC92	7.54045	7.5347	7.27745	7.4018	7.8371	7.4544	
MYCBP	10.6968	10.8077	10.8323	10.9289	9.0738	10.2579	
CXCL2	5.1085	4.9358	5.07845	4.4668	5.2049	4.5577	
PTPN1	10.3792	9.95635	9.87975	10.5023	10.363	10.5825	
BRP44	10.9895	11.0849	10.8806	11.0951	10.5905	10.7634	
TIMM22	7.87875	7.7541	7.65945	7.9015	7.782	7.86765	
ATF5	9.6144	9.4087	9.0712	9.8503	9.1555	9.29045	
ECD	8.0641	8.2918	9.13505	8.2027	8.1939	7.97115	
CIRBP	9.4902	9.93755	9.23745	10.2958	9.1824	9.80115	
NSDHL	9.65565	9.56905	9.8688	10.1225	10.5824	10.6983	
ADI1	8.01295	8.18105	5.7484	8.2736	8.048	8.10275	
NFKBIE	5.77785	5.7681	7.14285	5.5782	7.0049	6.4125	
ADCK3	3.82	4.15985	4.62965	5.3951	6.1239	4.57885	
PRSS23	12.622	12.4414	12.4583	12.2905	11.7223	11.8902	
CCNH	7.67445	8.2881	7.6803	8.245	8.3439	8.1822	
GDPD5	6.42435	6.3029	6.2075	5.8614	6.085	6.5332	
P4HA2	7.0766	6.93415	7.1482	7.71	6.6364	6.1078	
TARBP1	8.30695	7.9567	8.37455	6.548	8.6203	7.8592	
ATP6V0B	7.59625	7.6985	7.09265	7.8423	7.6071	7.4528	
RBKS	6.3173	6.506	5.73535	5.7586	5.3979	6.0458	
CAPN1	7.9381	8.0153	7.97185	7.84	8.7183	8.02005	
KDM3A	7.65145	7.0413	6.98645	6.5862	7.7797	6.91945	
BID	6.78205	7.02765	7.111	8.0541	7.782	7.2348	
STXBP1	6.28455	6.5237	5.899	6.247	5.7837	5.7122	
ITGB5	10.8404	10.5577	10.9866	11.0825	10.7598	10.6716	
MTF2	7.92805	7.97635	7.5571	8.0849	7.7316	8.2992	
HLA-DRA	4.93255	4.7032	4.5311	6.9472	6.8284	5.15045	
SLC11A2	7.85375	7.37285	7.69775	6.9574	7.1142	7.73605	
PDIA5	4.27905	5.7166	5.9909	5.9531	5.9969	4.8583	
PIK3C2B	8.23435	7.4706	7.84815	7.4838	7.8737	8.14285	
RAP1GAP	7.71025	7.923	8.4598	8.8418	10.7002	9.02055	
SLC25A46	9.2166	9.14705	9.23095	9.4131	8.934	8.807	
CDK19	8.47255	8.25225	8.32735	8.224	8.8304	8.80225	
NOLC1	9.133	9.23635	9.0996	9.0605	8.5976	8.4771	
CAT	9.3397	9.2837	9.19695	9.5415	9.5599	9.7529	
KIAA0753	7.53855	6.9005	7.3194	7.2354	7.8049	7.9872	
DUSP14	7.6086	7.81925	7.5379	7.9027	6.88	6.7276	
KAT6B	6.61055	7.0206	7.7782	6.3422	8.7173	8.0561	
CHN1	3.26725	5.20775	3.09635	4.2055	4.1624	6.20305	
HMGA2	5.26015	4.81045	4.9864	5.7402	4.8495	3.8872	
IGFBP3	6.4286	6.2741	6.29605	5.409	6.7999	6.25975	
MAPK13	5.0186	5.3854	4.4657	7.2144	6.0739	6.9582	
TRIB1	8.4741	7.8155	8.00075	8.234	8.4351	8.5773	
UFM1	9.1251	9.77605	9.5605	10.0999	9.2832	9.562	
GNA15	6.6853	6.3278	5.9315	5.1618	6.8957	6.67125	
TP53BP1	8.155	7.9111	7.70635	7.5868	8.0747	7.73305	
FRS2	8.3181	8.51275	7.73445	8.4636	9.4303	8.501	
IARS2	10.9398	11.3269	10.8748	11.3693	10.4059	10.6242	
BECN1	8.86925	8.6853	8.714	8.4213	8.8418	8.8042	
GATA2	7.84465	7.8687	7.9696	7.1026	7.8833	7.7428	
KDELR2	8.1461	7.94385	8.1044	7.808	7.5014	6.9764	
RALGDS	9.60935	9.45055	9.63785	8.7389	9.8034	9.5342	
ELAVL1	6.891	7.3515	7.75515	6.7889	7.1991	6.85115	
NRIP1	11.6139	11.3363	11.3624	11.5755	11.2615	11.1434	
CCNB2	11.7775	11.7912	11.8698	11.7767	10.6193	11.6467	
IFNAR1	8.0987	8.7735	8.0483	7.415	9.3907	8.74905	
MIF	14.1023	14.3593	14.2782	14.426	14.3401	14.3461	
RNPS1	13.4502	13.3844	13.4217	13.2366	13.1415	12.9863	
DAG1	6.99575	6.9519	7.51015	6.8604	6.7447	6.17875	
SATB1	4.8272	4.5688	6.02135	3.9371	4.1927	3.99795	
ARID4B	8.1685	7.9656	8.2945	7.7389	8.1791	8.086	
IGF2BP2	4.6583	5.0787	3.5116	2.8761	3.804	4.61845	
GSTZ1	11.1058	10.8025	10.7577	11.411	11.5984	11.3743	
IGF2R	9.0817	8.58615	9.05325	8.3168	9.1148	9.2327	
SESN1	7.9072	8.0243	7.89245	9.0898	8.883	8.579	
TIPARP	7.8542	7.94595	8.10685	7.9561	8.8908	8.5094	
CRTAP	7.0785	7.33455	6.96795	7.5625	8.1446	6.7016	
SPEN	8.9273	8.3476	8.15755	6.971	8.5359	8.31005	
GMNN	11.5744	11.6737	11.4957	11.6341	10.4929	11.128	
PFKL	9.8473	9.8927	9.78895	9.5806	9.6173	9.4215	
CYTH1	5.47605	6.22525	5.81735	6.5974	6.6764	5.68185	
PDHX	9.13275	8.9761	9.38365	9.0169	8.5806	8.646	
DENND2D	8.31215	8.67945	8.62135	5.7491	8.8062	8.8437	
PRCP	6.26615	6.7888	6.8083	8.4333	6.1734	6.5391	
CTTN	8.26155	7.402	8.15985	7.7225	7.0864	8.0376	
SMARCA4	8.34025	8.3365	8.6744	8.4896	8.3793	8.0495	
PYGL	8.58505	8.3639	8.64905	8.4372	9.6405	8.42365	
UBR7	9.7357	10.2996	9.23005	10.2052	8.8912	9.41705	
GRB7	9.31545	9.22525	9.09595	9.0108	9.9852	10.667	
RPA2	9.1861	9.64275	9.46385	8.9765	8.554	8.75525	
CD44	8.94665	8.4007	9.50715	8.7364	9.8151	9.88095	
ERBB3	9.2073	9.26985	8.842	9.6812	10.5553	9.7348	
GTF2E2	9.74095	9.70805	9.65955	9.7463	9.8801	9.44415	
VAV3	6.56405	6.96065	7.79775	9.2886	7.3979	6.9485	
ABHD6	5.5582	5.93205	6.1507	5.5252	6.0899	6.46635	
ANXA7	9.14715	9.32135	9.0643	9.5692	8.018	8.6594	
MAPKAPK2	11.097	10.49	10.998	10.6463	10.6963	10.2839	
TXNRD1	11.3457	11.4445	11.6609	11.4815	11.5127	11.1648	
CAB39	5.9015	6.0599	7.23965	7.6701	6.5511	6.5936	
FZD1	7.33895	6.8024	5.63835	6.3236	7.3338	7.43115	
CRYZ	8.07955	8.18835	8.07615	8.2603	7.893	7.99845	
TIAM1	6.92205	6.32675	6.7768	6.8372	6.7574	6.77535	
DNM1L	10.2128	10.1063	10.0526	9.9539	9.2978	9.32955	
GAA	7.79155	7.2582	7.9615	7.9771	8.1116	7.6036	
DERA	9.57215	9.56265	9.76085	8.5169	8.7525	9.7076	
SKIV2L	8.82785	8.5621	8.4834	9.2702	9.5456	8.46945	
BLMH	5.90015	6.2169	5.84715	5.6714	4.6823	4.7867	
PTPRK	10.632	10.5909	10.3464	10.4796	10.8366	11.0961	
HERC6	4.7834	5.79545	7.03555	5.7798	6.0312	6.36515	
RRP1B	9.0367	8.49525	8.6004	8.7259	8.2402	8.1002	
MKNK1	10.2227	8.788	9.94905	9.3075	10.202	10.0765	
TSPAN3	7.3959	7.00925	7.3129	7.4463	6.4276	5.9788	
ACOT9	8.06595	8.0103	8.8177	8.0379	8.2172	8.9319	
PIK3R3	8.2665	9.0155	8.3137	8.9637	8.5976	8.39685	
KEAP1	11.1692	10.7145	10.6874	10.474	11.2222	10.4298	
ST3GAL5	6.9574	6.93445	6.29935	6.2542	5.9492	5.93035	
CTNNAL1	8.14615	7.89645	7.20635	7.5554	6.247	7.7376	
TFDP1	9.1034	9.3898	8.6745	9.1814	8.5281	8.94435	
ABHD4	7.72015	7.27385	7.95415	8.0998	7.9591	7.8849	
SMC3	8.5551	8.2726	8.1683	7.141	8.9805	8.99555	
INPP4B	8.1672	8.9356	8.279	9.1493	9.7173	8.15165	
LBR	7.8517	7.0401	8.6175	7.2703	6.7232	7.87255	
PPIE	10.4782	10.312	10.3305	10.5138	10.2027	10.175	
ZMIZ1	10.216	10.4629	10.7341	10.7427	9.7206	10.0064	
PPARG	6.84905	6.25665	6.53865	7.6891	5.749	6.50045	
TERF2IP	11.841	11.7041	11.8603	11.7679	12.0075	11.6836	
BNIP3	9.9358	9.91855	10.2822	9.8405	9.9546	9.5422	
RPP38	7.65685	7.99995	7.7868	7.777	7.5652	7.83935	
BCL2	5.057	5.7074	6.21585	5.6913	6.3279	5.40665	
CAST	9.717	9.0807	9.84905	10.2501	10.5286	10.2768	
BAG3	12.4657	12.3508	12.326	12.7678	11.6867	12.6554	
RBM6	8.70555	8.2532	8.8398	8.2779	9.0328	8.54205	
CSK	10.1079	9.7583	10.2097	9.6751	9.5511	9.26095	
GNA11	8.9755	8.8729	8.7626	8.4301	8.2506	8.4198	
ALDOC	5.64455	6.23865	6.60305	7.2279	7.0291	6.95405	
TOR1A	9.032	8.5868	8.9561	6.9079	8.1908	8.8363	
SLC25A13	10.0019	9.47175	9.84975	9.6848	9.5914	9.56125	
UBE2L6	6.73825	7.3607	6.466	6.1282	7.0049	7.17975	
SYK	6.14545	6.07445	7.1219	6.075	7.7041	7.0509	
TSPAN4	8.58705	8.51125	7.2312	8.4824	7.2545	8.2367	
NR3C1	4.83755	4.1137	4.7576	4.7593	4.6686	5.0647	
PCBD1	12.058	12.0628	12.0274	12.1433	12.1876	12.0054	
ICMT	9.1329	8.94825	8.9876	8.4589	8.0747	8.57505	
TRIB3	11.8599	11.6219	11.7605	11.5465	12.5157	12.0345	
EIF4EBP1	8.39895	8.9688	8.5029	8.623	8.3773	8.5586	
PHF15	8.27795	7.4996	7.48765	7.2679	7.5071	6.9911	
CXCR4	6.78865	6.9337	7.03555	6.3038	8.2817	7.47	
GNPDA1	8.8071	8.90925	9.028	9.138	9.6917	9.3421	
CCND3	8.20155	8.1419	8.1031	7.8246	7.206	7.3455	
FKBP14	6.1953	4.4247	6.2293	5.317	4.6511	3.687	
CIAPIN1	8.3452	8.5479	8.2548	8.7183	8.991	8.8172	
NUCB2	10.365	10.1357	10.6549	10.8161	11.8498	11.0986	
COG7	8.2403	8.33255	9.41505	9.2441	9.6572	9.54305	
RSU1	9.11615	9.0872	8.71435	8.5145	9.2372	8.64975	
PTPN6	7.56255	7.5603	7.787	7.5145	7.5825	7.53985	
TUBB6	9.73685	9.64325	10.0024	9.7391	8.7337	9.2671	
ABL1	7.91015	8.3567	8.3285	7.6723	8.5998	8.52745	
DUSP4	8.60365	8.63065	8.7629	8.9637	9.411	9.12975	
CCNF	8.64945	8.0333	8.14265	7.8937	7.6281	7.8648	
PTPN12	8.94675	9.1524	9.0529	9.252	9.0989	9.1755	
HSPA1A	11.4259	12.0919	11.8648	12.7219	12.5062	12.1683	
PCK2	10.3197	10.3676	10.134	10.0315	10.0615	9.9464	
FAM57A	8.8518	7.92405	7.75545	7.4165	6.8957	7.44705	
RB1	8.1631	8.5326	8.5591	8.5281	8.8677	8.7731	
EVL	10.0595	9.41165	10.6961	10.3308	10.9494	10.8743	
GFPT1	7.4799	7.81455	7.42605	8.0162	7.8267	7.42205	
BLVRA	10.5889	10.2269	10.9353	10.543	10.474	10.4597	
GPER	7.79025	7.0999	7.28295	6.9389	6.7602	7.09125	
EAPP	8.33305	8.34125	8.30855	8.5238	8.4451	8.46375	
S100A13	13.1287	13.1497	13.1919	13.319	13.1926	13.2835	
EXT1	9.94405	11.0247	9.0687	10.4203	11.0203	11.271	
MYBL2	9.35795	9.66425	9.28265	8.8636	7.8478	9.0171	
POLE2	7.6487	8.04515	8.55715	7.1571	5.8849	6.54785	
STX4	10.2528	10.1961	10.3592	10.1301	10.3744	10.1759	
PLCB3	9.61195	9.52235	9.79125	9.3747	9.6892	9.51305	
TMCO1	11.3098	11.3859	11.3056	11.1839	10.8985	10.8361	
C2CD2	4.63475	6.03095	4.9154	5.2538	5.2049	4.69345	
PARP1	10.0237	9.8978	9.7553	9.8897	9.5842	9.895	
ANKRD10	6.52125	6.3022	6.4129	5.6409	5.9391	6.3546	
CCDC85B	8.3112	8.46875	8.5197	8.0423	8.1127	8.1089	
DDB2	8.8862	9.0251	9.2993	9.4578	9.3309	9.6487	
DDX10	7.46695	7.24095	7.7321	7.3669	6.3779	7.50095	
BAMBI	10.7871	10.9595	10.8601	10.9289	10.8843	11.0101	
CEP57	7.44795	7.1685	6.91765	7.0563	7.8438	8.1736	
HADH	9.52805	9.39535	9.8642	9.9907	9.4898	9.86285	
RAB31	9.4518	9.77595	9.38905	9.5901	8.6622	9.35285	
ABCC5	5.1323	5.34385	5.1856	5.4832	6.0551	5.93445	
GLRX	6.6988	7.1175	6.69745	7.3004	7.8276	7.1087	
MVP	8.78665	8.13365	8.89625	9.1234	9.6373	9.05945	
RFC5	8.68815	9.0344	8.95485	8.2957	7.9591	8.5932	
HES1	9.03035	9.56645	9.56185	9.6373	10.476	9.6844	
STMN1	9.1012	9.0895	9.0874	9.0261	8.6259	9.00645	
GALE	8.70395	8.7749	8.863	8.7548	7.7743	7.8867	
KLHL9	6.85885	6.9759	7.26625	6.3718	7.1565	6.6431	
PTPRF	8.8204	8.51655	8.5203	8.9368	9.0558	9.26045	
UBE2J1	8.0888	8.3613	8.18875	7.5193	9.5222	8.6379	
PGM1	6.45825	6.11795	7.02755	5.8745	6.3315	5.3808	
SLC37A4	6.56985	6.44045	5.1113	7.5995	5.9592	7.2707	
LOXL1	10.4152	9.86945	10.188	10.0853	7.5819	9.4212	
PLK1	9.4896	9.58955	9.6256	9.291	10.0927	8.9457	
MYO10	7.28175	6.6307	6.44495	6.5511	7.6543	6.9504	
NPRL2	6.15765	7.2939	7.8234	7.5193	6.7886	6.249	
LIPA	9.4664	9.87185	9.5449	9.8685	8.5142	9.8677	
PWP1	9.1737	9.9545	10.267	9.0478	9.7698	9.4493	
PHGDH	6.94965	7.3462	7.7525	7.2703	6.7244	6.80535	
PLEKHM1	9.62515	9.7062	8.08285	9.4501	10.7713	11.5994	
ST7	6.6805	6.4615	6.2997	5.953	5.569	5.4005	
VAT1	6.94865	8.39515	8.41155	8.9398	9.3882	9.0759	
IKBKB	4.5708	5.1065	5.23975	5.4926	4.577	5.06235	
KIF20A	9.8379	9.96585	10.3553	10.1527	10.0267	9.936	
CDH3	7.9486	7.98325	8.36945	8.1025	8.4929	8.1809	
PCM1	5.4221	6.70525	6.5688	7.3165	7.4502	6.8926	
IER3	10.2421	10.3499	11.118	10.8091	11.6924	10.8088	
SSBP2	6.4439	6.75365	6.47415	6.1782	6.6592	6.5629	
FAT1	5.76925	6.604	6.99105	5.6482	7.1373	6.4423	
SNX11	7.5938	6.59325	6.16475	7.4594	6.1844	5.96145	
RNMT	7.24105	7.5318	7.84615	8.689	8.1905	7.62765	
SFN	9.84295	9.7244	10.077	9.5068	9.5009	9.2634	
EGFR	5.59675	4.84415	5.4678	4.882	7.2944	4.41615	
RFX5	3.70965	7.01965	5.6981	7.5554	5.2278	7.43305	
NET1	10.86	10.4934	10.207	11.2401	10.608	10.8767	
PKIG	7.766	8.165	8.7206	7.3979	8.1998	8.263	
DECR1	10.1989	10.6927	10.2962	10.8399	10.5564	10.7041	
FSD1	7.84475	8.0245	7.6332	7.4645	7.5816	8.1079	
ATP6V1D	10.3137	10.1945	10.3953	10.0935	9.9252	10.1141	
CDK6	4.4029	4.09525	4.30295	5.046	3.7843	4.27355	
CDC45	9.0264	8.7855	9.30515	7.6925	7.3101	8.64615	
NPC1	7.769	8.8051	8.25525	8.6749	9.0884	8.45275	
EDEM1	9.0572	9.06075	8.9512	8.9823	8.9972	8.9086	
MEST	12.5676	12.467	12.2031	12.1062	12.8067	12.7643	
MYLK	6.8413	4.2138	3.7654	3.5939	4.4196	4.1158	
PAFAH1B3	10.0567	10.4133	10.6966	10.142	9.7687	9.96045	
CALU	9.91435	9.4928	9.8672	9.5921	9.7034	9.38115	
USP6NL	6.9623	7.0386	7.4576	7.5126	7.5943	7.3725	
LGALS8	9.46815	9.25885	9.6251	9.1683	10.2255	9.97695	
NT5DC2	10.1763	9.7183	9.4712	9.342	9.4466	9.10395	
CCP110	7.3257	7.3184	7.31335	7.1113	6.8115	7.52095	
LRP10	11.1196	10.9113	11.3464	10.6291	10.6416	10.908	
ATP1B1	11.8953	11.5003	11.6658	11.2767	11.011	10.9778	
STK10	6.1847	6.35915	5.6529	6.204	6.5805	6.8961	
OXCT1	7.40145	7.3484	7.2653	7.0474	6.9842	7.89825	
UGDH	12.8083	10.6915	12.4573	12.232	11.4493	12.0383	
SLC25A4	9.51125	9.12295	9.3924	9.0682	8.9994	8.76575	
SQRDL	6.0403	6.06015	6.1828	6.0587	6.4647	6.3167	
HEBP1	7.73705	8.0309	8.99375	8.6474	8.9701	8.85635	
PSMB10	8.64365	8.4274	7.86945	7.7515	7.3764	8.55225	
ASCC3	8.51335	8.4369	8.61405	8.9499	7.5567	7.9511	
FGFR4	6.59435	5.9159	6.03645	4.5109	5.2162	5.76625	
CDKN2A	10.0177	9.6766	9.53	9.783	9.5572	9.6993	
TRAM2	5.65235	5.3488	5.4306	5.4423	4.6823	4.96685	
ATP11B	8.19065	8.4986	8.15555	6.7898	7.4071	8.08725	
PYCR1	9.05325	9.4307	9.04205	8.4756	9.2889	7.94775	
CD320	9.19545	9.0187	9.27285	8.7709	8.1195	8.58235	
NCOA3	12.9837	12.9234	13.0408	13.1171	13.2357	13.1653	
CDKN1B	10.7099	9.86185	11.2059	11.5259	11.5755	11.4436	
POLD4	10.8918	10.6613	10.743	10.2236	10.9603	10.8464	
FOSL1	4.9655	5.57775	6.3464	5.4414	6.0308	6.28045	
MLLT11	5.16845	4.808	4.888	5.2197	4.3643	5.08245	
CEBPZ	8.85395	8.99685	8.7252	8.7876	8.3476	8.48435	
PRKACA	10.8797	10.7248	10.8656	10.2236	10.9407	10.8347	
GAPDH	15.0	15.0	15.0	15.0	14.8423	14.7283	
CBR3	6.1809	5.7685	5.3202	4.8517	4.3774	5.49855	
LYRM1	5.85535	6.1474	5.87455	6.9342	6.2594	6.2405	
