gene	0.04uM	0.12uM	0.37uM	1.11uM	10uM	3.33uM	
PSME1	11.4568	10.8559	11.8975	11.878	10.6838	11.801	
CISD1	10.4915	10.8684	11.0268	11.0015	10.9632	10.8209	
VDAC1	12.8576	12.6875	12.8091	12.5599	11.1177	12.6037	
SORBS3	8.1786	8.34015	7.1821	6.6827	6.80165	8.53365	
SPDEF	8.8159	8.2353	8.3357	8.3955	9.06465	8.02915	
ATF1	6.5735	8.0517	7.6875	7.7109	7.0066	6.6696	
SPAG4	5.6959	5.3594	5.5565	6.1298	5.5849	6.4664	
E2F2	5.0229	6.4038	5.3406	5.2898	6.3076	4.72955	
RHEB	13.4147	13.2378	13.2064	13.1013	13.3398	13.1168	
IGF1R	6.663	6.36665	7.1939	7.4958	7.2571	6.90115	
SLC5A6	5.5205	8.3469	6.4104	7.0386	5.96145	6.9993	
FOXO3	6.6149	6.8097	6.8462	7.2077	7.9309	7.30635	
RGS2	4.5159	6.11075	5.3902	7.0495	6.4972	6.8915	
GSTM2	4.8902	5.1333	5.1422	6.1518	6.53625	5.80685	
SCYL3	3.6904	5.00975	6.4263	5.3406	4.7469	4.8758	
RHOA	5.2142	6.0962	7.7488	7.4824	7.69365	7.22315	
TBX2	6.8312	6.13535	5.0345	4.7463	6.2904	4.5469	
DNAJA3	7.7125	11.2427	10.7238	10.9552	10.7705	11.4069	
IL1B	6.7498	4.46055	4.7721	5.3982	6.9864	4.643	
ASAH1	8.4583	8.6756	8.1909	7.5304	8.32615	8.57025	
DCUN1D4	7.4678	7.8562	8.0536	7.6543	8.124	7.1966	
DYRK3	6.3255	6.07885	6.5411	6.466	6.44675	6.61135	
RALA	9.5108	8.87825	8.9308	9.1777	9.52295	9.18335	
ARHGEF12	8.7828	8.4752	8.9959	8.5482	9.3426	9.1917	
POLG2	5.9782	8.20935	8.0641	7.8956	6.70145	7.85555	
SOX2	7.0553	7.5583	7.2088	6.4382	7.3301	6.97	
TRAPPC3	10.9421	9.163	11.1988	11.1353	11.3674	11.0833	
SERPINE1	8.2189	9.5894	10.7108	10.1441	6.49135	9.92305	
TCFL5	10.7379	7.2274	6.8757	6.9062	6.99695	6.3829	
CRK	8.9234	8.6796	9.4367	9.5132	9.1308	9.51775	
HLA-DMA	5.3629	6.07315	5.6957	6.2229	7.30795	6.2972	
EGF	5.1536	5.48785	4.8658	4.9746	5.24225	5.38545	
RBM34	10.8558	10.7286	10.356	11.0479	9.49675	10.5567	
ITGB1BP1	10.8487	10.8301	11.1079	10.9332	9.63785	10.7276	
SPTLC2	4.4662	4.0647	4.4125	4.6839	4.7014	4.4626	
ACLY	10.4117	11.5282	10.7983	10.7005	11.4137	10.8636	
APP	13.9438	13.4708	13.5807	13.7127	14.2907	13.7206	
RAD51C	7.274	6.51555	6.1064	6.5135	6.66635	6.5519	
TSKU	6.279	7.073	6.7805	7.2211	7.79745	6.67675	
SMC1A	11.0396	9.86325	10.532	10.3377	9.77445	9.4743	
TMEM2	4.884	6.25245	6.3155	6.5004	7.1628	6.61545	
NOS3	7.2914	4.6824	5.7426	5.076	6.70315	5.30685	
YME1L1	6.4706	8.71015	8.5575	8.5808	7.9079	8.72355	
ACAA1	7.6342	6.0134	7.2226	7.4471	6.33845	7.4074	
CSNK1A1	8.3272	9.0863	8.8376	8.9327	9.13735	8.80705	
HSPA8	8.145	9.2824	9.3528	9.0717	6.9726	9.3385	
NFATC4	6.0361	5.92085	4.8658	5.1172	6.7252	5.0472	
CCNB1	12.9202	12.5849	12.6616	12.3986	12.2884	12.5127	
TBP	8.4078	9.53545	9.4629	9.3106	9.10445	9.01335	
SLC2A6	9.9931	10.1382	10.4939	10.7336	11.6427	10.3624	
WFS1	6.3299	7.57665	7.6637	7.4338	7.7705	7.686	
EZH2	6.0138	8.05875	9.1173	8.6034	7.25745	8.5815	
UBE3B	8.2591	7.60495	8.4945	8.795	7.98	8.66195	
ICAM3	6.1234	5.5145	5.8491	5.5443	6.01395	5.46645	
NPDC1	5.2357	7.9476	8.2738	8.4326	8.20055	8.1967	
ALDH7A1	5.2486	8.1155	6.3559	7.6033	7.70705	7.7602	
BRCA1	5.8565	5.82845	6.6704	4.6696	4.0597	4.5904	
NFATC3	7.1144	6.8496	6.3681	6.1905	8.47085	6.4075	
PSMD4	11.7986	12.041	11.6021	11.8975	10.8295	11.8101	
PCNA	5.8565	13.6033	13.7127	13.2064	11.1872	12.7613	
PHKG2	7.3596	6.6045	6.3561	6.3765	6.58085	6.077	
ETV1	6.3913	8.06835	8.4205	8.6971	8.18335	9.8001	
POLR2I	10.4377	9.3848	10.1247	9.9196	9.33745	8.9879	
KDM5B	7.7542	5.2243	5.9451	5.904	5.589	5.47535	
PSMB8	6.8655	10.4544	10.2455	10.2861	10.4447	10.2656	
AKAP8L	7.4148	6.38285	6.2099	7.3344	5.93885	7.0502	
COG4	6.6576	7.01565	7.6971	7.6766	7.96655	7.65695	
MCM3	11.3304	12.0842	12.3008	11.5502	9.612	10.993	
PLEKHJ1	9.2448	8.9751	9.1196	8.1255	7.617	8.53505	
HAT1	9.4009	7.8611	9.1707	8.8065	6.7455	8.35845	
TERT	6.1222	6.18145	5.9191	5.9458	6.7639	5.8542	
G3BP1	7.1486	11.0573	10.833	10.4524	7.6021	10.0566	
SNX13	8.1036	6.8283	6.988	6.988	7.805	7.29975	
PAK4	6.1356	8.41275	9.1914	8.2882	8.8397	8.4694	
TPD52L2	9.2021	8.82545	8.5221	9.298	8.05095	9.41215	
DPH2	8.0475	7.9267	7.5568	7.4269	6.5135	7.2895	
PIH1D1	7.3018	8.0066	8.7283	8.9683	10.0585	8.8432	
PRKCQ	7.2322	5.6005	4.8258	5.7241	8.71575	5.31845	
SNX6	8.975	9.8885	9.6102	9.7585	9.28335	9.64625	
EED	7.7615	8.32155	8.6403	8.625	8.20315	8.4349	
SHB	8.8998	7.1705	7.8043	7.3613	6.7834	7.3658	
UTP14A	7.479	7.5817	8.6879	7.8366	6.87005	7.58845	
WIPF2	8.4366	8.396	8.1475	8.6183	8.77385	8.79175	
NENF	8.8956	10.7519	10.851	11.1704	9.69115	10.8624	
TSEN2	7.5408	7.826	8.1279	7.9476	7.1404	7.9792	
RPN1	12.2299	11.8772	12.0715	11.908	12.0807	11.6287	
SUV39H1	7.8532	8.3599	8.108	7.8956	6.07825	7.4063	
C2CD2L	6.2599	6.18305	7.4925	6.5405	8.54645	7.11075	
LYPLA1	8.964	8.8208	9.1746	8.8963	6.2963	7.962	
BIRC2	10.5693	10.1103	9.7838	9.5998	9.0076	9.424	
GABPB1	8.1308	7.91745	7.9307	8.2344	7.1944	8.05805	
MAP2K5	7.0139	7.9045	6.4868	6.8899	6.5306	6.5809	
POLR2K	8.5132	9.02215	9.5696	10.217	9.17215	10.0357	
PTK2B	7.8646	6.69345	7.0175	7.1534	8.2917	7.28975	
PUF60	11.9162	10.4568	12.1025	12.7037	10.0271	12.1912	
DHRS7	6.5647	9.0308	8.9656	9.1622	9.6139	9.4113	
PAF1	9.5589	9.67745	9.9007	9.584	9.22135	9.84995	
ARID5B	7.207	6.40625	6.2691	6.1277	7.5268	7.20825	
POLR1C	9.2066	9.029	9.0435	8.9161	8.7122	9.10235	
PAK1	7.4429	6.74095	6.1363	6.0908	5.5053	5.7873	
RUVBL1	9.6991	9.3597	10.1099	10.1136	9.4058	9.9067	
AKT1	10.6574	10.3839	10.495	10.2512	10.265	10.5903	
CDC42	9.0358	9.6071	11.3194	10.8666	8.639	11.3547	
IGHMBP2	6.8312	6.90745	6.7161	7.2268	6.8227	7.30995	
SENP6	8.5982	8.98675	8.8199	8.8116	9.0377	8.92185	
ADO	6.9934	7.4867	7.4449	7.2302	7.50935	7.5764	
HSPB1	11.4951	12.2285	12.1963	12.2197	13.39	12.0278	
EBP	7.105	8.50015	9.6002	9.4923	8.82775	9.9599	
TCTN1	6.0888	7.25965	6.3412	6.5254	7.7899	6.5713	
AKR7A2	10.8675	11.1018	10.968	10.5442	10.2913	10.5905	
CASK	7.7844	7.4732	7.8163	9.1028	8.4357	8.8401	
PPP2R5E	12.1403	10.6842	8.997	9.1322	8.70805	9.6163	
RRP8	6.279	6.64115	7.1597	7.089	6.98205	6.6903	
LAMA3	4.5892	5.1676	6.3264	5.736	4.6133	5.33915	
PIK3C3	8.4304	8.36395	8.3254	8.6483	9.09755	9.1109	
BHLHE40	5.4757	5.35285	5.8128	5.4318	5.28165	5.99675	
CCNE2	8.5143	6.52645	7.3323	5.1422	6.64835	5.09775	
BDH1	6.9112	7.4529	8.3053	8.1831	9.02265	7.96775	
FEZ2	6.7499	6.9155	7.3174	7.0788	7.22485	6.69155	
IKBKAP	9.2683	9.1481	8.9866	9.0813	8.08775	9.65295	
SH3BP5	6.279	7.07305	6.0935	7.0451	7.23195	7.2069	
PPP2R5A	5.9166	7.36335	8.5488	8.034	8.14405	8.342	
SGCB	8.5538	8.12475	7.3639	7.2226	6.2394	7.7706	
EML3	7.6059	7.32465	7.2745	7.4189	7.3596	7.22315	
ENOPH1	9.7165	11.247	11.1288	10.833	10.3608	10.9849	
BIRC5	9.9139	10.7893	10.955	10.8486	9.99765	10.6602	
CNOT4	7.6059	7.4941	6.9538	7.1871	7.46575	7.3651	
EPRS	7.5463	8.38945	9.5898	9.8775	9.47195	9.5942	
SNAP25	5.4318	5.8168	9.2953	9.4424	7.69905	7.03865	
JMJD6	10.5008	10.9277	10.704	10.5008	11.3188	10.9305	
PAX8	6.518	5.74965	5.729	6.6149	6.29515	6.3937	
CBLB	6.0978	5.9944	6.364	7.0427	8.1295	7.48645	
SLC35F2	10.0582	10.1933	9.584	10.1811	8.8168	9.7518	
ANO10	7.8821	7.66165	8.2604	8.8383	8.8809	8.16605	
PDS5A	8.0381	9.48925	9.6712	8.7301	7.68415	9.35185	
DFFB	5.7944	6.5848	5.7557	6.1985	5.72455	6.0889	
STUB1	11.6036	12.0562	12.4083	12.0194	12.3801	12.177	
PGAM1	13.3239	13.475	13.4478	13.6259	13.2903	13.5581	
TGFB3	4.9059	5.04995	5.5516	4.7507	5.76415	5.12505	
BAD	7.8372	8.56115	10.4479	10.839	9.685	10.7768	
XBP1	7.8978	7.73805	8.1167	7.9717	8.56455	8.0072	
NMT1	7.5819	7.2743	8.4685	8.3598	8.0127	7.70975	
PSMD10	6.2647	7.8374	7.7191	7.3548	6.61955	8.6889	
ARFIP2	9.79	9.33335	9.9704	10.0806	10.6859	10.1937	
RAB11FIP2	7.1972	8.03055	7.4643	7.5671	7.58775	7.2817	
FPGS	7.2322	8.8707	8.5691	8.4871	7.70855	9.093	
STAMBP	8.4307	9.2346	9.4412	9.7574	9.5781	9.26835	
PRKX	6.9613	7.1738	6.7806	5.9963	7.05555	6.73005	
RNH1	10.2861	10.9176	11.2862	10.9474	12.2503	10.7722	
ATG3	6.7113	9.07825	8.6856	8.409	8.89395	8.9386	
FAH	8.2396	7.9013	9.3496	9.1075	7.59625	8.8225	
NCK1	8.7503	8.73675	9.18	9.5898	9.45105	9.4779	
PLP2	9.717	10.1181	10.04	10.5976	10.1063	10.2723	
CFLAR	8.6189	8.74955	8.3784	8.8963	7.84395	8.85935	
SOX4	5.7534	5.7265	6.1842	6.5618	8.60075	6.77255	
HEATR1	8.7931	8.0888	10.3435	10.1951	9.7877	10.2912	
TESK1	9.7254	8.40415	8.4049	8.5555	10.118	8.65805	
HN1L	8.7601	8.04335	9.6474	9.3163	8.90285	9.6003	
WDR7	6.3511	5.9372	6.4433	6.6301	6.38345	6.03805	
AKAP8	8.0364	7.0306	8.24	8.4018	8.1828	9.03345	
RRAGA	8.1326	9.06455	9.0958	9.0577	9.8712	9.1436	
ELOVL6	8.5469	10.0031	10.0913	9.9926	10.5177	10.6726	
SLC1A4	4.8338	5.42395	4.7507	5.1817	5.62385	5.127	
ACBD3	7.8761	7.9421	7.8358	8.1445	9.3329	8.65565	
GRWD1	7.9456	8.54705	7.7931	8.25	6.65225	8.19855	
PMAIP1	10.0652	8.2242	10.1136	10.2959	8.74085	10.3279	
STAT1	6.9485	8.66625	8.5936	8.3492	6.9788	8.2457	
FOXJ3	7.8087	8.85225	8.7006	8.9964	8.27255	8.93315	
TWF2	7.9296	7.6951	9.1112	9.0849	8.0317	9.4689	
HDAC6	8.587	9.6104	9.2962	9.5318	10.3109	9.6298	
MTERFD1	10.3418	9.90975	9.4544	9.9055	8.4231	9.97115	
CCND1	6.6354	5.65495	7.4044	6.9538	6.0153	7.22895	
CHIC2	9.7676	9.5059	9.2213	8.9993	8.3415	9.1979	
PXN	11.8507	12.0486	12.0204	12.2422	12.2423	12.0621	
USP7	6.397	6.4089	6.5953	7.0175	6.0619	6.32615	
NOSIP	6.6947	7.0466	8.8471	8.7651	9.15905	9.0294	
PHKB	8.5328	7.17895	7.1211	8.5422	7.2984	7.4773	
DLD	9.0128	9.0726	10.9795	10.7307	8.6874	11.0585	
NFKBIB	6.5798	7.20745	5.9203	6.3215	7.34935	6.11405	
CASC3	7.3075	8.60965	8.5572	8.8207	8.79765	9.3434	
IDE	6.1447	5.07535	5.7054	5.8049	5.17065	5.63325	
CD40	9.439	8.2305	7.6945	7.8061	8.0874	9.8091	
MLEC	10.8835	10.6043	11.6323	11.2234	11.4276	11.4947	
GLI2	6.8723	5.3226	5.5051	5.3096	5.2553	5.57255	
PRPF4	9.9554	9.6332	9.428	9.2977	8.0477	8.8432	
MELK	10.8487	11.6943	11.2106	10.7528	10.8258	10.7817	
USP22	11.6011	11.5497	12.4633	11.8445	10.5321	11.0764	
DAXX	11.5349	9.25395	9.4865	9.0425	9.3123	9.3904	
TMED10	9.4007	10.3174	10.6807	11.0195	10.3877	10.9872	
CHERP	7.5586	8.6679	8.9658	9.1283	9.0166	8.4673	
SMAD3	7.7488	8.7604	8.2373	8.4252	7.39655	9.63545	
OXA1L	9.2858	11.3606	11.4329	10.1026	11.0407	11.5856	
PIK3CA	11.1412	9.1395	8.8455	8.8296	10.055	8.9171	
SNX7	9.6966	9.084	9.2483	9.2895	7.5582	9.15485	
TRAPPC6A	8.7601	7.133	7.0089	7.594	9.6226	8.047	
ATP2C1	8.8691	8.6887	8.5848	8.9895	8.36465	9.0597	
CDCA4	7.7547	8.81995	8.429	7.9436	6.6257	7.46845	
TBC1D9B	9.3692	7.53345	8.7789	8.9396	7.8984	9.0037	
USP14	6.9343	7.15395	7.5329	7.252	7.72635	7.8863	
APPBP2	5.5205	5.62225	5.7736	5.9773	6.48055	6.113	
CDC20	13.5807	13.7206	13.7284	13.4478	12.7353	13.4312	
NARFL	7.8247	7.0471	6.6524	7.3185	8.7085	7.374	
RPS6	14.3914	14.3937	14.3959	14.3959	14.4724	14.3937	
DDX42	5.2562	7.8086	8.1247	7.9107	6.8787	7.64055	
ECH1	10.545	9.733	10.2243	10.6936	11.4848	10.7397	
HDAC2	9.4978	9.4872	9.9363	9.7807	9.57785	10.0559	
IKBKE	8.5238	6.3072	6.5554	6.7001	5.6357	5.82705	
CCL2	6.812	6.112	6.9253	5.6958	5.8832	6.39615	
DFFA	8.4017	8.0853	7.7214	7.4148	7.92615	7.831	
MRPL19	8.6127	10.3013	10.7001	10.7238	10.5343	10.6571	
WDTC1	8.2396	6.78255	8.5362	8.9398	8.23235	9.16855	
PLSCR3	6.4348	8.56385	8.6407	8.587	8.8141	8.7016	
SUZ12	9.9006	10.5865	10.7373	10.4138	9.7684	10.3414	
CSNK2A2	8.0023	8.05945	6.8076	7.2096	7.67755	7.31255	
H2AFV	8.4871	7.93185	8.6402	8.4274	6.62645	7.599	
NUSAP1	10.8952	10.7533	10.4138	10.0132	6.7722	10.0114	
TICAM1	6.5735	6.1166	6.7806	6.7843	9.02245	6.61415	
FAM69A	9.7317	10.463	9.1455	9.1815	9.07425	9.7451	
KIAA0100	8.301	7.7701	9.0615	9.1878	8.61685	8.7416	
PAICS	8.338	8.72355	8.7888	8.1039	6.5599	8.10685	
SRC	4.3329	4.89595	4.8772	4.8324	6.5155	5.6006	
BMP4	9.4267	10.7174	11.0124	11.3961	11.9433	11.1641	
CDK2	9.226	7.89025	9.0202	8.7566	7.83435	8.46225	
EDN1	11.2242	9.58085	9.6925	8.5232	10.418	8.6641	
XPO7	7.0365	8.8241	8.4534	9.1744	7.44335	9.6055	
FAIM	11.777	7.83905	10.3577	9.1508	8.7878	8.12645	
KIAA0494	8.7601	8.87175	8.4838	8.5917	8.99445	8.8401	
PXMP2	7.9679	9.43255	9.2234	8.6308	8.05775	8.40485	
SQSTM1	11.7849	11.9179	12.1893	12.4259	14.2206	12.9748	
HIF1A	13.4938	13.1307	13.1881	13.1376	13.3131	12.9801	
TIMM17B	8.3805	11.6607	11.5146	11.817	10.3287	11.8382	
STXBP2	6.4547	6.62075	6.5929	6.6354	7.68565	8.86825	
WRB	5.9432	6.8145	7.4308	8.7522	7.0317	6.94855	
ETFB	9.6657	9.6594	8.9198	9.1516	9.76325	8.4356	
MNAT1	6.3004	8.2328	8.159	8.2738	7.65215	8.45875	
CAMSAP2	10.2488	9.814	10.0843	9.1914	8.8004	9.08665	
HPRT1	9.5498	9.05115	9.8343	10.1846	9.17025	10.2681	
ARNT2	12.2693	10.4079	10.6769	10.322	11.91	10.9729	
RRS1	6.7805	6.90845	7.0646	6.5052	5.56785	6.2051	
ADAT1	7.4318	6.4763	6.3203	6.0344	6.10515	6.4046	
SPAG7	9.3745	9.7006	9.922	10.0685	9.9716	9.80915	
MAPK1IP1L	10.99	10.1763	9.7706	10.1323	11.1235	9.67855	
SCAND1	10.6971	11.3991	11.3401	11.6011	11.4823	11.6776	
MFSD10	10.7782	10.5227	10.356	11.0191	9.6818	10.5978	
MSH6	10.1382	10.2355	10.9057	10.2371	9.35865	9.83935	
COPS7A	10.7319	10.1293	9.7599	10.2354	10.2252	10.4639	
UBE2C	11.4329	12.5554	12.3804	11.8146	11.7257	11.5581	
FIS1	7.5807	7.76125	6.5327	8.5705	8.8468	8.9242	
HS2ST1	5.9166	5.95655	6.2264	5.729	6.23935	5.83555	
NUDT9	8.832	7.93645	8.5401	8.7907	9.2857	9.1838	
TXLNA	10.2013	11.5148	11.6021	11.2817	11.1595	11.1236	
CSRP1	11.9239	10.1839	12.1618	12.258	10.9527	12.2143	
DNAJB1	7.8202	10.0759	10.7631	10.4479	10.2531	10.5729	
METRN	5.8952	6.6594	6.2023	6.364	5.86715	6.3725	
TOPBP1	8.9488	8.0855	8.1883	7.7223	7.75865	7.7582	
ABCF1	10.655	10.5822	10.612	10.5987	10.859	10.4545	
TCTA	9.0128	9.3359	9.0649	9.7947	9.1909	9.611	
LGMN	7.7168	7.84785	7.1939	7.6315	7.2819	7.52245	
TLK2	6.7113	7.0057	8.046	6.9805	7.64245	8.23705	
KIAA1033	6.1298	9.10435	6.0441	5.1288	7.93425	6.736	
PTGS2	4.0929	4.01855	9.2022	7.0427	4.1626	7.52835	
DNAJB6	12.3964	12.2248	12.2584	12.044	11.9664	12.2181	
PLA2G4A	10.1786	8.49025	10.0412	8.6477	11.4597	9.36395	
MAT2A	11.6987	11.5427	11.7461	11.6538	11.4146	11.5116	
TLR4	5.7534	6.11545	5.8324	6.4904	5.9974	6.71615	
HMGCS1	5.8188	7.734	9.4994	10.4283	12.115	12.0922	
MBTPS1	7.4044	7.5665	7.4836	7.3921	8.26535	7.77175	
SPRED2	11.9764	10.0264	9.0605	9.4392	8.9978	9.0456	
ZNF274	7.2036	6.98335	8.4866	8.8557	8.64085	9.13345	
CLIC4	12.815	12.8705	12.815	12.7658	12.4447	12.9103	
MAP7	4.8448	5.64845	9.6445	11.3738	6.32385	4.85315	
CHAC1	9.7585	11.6915	8.854	9.1112	9.1275	8.28735	
EIF4G1	7.6745	7.6386	8.7503	8.6855	8.3252	8.68175	
BTK	6.3468	4.32475	3.6654	3.3328	3.77095	3.8652	
GNAS	13.2064	13.2572	13.3742	13.5807	13.2182	13.2762	
MYL9	9.8572	9.59005	10.149	9.7533	9.13355	9.1868	
TEX10	8.7828	8.2728	8.4131	8.4069	8.26225	9.0844	
PSMD2	12.4582	12.3624	12.3734	12.4905	11.5548	12.2424	
ZNF586	5.3448	5.87725	5.4896	5.2635	6.18245	6.05545	
CLTC	11.7493	11.5385	11.6538	11.6914	11.7052	11.6718	
IKZF1	6.5078	5.29685	6.7071	4.3684	5.49955	4.57005	
APBB2	7.6059	7.8828	7.4335	7.8647	6.7772	8.93225	
HSD17B10	8.7601	8.49375	9.2611	9.18	9.3874	8.99655	
RNF167	7.6431	9.1829	9.5739	10.3123	10.3352	10.2461	
STX1A	9.396	9.17105	10.185	10.2858	9.6906	10.1516	
ALDOA	8.5599	9.7716	9.6614	10.1485	9.5109	9.84305	
EPHA3	5.6244	6.20835	4.9726	4.5039	8.04195	5.35575	
STAT5B	5.6282	4.86835	4.9227	5.0439	5.25265	5.28335	
TXNDC9	8.8572	8.6697	8.2337	7.7293	8.76765	8.13685	
CCNA2	9.4889	10.011	10.4542	10.0163	8.6438	10.1588	
VGLL4	8.4669	8.22895	9.192	9.0256	8.59795	8.789	
CASP10	6.537	6.6888	6.3559	5.6154	6.36145	6.37055	
SDHB	11.9382	11.5253	11.9023	11.9213	11.871	11.8204	
ETS1	8.1909	8.0966	8.3694	8.1251	8.14855	8.5641	
YTHDF1	5.2486	8.03785	7.4959	7.3447	5.4146	7.98435	
FOXO4	6.8765	7.23925	5.9817	6.8787	8.7659	7.4551	
LSM5	10.6146	9.0899	9.597	11.0268	9.71015	12.3178	
TOMM34	10.0191	8.95175	10.662	9.9873	8.852	10.6063	
ZMYM2	6.4706	7.2488	7.3868	7.5046	8.47985	7.738	
CHMP6	9.4383	5.13885	6.0794	6.0097	5.4073	6.06605	
KIAA0907	9.354	9.2166	9.9757	9.7649	9.90605	9.6919	
CASP7	8.2176	8.427	8.3933	8.3618	8.3249	8.117	
HK1	7.6793	8.4032	8.4971	8.8729	7.8056	8.898	
PAPD7	9.9119	9.0953	9.1097	9.4994	11.2371	10.0108	
PIGB	7.7844	7.89315	7.8378	9.0212	7.52355	7.83475	
CHEK2	5.7246	6.81175	6.914	6.1902	5.7684	6.77865	
PLOD3	12.6366	11.5339	11.47	11.7122	11.5883	11.5965	
ACD	8.1425	7.6221	8.3049	8.1338	7.63925	8.3485	
TRAK2	6.3765	7.3618	7.0526	7.1154	7.67955	7.32765	
SUPV3L1	7.2161	9.49065	9.841	10.0084	10.7849	10.3812	
VAPB	9.0991	7.28825	7.3237	6.8209	6.63165	6.8114	
GPATCH8	7.7285	7.1558	7.4012	8.0742	6.3662	7.18595	
HSPD1	8.1308	10.2325	10.2491	10.1878	9.2701	9.80105	
BUB1B	9.8676	9.53585	10.1063	9.8204	10.7064	9.22735	
TGFBR2	7.1144	7.40585	7.7361	8.0434	7.3533	8.35865	
MRPL12	11.6461	12.097	12.1266	12.0194	11.8543	11.3806	
NOTCH1	10.8441	8.6986	8.6509	8.7082	8.66995	8.6917	
PNP	9.6329	10.9347	11.2959	10.9628	10.6203	11.065	
SHC1	10.5747	8.82955	8.1535	8.6183	8.40815	8.7934	
ARPP19	8.711	7.5773	8.6148	9.1523	5.68065	8.9131	
CEBPA	3.4938	5.97065	3.6277	5.1334	7.2672	4.7548	
PSMF1	9.2509	7.4039	7.8887	8.1989	7.02895	6.7359	
RTN2	9.7825	10.8738	9.9926	8.616	10.6546	9.1298	
NPEPL1	7.3243	8.23945	7.0575	7.4564	6.86565	7.0672	
USP1	7.9319	7.5088	8.6143	8.1251	6.7099	7.959	
RPA1	10.7768	10.8274	11.3776	11.0755	9.56225	11.0618	
SIRT3	3.9895	5.9339	4.9782	4.7681	7.53235	5.31145	
KLHDC2	10.2934	10.7957	10.9139	10.92	11.1937	10.7975	
UBQLN2	8.4984	8.45165	8.1933	8.1337	8.03555	8.5134	
DMTF1	6.8826	6.6812	7.093	7.6694	8.00655	7.99475	
SCARB1	7.6637	7.9709	7.4755	7.9987	6.91025	7.7141	
CLPX	8.3097	8.3728	8.0214	8.4994	8.96605	8.24345	
TPM1	9.6766	8.87085	9.3853	9.1598	8.7262	8.9284	
TM9SF2	8.3706	7.6403	8.051	8.0749	8.82695	8.37615	
TXNL4B	5.9316	6.44525	6.4299	6.2277	6.14105	5.85635	
ATF6	7.1332	8.57835	8.7547	8.6034	8.97215	8.82465	
PRR15L	5.8966	5.32005	5.0985	6.0499	5.65715	5.35575	
NUP88	10.7528	10.6264	11.0576	10.6915	10.508	10.8172	
ST6GALNAC2	6.0207	6.039	6.1028	6.5979	7.14885	6.5351	
ADH5	10.5008	8.6337	10.0935	9.9461	10.3328	10.2801	
FUT1	6.9879	8.09915	5.5268	5.9963	5.7935	6.03485	
GOLT1B	9.4383	9.73755	9.6672	9.3955	7.6111	9.47545	
PRUNE	7.1024	4.45695	4.7017	4.1401	5.74265	4.7758	
PPOX	10.4878	8.72995	8.0434	7.8755	8.4857	8.27535	
SYPL1	12.111	12.0462	12.1753	12.3378	11.8558	12.0973	
CANT1	11.4229	11.4729	11.4715	11.362	11.0303	11.4041	
ZNF451	9.4126	9.4344	9.4288	9.5369	10.0265	9.74865	
HOMER2	5.9634	5.78785	6.1136	6.1079	7.346	6.0422	
RALB	9.4059	9.4647	9.2824	9.5345	8.3703	9.2947	
CLTB	12.3706	11.4504	11.5504	11.6074	9.7668	11.6751	
TRIM13	8.5469	7.66015	7.1871	7.1557	8.80615	6.65975	
FBXO7	6.2851	6.8239	7.0276	7.5623	8.60705	7.9586	
PHKA1	6.1222	6.0634	7.0981	6.6481	6.693	6.611	
CYCS	9.9544	9.94725	10.5138	9.3437	9.83895	10.5513	
PPARD	7.6612	7.45425	7.6875	7.7768	7.68905	7.36945	
ENOSF1	6.852	5.6527	5.5809	5.3749	5.56935	4.7242	
MAP4K4	4.4977	7.9918	8.997	8.9371	8.5315	9.39365	
PAN2	3.5792	4.13915	4.5338	5.8513	4.6491	5.99455	
STAT3	4.8902	4.89685	5.4217	4.9029	5.73125	5.7246	
LIG1	9.3309	8.84825	8.6623	7.9378	6.3138	7.8984	
PPIC	6.7038	9.15065	8.8187	9.4653	9.56885	9.03335	
EIF5	9.8878	10.0105	10.2008	9.7887	9.8125	10.1649	
GNB5	8.2821	8.18795	8.2	8.4582	6.8239	8.34495	
GNAI1	5.2732	5.6452	5.1195	5.4923	5.7458	5.28675	
INSIG1	10.2767	10.4901	10.6562	10.6761	12.2868	11.7831	
DNMT3A	8.9834	9.57875	9.4583	7.444	8.9589	7.3665	
TM9SF3	8.569	7.67645	8.5232	9.5207	7.6686	9.2258	
CCDC86	10.3698	9.6404	10.217	10.2182	9.8477	10.6185	
HIST2H2BE	7.1367	7.50365	6.5135	6.2813	6.83475	6.8084	
S100A4	14.0935	14.0089	13.9548	14.0686	14.2447	14.0592	
SLC25A14	5.9548	5.9481	5.8565	6.2299	6.0666	5.99265	
KTN1	10.2222	11.1096	11.2713	10.8952	10.7982	11.1468	
TBXA2R	8.0697	6.76845	6.819	6.7727	6.68885	6.7577	
ARHGAP1	9.0239	9.2194	9.5405	9.5195	10.4344	9.8988	
FBXO11	6.5464	5.70605	5.6778	5.8513	5.04705	5.3986	
HERPUD1	8.6529	8.1707	6.8797	7.9833	7.0553	8.167	
LPAR2	9.6329	7.58775	7.8162	7.9614	9.6356	8.1948	
COASY	5.9316	6.58075	7.6586	7.6667	6.6537	7.65755	
RPL39L	5.2486	5.572	5.3096	5.3406	5.576	5.22865	
BPHL	8.0364	8.8456	7.6457	8.0097	7.2623	7.999	
RASA1	9.2173	8.95045	10.2649	10.3608	9.3734	10.3322	
ATMIN	4.2739	5.37215	6.1962	5.8324	6.56085	5.0101	
MAPKAPK3	8.587	8.49385	8.5362	8.7252	5.7376	8.672	
CASP3	9.6991	9.55295	9.4553	9.4293	9.39025	9.4879	
MBOAT7	12.111	11.9282	12.9004	12.0611	12.4616	12.4304	
PNKP	8.7327	8.93435	8.9626	8.9895	8.83545	9.01175	
PSME2	13.5975	13.9291	12.7446	12.8927	13.7803	12.7635	
NISCH	6.3187	7.9117	8.005	8.116	8.3476	7.2011	
SLC35A3	7.3545	6.64675	7.3675	6.9062	7.4419	8.12445	
CPSF4	11.3738	11.2885	9.7158	10.0441	10.62	9.663	
LSR	8.1199	6.80045	7.2977	7.4564	7.28955	7.41995	
COPB2	10.0203	10.2531	10.3666	10.641	11.1677	11.1267	
MEF2C	5.7246	5.9774	5.4806	5.5662	6.069	6.89315	
GADD45A	10.5204	9.9564	10.4326	10.4613	11.3282	10.0854	
KDM5A	8.5238	7.39625	7.1014	7.4122	7.51625	7.0538	
FAM63A	6.537	6.6601	7.2437	8.3822	8.11505	8.665	
SMNDC1	9.4954	9.34205	9.3697	9.2011	9.1213	9.17345	
NUDCD3	9.9457	9.98385	10.1282	10.1159	9.79015	10.059	
RAB4A	5.1893	6.8328	7.1535	7.7361	6.4389	7.21995	
FGFR2	7.9702	6.98995	7.5018	6.8196	8.17915	7.0556	
IFRD2	11.6289	11.4394	11.6126	11.3194	9.61795	8.7718	
BACE2	8.1279	7.06755	9.4196	9.3071	7.2746	8.7418	
HMGCR	8.8942	9.2828	8.0999	9.3019	10.5079	9.3837	
LYN	6.1298	6.44465	5.2678	5.5684	9.10135	5.7764	
SLC35B1	9.7533	8.7878	9.5485	9.7649	8.817	9.66915	
ISOC1	7.2322	8.0929	8.2463	7.6439	6.7454	7.9792	
TIMP2	9.4681	9.33295	9.4126	9.643	10.0994	9.89045	
DUSP3	7.6548	7.41335	7.7593	7.7168	6.21485	7.52435	
LSM6	9.0125	8.95555	8.8111	7.7992	8.14075	7.661	
CALM3	7.4648	6.9401	7.0497	7.291	7.4575	7.4073	
MOK	5.7122	5.6958	6.4297	5.5284	4.8637	6.18945	
PPP1R13B	8.3455	6.24905	5.3912	5.6513	5.90955	5.54555	
SACM1L	7.1577	10.556	10.2329	10.8985	10.524	10.6957	
DNAJB2	7.0575	8.3432	8.209	8.3343	9.0014	8.63555	
TCERG1	10.016	10.0516	10.0775	9.7909	9.27645	9.85875	
CERK	7.4936	8.5017	6.9963	7.1697	7.9401	7.6545	
KIAA0196	8.338	7.4765	7.902	7.7805	8.0065	7.9101	
DNM1	5.2679	6.69515	5.7179	6.0274	6.3966	6.06965	
LAP3	12.0114	11.5975	11.817	11.6438	10.8456	11.4235	
DDIT4	9.7487	10.0627	11.0662	11.2443	12.1676	11.5152	
MAPKAPK5	6.3621	9.97785	8.5745	8.596	7.97115	8.81675	
ALAS1	10.8474	11.1542	11.0687	11.7018	11.4575	10.7117	
HDGFRP3	6.218	6.6623	6.3274	6.5757	5.7819	6.01125	
PAFAH1B1	8.301	8.96055	8.9074	9.0921	8.8765	9.32635	
PRKCH	7.3243	6.7299	5.754	5.3646	6.22495	4.94875	
PSRC1	7.5117	9.40765	9.2243	8.8471	8.70765	9.2752	
RAB21	8.3992	6.7271	7.5396	6.8841	6.8605	6.98455	
ERO1L	7.3103	7.81075	7.6807	8.4775	8.65635	8.0524	
PSIP1	7.2633	7.2589	8.1087	7.5839	7.0632	8.8256	
APOE	6.3765	6.239	7.0813	6.5411	6.95845	7.067	
CREB1	7.093	7.06095	5.2678	6.3188	5.4398	5.77355	
MBNL2	9.514	8.966	8.7082	9.0168	9.7102	10.3004	
RBM15B	9.0787	8.79115	9.1274	8.9658	8.49085	8.3983	
PACSIN3	6.1298	7.29455	6.8783	7.1943	6.01845	7.0816	
TOMM70A	9.2115	8.79165	9.446	9.5238	9.6635	9.54845	
CBR1	10.1786	10.2136	10.421	10.2731	10.7278	10.3776	
MTA1	10.662	10.4711	9.7463	9.5385	9.24125	8.9597	
MACF1	6.2231	9.81025	10.8294	11.234	8.4057	9.5193	
PRKCD	9.0639	8.0565	6.7038	6.6571	7.55745	7.7485	
CCNA1	5.2281	6.08285	6.4539	6.8815	6.1867	6.67355	
PIK3R4	6.4814	6.5958	6.6481	6.725	7.44335	6.59185	
CSNK1E	9.5178	9.87805	9.8796	9.8809	9.68985	9.96475	
HIST1H2BK	12.0791	10.5381	11.5436	11.7645	11.8732	11.945	
JUN	9.121	8.92615	9.0878	9.3239	8.7882	9.1542	
PCCB	9.9328	8.9775	8.429	8.4477	8.16285	8.31025	
STAP2	6.7606	6.69805	6.927	5.5975	6.8783	6.6831	
TMEM50A	9.4149	10.0726	9.6164	9.8823	9.65055	10.1722	
PMM2	11.2609	9.63725	10.4449	9.9784	9.1207	9.9283	
SCCPDH	8.9353	10.0177	10.9801	10.7721	10.3989	10.8719	
HSD17B11	10.4112	8.6004	10.8799	8.1198	10.9591	10.1516	
TSC22D3	7.5463	7.6027	7.4376	9.0845	8.2246	8.40635	
FBXL12	9.6712	8.52865	6.6651	6.8243	6.77645	9.2531	
TFAP2A	8.1909	7.9272	8.2882	9.3218	9.7114	8.4147	
WDR61	8.8386	5.8719	7.0707	6.4217	6.0373	6.60005	
ZNF395	9.8021	9.2753	9.6098	9.639	9.33035	9.72665	
FAS	3.9969	3.97065	4.079	6.0908	5.4401	3.85965	
VPS72	7.3075	7.1983	6.8229	7.4668	7.4636	6.8921	
CENPE	8.3706	9.59615	8.5152	8.9766	8.133	8.81445	
CLSTN1	9.2824	8.0532	9.2999	9.5939	8.7194	9.61615	
CREG1	9.608	10.7792	10.7217	10.5946	11.0102	11.0457	
MAPK9	10.3508	10.043	10.4365	10.3844	9.668	9.45535	
PRR7	6.3039	6.91425	6.8542	7.4755	6.3182	7.1084	
SKP1	8.0149	6.98745	8.5536	8.3814	8.5326	8.0806	
POP4	9.4751	8.05015	9.6098	9.3335	9.2585	9.32015	
TMEM110	5.3707	7.49215	6.9124	7.1014	6.49865	6.8758	
NFE2L2	9.9139	8.8944	9.1774	8.8744	10.7612	9.0183	
ZNF589	6.914	5.8783	6.7959	6.596	6.05685	6.70715	
BAX	8.7951	8.292	9.2604	8.2957	9.14515	9.20115	
BLCAP	9.5162	9.70245	10.5285	10.7076	9.6055	10.4408	
CNDP2	10.2959	8.5961	11.234	11.3274	10.5005	11.4304	
FAM20B	7.6548	7.74235	7.5325	7.8503	7.18205	7.8897	
PROS1	3.9129	5.585	5.2873	5.4318	6.23985	6.6402	
TNIP1	8.6855	9.0863	9.3692	8.3542	9.65325	9.7713	
CRKL	9.6455	9.1774	9.3367	9.4204	9.77535	9.94385	
P4HTM	7.8021	7.6489	9.3783	10.1751	9.63335	8.5801	
REEP5	8.9549	9.20145	8.8045	9.2718	8.9415	9.70825	
ZNF318	5.5839	6.9017	7.4705	6.9749	6.88005	6.8157	
BZW2	8.8616	10.2381	9.3783	8.6823	7.8812	8.77185	
FDFT1	10.5175	10.4357	10.7575	11.0902	11.2079	12.1342	
CGRRF1	7.6134	9.6897	9.3359	9.4196	8.7838	8.65345	
TRAP1	8.6228	8.38455	8.4329	8.3098	7.3887	8.2405	
AMDHD2	7.12	8.42065	6.3981	6.7313	7.2441	6.73225	
GTF2A2	9.3003	9.5016	10.4076	10.445	9.14005	10.1947	
PEX11A	4.8338	4.319	4.6812	4.4313	7.0323	4.4328	
PSMD9	10.2731	10.7229	10.2404	10.4916	10.1874	10.2852	
GFOD1	9.2174	6.28315	5.68	6.3386	5.39405	5.76145	
MTFR1	10.0392	8.82185	8.9681	9.4204	10.4399	9.12255	
PECR	5.8188	11.7547	5.7869	6.1085	6.64085	6.1637	
UBE2A	11.9108	11.8286	11.8545	11.6763	11.9915	11.4939	
NIT1	8.7052	8.5194	9.0657	9.6974	9.72655	10.0469	
SOCS2	6.6947	6.1745	5.5662	6.0794	5.7764	6.1567	
SYNGR3	5.4962	5.00275	3.8539	4.079	5.20055	4.3285	
ZDHHC6	7.6903	7.92085	7.9052	7.8659	6.3047	7.6058	
ITGAE	10.5768	10.2824	10.0876	10.2491	10.1403	10.2175	
NFKB2	5.5801	4.9203	4.7721	4.7142	5.52165	4.8377	
STK25	9.5456	9.2624	10.3234	10.3458	10.233	10.566	
TMEM5	9.0649	8.84075	8.8804	8.9126	7.27105	8.49105	
ABCF3	8.2794	7.64905	8.7034	9.2174	9.4241	9.307	
ATP5S	6.6682	8.03505	7.7965	7.745	7.1518	7.79255	
FCHO1	5.4545	6.10475	6.9368	5.8954	6.4038	5.7931	
NGRN	6.0143	5.25345	5.5141	5.823	5.186	6.7113	
HOXA5	5.7635	5.34065	4.079	6.3531	5.971	4.22425	
OXSR1	9.226	8.75795	9.1349	8.7828	9.2185	9.0878	
GRN	11.4145	10.7826	11.5066	11.7609	12.4264	11.8149	
SMARCC1	8.1308	9.5771	9.711	9.5329	9.18185	9.57105	
NUP85	10.8253	10.1392	10.8675	10.6153	8.30235	10.6054	
PAK6	5.9724	5.5672	5.1437	5.3583	8.47085	5.03295	
GHR	6.9112	5.39395	4.4517	4.5279	6.81685	4.5989	
GTPBP8	6.0207	8.10565	7.7475	7.7699	7.20455	7.6451	
GLOD4	9.9822	10.4721	10.1842	10.1557	9.0702	10.0794	
PTK2	8.5459	8.5809	10.7379	10.7165	10.6882	10.725	
CDK4	9.8452	10.8566	11.5001	11.1588	10.6854	11.039	
EPN2	8.338	7.90815	7.7127	7.9089	8.4163	8.14605	
CCDC90A	8.17	8.81315	8.9371	7.7877	8.79355	8.5592	
IL4R	5.5697	6.329	6.466	6.5732	6.55975	6.1668	
KIAA0528	9.7495	9.22365	9.9524	8.2661	8.8473	9.80605	
PRKAG2	8.8422	9.14855	8.6778	9.2909	7.41275	9.1617	
KIT	5.3235	5.89605	4.4729	5.0777	5.49515	4.39125	
MRPS16	9.8163	8.48335	9.659	9.9587	8.00655	9.68615	
PTPRC	7.551	8.3379	6.9523	6.8375	8.76175	6.64575	
RPS5	7.4345	6.4943	7.0788	6.1415	5.8631	6.14905	
NOL3	8.2821	8.1436	7.9451	8.8656	8.34885	8.1777	
PSMG1	11.2902	9.3895	11.0687	10.3495	10.1341	10.6631	
NR1H2	7.0337	7.1209	7.421	6.8815	8.22965	7.83695	
TMEM97	7.6612	10.2316	9.9931	9.5108	9.6096	9.9407	
LRRC41	10.8072	10.3132	10.7655	11.1308	10.916	10.8382	
PLS1	9.5435	9.06675	9.0813	8.5048	8.094	9.48805	
DUSP22	7.2465	8.45395	8.1755	8.0075	8.0635	8.4628	
KIAA1279	8.2986	8.4573	9.639	9.6776	9.7868	9.88115	
RPS6KA1	9.0125	9.16	9.0921	8.8821	9.10245	8.92425	
TCEAL4	7.7542	8.70435	9.3454	10.1425	10.0253	10.1508	
DCK	10.6292	10.2719	8.9178	9.0249	7.43325	8.7143	
NUP133	8.9353	9.3577	9.7938	9.7463	9.1406	9.2198	
NUP62	9.4954	8.14855	9.6925	9.3239	9.36865	8.74125	
TRIM2	8.8942	9.22895	8.5133	8.5221	8.41015	9.30825	
SNCA	9.7753	10.0656	10.3255	10.762	11.3325	10.4068	
SPTAN1	6.1447	5.98995	6.219	6.0499	4.9668	5.91855	
MALT1	7.5177	7.12605	8.3368	7.7766	8.26955	8.4334	
VPS28	5.1692	8.05645	7.1535	7.0175	6.5896	6.8176	
LRRC16A	5.7496	5.98035	5.8565	6.0858	6.82475	7.76045	
YKT6	9.6067	10.0537	10.5204	10.0491	9.7558	10.2034	
CHP	7.4429	5.47005	4.9991	5.509	5.8492	4.8938	
KIF2C	4.7233	6.72885	7.0155	7.6349	5.6311	6.5712	
NNT	7.637	8.2025	8.7941	9.3692	8.57895	8.8904	
NR2F6	9.5771	9.6151	9.5385	8.5143	8.6173	9.65905	
COL1A1	6.279	6.29565	6.4198	6.7643	6.64305	7.36065	
EXOSC4	5.1113	6.87955	5.3873	6.4074	5.89465	6.04255	
CDC25A	5.5476	7.6228	8.1171	7.2511	5.65255	6.77505	
PDLIM1	11.8708	10.9633	9.883	9.6576	10.1271	9.6636	
CRELD2	6.8975	6.1385	6.5389	6.0499	6.1022	6.2408	
TP53	8.825	9.8009	9.446	9.3114	9.0202	9.10995	
IQGAP1	9.439	10.007	10.1935	10.0775	10.3783	10.3888	
RRP12	8.4166	8.36415	8.7083	8.795	7.90655	8.4848	
ACAT2	9.639	8.4632	8.7006	8.2525	8.09695	9.78285	
EGR1	5.3235	5.8678	5.2362	6.5004	5.9523	5.32655	
MUC1	6.9253	6.7582	6.5254	6.465	6.5933	5.65975	
THAP11	7.1614	4.82535	6.4724	6.2957	4.76965	6.6831	
AURKB	9.9724	10.3512	9.7706	9.5563	9.0894	9.476	
CEBPD	6.9538	6.418	7.0672	6.8616	6.9625	6.9625	
HSPA4	10.9976	11.4965	11.038	10.8938	11.3274	10.8577	
MAST2	8.4843	7.49835	8.2957	8.7309	7.25685	8.3912	
DHDDS	7.7763	7.20955	8.0638	7.9116	7.787	7.35755	
TOP2A	12.7578	12.9867	12.8576	12.0874	12.2185	12.0391	
GADD45B	6.3255	6.54225	6.7641	6.6056	5.6517	7.2052	
NCK2	5.0345	8.58095	8.4614	7.9786	8.3695	7.62955	
AURKA	8.3933	8.3792	8.5416	8.3143	8.36905	8.5358	
KIAA0355	4.685	5.013	5.4451	4.8258	5.84315	5.27025	
B3GNT1	7.9888	6.98495	8.2797	8.1755	8.66935	8.2352	
DYNLT3	4.5892	7.21	7.6293	8.1751	6.49835	8.1825	
CDK5R1	6.5735	6.38975	5.8988	5.1608	7.60055	4.8716	
CHMP4A	6.6436	7.88145	7.2774	7.3979	4.7517	7.6812	
IPO13	10.0494	8.07585	7.6129	7.4752	8.1078	7.7667	
SCP2	7.3075	7.2334	7.8887	8.3983	8.3093	8.16775	
ITFG1	6.3531	6.55275	5.9222	5.3976	6.3404	6.3706	
RAD9A	6.8312	6.23445	6.6056	6.9538	6.7071	6.1229	
DRAP1	11.3905	11.6971	11.5124	12.0505	10.6872	11.642	
SPP1	5.4482	9.4222	3.5792	11.9346	8.36635	3.4532	
HYOU1	7.9456	8.69945	8.6474	8.8999	9.38635	9.01715	
PCMT1	9.107	10.6316	10.3979	10.3296	9.3111	10.6866	
FOS	5.7566	6.88225	6.5405	5.708	9.06255	6.9152	
FYN	6.7805	6.38675	6.8901	7.153	6.7053	6.9471	
MCOLN1	4.7589	5.9475	6.3446	6.1902	6.89855	6.65785	
MYC	9.8214	10.2982	10.1761	10.3842	10.1509	10.3324	
ID2	7.4678	5.87375	6.5389	5.8646	6.06755	5.9379	
POLB	7.4949	7.364	7.2934	7.7973	7.5096	7.70215	
CETN3	7.4949	8.13925	9.3732	8.8969	8.041	9.33335	
KCNK1	4.8832	9.01045	4.3684	4.3004	6.9911	4.8913	
AXIN1	6.7113	6.79225	6.5411	7.1821	6.558	7.2371	
SMC4	11.1403	9.76575	10.8747	10.2313	9.2846	10.2211	
RAI14	10.5582	10.2347	9.9737	9.8051	10.0418	9.7396	
SMARCD2	7.1829	6.4517	7.543	7.2601	6.1793	8.07265	
DNAJC15	9.3192	8.3933	9.1474	9.0354	9.41355	9.62525	
MPZL1	9.6329	9.81415	9.9587	9.7324	10.103	9.77065	
HOXA10	3.9179	4.39525	4.3684	4.065	3.6939	4.8917	
NRAS	9.1251	8.7562	8.9959	9.3518	9.36715	9.5211	
CASP2	6.4942	7.10505	6.7583	6.072	5.4962	5.9305	
EBNA1BP2	11.0595	10.778	11.908	11.7626	10.9973	11.6133	
CTNND1	8.4304	7.11995	6.2934	7.6945	6.7617	7.5658	
TATDN2	6.1222	6.7191	7.3368	6.5236	6.3876	6.20605	
LRPAP1	10.4285	10.2234	10.824	10.824	11.0804	10.6868	
ZNF131	7.0139	8.6709	8.8516	9.0212	8.06485	8.78675	
BNIP3L	8.5779	10.0573	9.9414	9.9532	9.6966	10.3648	
HOOK2	4.9761	5.5011	6.061	5.8128	5.55085	5.89265	
ERBB2	7.2263	9.28855	8.7562	9.0114	8.5176	9.124	
TBPL1	8.7417	7.8151	7.6667	7.5144	8.49285	7.74365	
INTS3	7.5408	7.78255	7.8589	8.0939	9.35175	8.5598	
RAE1	8.4926	8.3311	9.6275	9.428	7.7234	8.9337	
CDK1	10.6253	10.9614	11.191	10.5691	10.1947	9.8572	
RFNG	9.0376	8.4833	8.5982	9.1075	9.39845	10.3814	
MICALL1	6.0652	6.04275	6.2507	6.0073	5.47585	6.32925	
SLC35A1	7.8647	7.79315	8.0893	7.7938	7.97545	7.8396	
KLHL21	8.4478	5.4655	5.6707	5.5801	8.43015	6.60525	
NIPSNAP1	5.9166	7.27615	6.953	7.2937	7.4633	7.04085	
BCL7B	6.0294	6.74055	7.0531	6.8152	6.5461	6.3809	
TLE1	8.7301	10.7316	10.834	10.9859	7.8512	11.1251	
FZD7	9.7429	9.67585	9.2479	8.2271	8.67065	9.66985	
TIMELESS	7.6612	8.4593	8.4971	9.5033	8.47785	7.66995	
COG2	8.3165	7.6711	7.6539	6.8502	5.81935	7.30085	
DHX29	6.647	7.61795	7.2635	7.8271	7.58125	8.1	
MMP2	7.3404	7.1971	7.8697	6.3765	7.37885	7.36365	
MRPS2	10.0282	10.3494	10.2259	10.1597	8.83215	9.8838	
KCTD5	6.9934	6.8801	7.3421	7.4913	7.09845	7.61405	
TCEA2	8.8572	9.173	9.4923	9.569	9.66145	8.7914	
CNPY3	7.5939	9.3872	8.1678	8.4078	8.73975	8.72565	
FHL2	10.4117	9.7842	10.3587	10.0633	9.1974	9.80225	
ADAM10	9.4236	9.7754	9.8887	10.2353	10.1265	10.1157	
FKBP4	13.0097	11.9043	11.6356	11.5124	13.3424	12.4128	
CD58	9.8616	10.3827	10.9585	11.3285	10.9314	11.4146	
KAT6A	7.6745	6.46785	7.4532	7.8493	7.79265	7.6679	
CDK7	8.4776	10.5331	10.3392	10.8628	10.7708	10.7859	
KIF5C	5.367	5.4252	5.3096	5.4695	4.94845	5.05695	
HMG20B	10.4635	10.4823	11.0479	11.4343	11.6089	11.6269	
MAP3K4	5.7534	6.0707	6.2741	6.4221	5.7761	5.7985	
PIN1	9.1768	11.927	11.706	11.5652	9.8271	11.6733	
ZFP36	10.6032	7.9264	8.2145	8.1678	9.47485	8.59725	
INPP1	8.2383	9.44565	9.9787	10.2455	9.82365	10.2354	
LAGE3	6.2031	5.40525	5.6105	6.1337	6.2362	6.29185	
RAC2	7.2914	8.1585	9.1462	9.6482	10.0909	9.87735	
TNFRSF21	12.2042	10.9465	11.0355	11.365	10.6919	11.139	
HMOX1	5.435	6.007	7.252	6.8657	8.0375	6.2954	
KIF14	7.7844	6.82015	5.367	5.4184	5.80835	7.43745	
COL4A1	8.2821	8.1585	8.5248	8.2903	7.3468	7.9955	
DUSP6	12.3643	11.5966	12.669	12.5774	13.4297	10.614	
CYB561	9.9544	8.64875	8.42	8.5248	8.09945	8.6793	
EPB41L2	5.9367	7.49455	9.5853	9.1994	8.9939	9.3977	
GNAI2	6.9843	8.4326	9.3335	9.4542	7.66315	9.508	
HTRA1	10.4518	8.95685	8.6317	7.2975	9.44975	8.47145	
TSTA3	6.279	6.73755	7.8162	7.6068	8.6883	7.44755	
WASF3	5.3982	5.61305	5.5529	5.4695	5.4147	6.02765	
DNMT1	11.972	11.9548	11.8858	11.5368	10.5694	11.1289	
TSPAN6	7.2511	8.4112	8.1535	8.2283	8.77165	8.57835	
FBXO21	7.9862	8.79225	9.1433	9.0974	7.68915	9.0016	
RAB27A	8.6941	8.6404	7.997	7.8955	9.2719	8.30025	
DDR1	5.5839	6.9101	5.9496	6.5336	7.79585	6.01635	
PPP2R3C	9.9784	7.6334	9.4976	9.7045	8.38785	9.64225	
ADRB2	7.23	7.38385	7.3341	7.6723	6.6216	8.2453	
LPGAT1	7.6612	8.3635	8.8531	8.6532	8.11775	8.04285	
DUSP11	10.4646	10.0646	9.6211	9.7006	10.3787	9.1772	
GRB10	7.8464	7.5968	7.6945	8.4866	8.17385	8.97475	
MMP1	8.6823	9.8477	9.7967	10.3666	11.5084	11.9588	
TP53BP2	10.296	10.1633	10.5361	9.8959	10.3781	9.97545	
CDKN1A	6.9843	8.3066	10.5678	9.5218	10.3901	10.3406	
ZW10	8.8516	9.2119	9.2559	9.1717	8.05355	9.12225	
CORO1A	7.7844	5.5197	7.4012	5.736	5.50505	7.205	
TJP1	7.551	8.3981	7.1795	8.0939	8.2213	6.09385	
ABCB6	9.4681	9.4689	8.0749	7.8398	9.5233	8.3657	
XPNPEP1	6.7038	6.67245	8.47	8.4561	8.88565	7.2871	
MAMLD1	7.1379	7.11645	7.3323	7.6068	6.88385	7.9055	
MTHFD2	6.4218	8.3392	9.8051	9.0676	8.60715	8.7406	
DSG2	8.4113	9.25455	8.9196	8.8669	6.65125	8.91355	
PRAF2	8.0521	8.2953	9.1274	9.5485	10.2133	9.77885	
DNTTIP2	10.4285	9.61335	11.2094	11.101	10.4359	11.1292	
SLC27A3	8.8804	8.81505	7.9679	7.7605	7.8701	8.52325	
CD97	11.1288	11.7415	11.0793	10.8675	10.1083	10.9397	
HTATSF1	11.5652	11.219	11.6674	11.6228	11.9938	11.6416	
IL13RA1	7.5939	7.32665	7.9242	7.7742	7.73245	8.04815	
NCAPD2	10.3857	10.0936	9.3163	9.3502	8.6468	9.26575	
AGL	4.9928	5.85805	6.5581	6.0858	8.25785	6.05985	
TMEM109	10.0982	10.0111	10.4677	10.2243	8.6082	10.1836	
CDC25B	11.2406	11.5215	11.5652	11.2347	11.9796	11.7922	
ICAM1	7.6964	6.9839	6.8254	6.9257	8.1701	6.55515	
GATA3	4.9746	4.7237	5.5111	4.4466	5.2667	5.4205	
NUP93	7.6811	6.80735	8.4669	8.1755	7.445	8.285	
PLA2G15	6.2599	6.6628	6.9667	7.0155	7.51185	7.09665	
RPA3	4.9832	7.769	7.3089	7.8247	5.6935	7.1643	
PIP4K2B	6.617	7.1152	7.2032	7.0381	7.45505	7.335	
TES	13.7343	9.89495	11.2689	11.4951	11.6507	11.6599	
MYCBP2	7.2633	7.1523	7.1403	7.1597	6.8801	7.1506	
SPR	8.7647	8.94785	9.2398	9.6816	9.2459	9.6337	
PGRMC1	11.2584	11.4258	11.1838	11.3387	10.8141	11.2695	
RELB	6.7086	7.3394	7.5202	7.3815	7.5374	7.5293	
AARS	8.2969	7.4524	8.4971	8.0778	8.9932	8.26605	
EPHB2	5.7913	8.74645	7.3089	8.0431	5.8489	7.36995	
GPC1	7.0645	8.4617	7.3018	8.1556	7.96425	7.77925	
RPIA	9.874	8.8225	10.4112	9.4941	8.1338	9.6712	
ELAC2	10.1698	9.7515	11.0074	11.1838	10.3682	11.2568	
GPR56	8.473	9.41645	8.5891	9.7722	8.81725	9.9289	
NVL	8.3455	9.06565	9.0157	8.8349	7.63215	9.13535	
PLSCR1	6.8623	6.75925	6.5635	6.4815	5.98005	6.42175	
CHEK1	9.2858	9.12695	9.9188	9.3379	8.42145	9.4708	
CTSL1	9.7487	10.6278	11.4879	11.6411	11.9691	11.6073	
CTSD	12.212	12.552	12.8927	12.7736	13.2745	12.8151	
ME2	8.4583	8.37845	8.3296	8.587	12.9867	8.1584	
ARHGEF2	7.3075	8.2681	8.4113	8.5371	9.46935	8.7541	
PDGFA	6.7199	6.8483	6.944	7.1366	7.42095	7.32695	
ILK	10.4695	10.4864	11.2584	11.3776	9.89755	11.3489	
WDR67	7.9102	8.6738	8.1416	8.3542	9.27335	8.5262	
NFIL3	8.4188	7.1812	7.7214	7.6967	7.52315	7.5165	
RFC2	7.6134	8.9029	8.8051	8.9941	7.7383	8.62905	
ARL4C	8.6317	8.0057	8.2217	8.9741	9.98835	8.99	
TIMM9	8.7617	12.0319	11.6914	11.8184	9.0785	11.6777	
CPNE3	11.0341	10.8959	11.6167	11.6674	10.7719	11.7382	
ORC1	10.3799	9.2035	9.7574	9.2824	9.007	9.6812	
C5	5.3629	5.3215	5.3428	5.6685	7.4999	4.5659	
PARP2	8.8942	9.0378	8.9741	8.6183	6.7948	8.1859	
FASTKD5	7.8532	8.524	8.3306	8.6623	8.26895	9.3907	
SCRN1	7.6877	8.7224	9.8356	9.6084	8.9782	9.70515	
MAN2B1	8.9488	7.938	8.8164	9.286	8.7836	8.93375	
PTPLAD1	7.3639	7.9297	8.3158	7.4913	8.43515	7.73015	
MSRA	9.1592	9.2058	9.019	8.6317	8.94655	8.91375	
NFKBIA	8.6695	9.1765	8.8714	9.8792	9.0667	9.60845	
DCTD	7.2083	9.67695	9.8037	9.8334	10.1046	10.0049	
SYNE2	5.8952	5.9873	6.2711	6.0544	5.92545	7.84315	
MBNL1	9.446	9.47065	9.7864	9.9762	9.2895	9.82655	
UBE3C	10.9365	10.2699	11.1704	10.9944	10.2039	11.0636	
CCDC92	8.0544	7.58975	8.42	8.3185	7.58935	9.56295	
MYCBP	8.2525	10.5819	10.6074	10.421	9.2464	10.224	
CXCL2	9.8299	4.8296	7.5161	5.9068	5.8792	5.2982	
PTPN1	10.5175	10.0857	10.498	10.3907	10.0582	10.3322	
BRP44	11.0147	11.4811	11.3551	11.2692	12.1969	11.3204	
TIMM22	12.4213	9.8078	9.5563	9.7838	10.5898	9.8561	
ATF5	8.8116	7.78705	8.1799	8.0055	7.88905	8.6385	
ECD	7.4096	8.88445	8.6342	8.8187	8.561	8.58435	
CIRBP	8.6379	7.2461	8.7176	7.9687	6.41825	8.3428	
NSDHL	7.3954	8.41235	8.0055	9.4865	10.2427	10.1186	
ADI1	8.6753	8.38285	8.4278	8.1815	7.5511	6.3002	
NFKBIE	6.7982	5.8384	6.1565	5.9604	5.78455	8.13265	
ADCK3	4.4271	7.8529	4.9782	4.2969	5.21825	4.89185	
PRSS23	12.5331	12.4398	12.4975	12.3734	10.7604	12.3456	
CCNH	8.0023	8.32585	7.4308	7.4013	8.08675	8.06575	
GDPD5	6.9266	6.58615	5.8966	6.2507	7.56735	6.3799	
P4HA2	7.2764	6.76295	8.1489	7.4686	9.49715	8.44295	
TARBP1	8.0762	7.56405	7.1234	7.8867	7.1181	7.3587	
ATP6V0B	6.5735	6.6809	8.5416	7.6539	8.90975	7.7937	
RBKS	6.4547	7.5844	6.6827	8.0025	5.76305	6.6031	
CAPN1	6.5735	6.2775	7.957	6.267	6.6809	6.9602	
KDM3A	9.2824	8.9954	6.9569	8.8872	7.8949	9.13395	
BID	8.606	8.67215	7.6196	6.9156	7.1266	7.29245	
STXBP1	6.5953	6.18685	7.4686	7.7739	8.74335	7.84365	
ITGB5	7.7742	10.7778	10.8575	10.8747	11.5052	11.0986	
MTF2	9.0863	7.87055	8.9865	8.7768	8.10785	8.799	
HLA-DRA	7.8087	6.08295	6.2298	6.5798	6.05195	6.2042	
SLC11A2	6.5401	7.8676	7.6468	7.5134	7.5664	8.65735	
PDIA5	5.9166	4.7402	5.8988	5.4162	5.8525	5.58185	
PIK3C2B	4.7268	5.6923	5.0363	6.1717	6.0562	5.84815	
RAP1GAP	5.6402	5.19245	5.4217	5.624	7.783	5.8749	
SLC25A46	9.0692	9.30545	10.0302	9.7378	10.1852	10.0152	
CDK19	6.9879	7.53235	7.2842	7.2972	7.48815	8.25625	
NOLC1	7.0954	8.58765	9.1404	8.7405	7.83055	8.63165	
CAT	10.9766	10.1449	10.6268	10.6418	11.1417	10.8288	
KIAA0753	6.6436	7.36385	7.3032	7.5033	7.5182	7.2838	
DUSP14	8.0762	8.2381	8.0115	8.2794	8.0436	7.45015	
KAT6B	10.0275	7.30575	7.3647	7.1697	7.73075	8.1519	
CHN1	6.2599	6.54225	6.367	6.4598	5.63885	6.62975	
HMGA2	7.3018	6.1886	7.2077	6.927	7.33595	6.7188	
IGFBP3	8.9922	9.06145	9.0256	9.5958	8.98055	8.82135	
MAPK13	7.9456	9.07065	8.5885	8.7127	8.68285	9.50455	
TRIB1	6.5095	6.51175	6.4683	6.5878	7.22865	7.0456	
UFM1	9.4383	7.2822	6.3976	9.4553	8.3613	9.6352	
GNA15	6.4547	8.131	7.093	6.8978	6.9513	7.3385	
TP53BP1	7.5295	6.59225	7.6348	7.675	8.1251	8.127	
FRS2	7.1024	5.796	6.2197	6.7423	6.1343	6.52275	
IARS2	11.4476	11.5003	11.1996	11.1485	10.3565	11.0841	
BECN1	9.4837	9.63095	9.4418	9.4734	9.6912	9.5344	
GATA2	5.6826	8.2025	6.135	6.1859	5.82175	6.05235	
KDELR2	7.8035	8.6966	8.2434	8.2176	8.9222	8.4112	
RALGDS	7.8576	8.25445	8.9625	9.1622	9.0016	9.7719	
ELAVL1	6.8076	6.53765	7.6085	7.9908	6.6111	8.4066	
NRIP1	6.4273	7.07095	6.7703	6.282	6.274	6.63185	
CCNB2	9.5814	11.02	11.8318	11.8545	9.863	11.6383	
IFNAR1	7.5117	7.23375	5.912	6.7643	7.8184	7.23395	
MIF	13.7127	13.9969	13.9438	13.9243	14.3644	13.804	
RNPS1	12.0221	12.969	12.3433	12.518	11.6113	12.1831	
DAG1	5.3091	6.75775	7.7638	8.2595	6.59565	7.77115	
SATB1	4.7568	4.5367	4.5159	4.7681	6.6462	4.93425	
ARID4B	7.4936	7.69415	8.0153	8.4705	6.6285	8.5128	
IGF2BP2	7.1701	8.1459	7.7822	7.2937	7.04985	7.77285	
GSTZ1	10.1223	11.1667	10.3998	9.7792	10.4947	10.3022	
IGF2R	7.3945	7.59165	9.617	10.3713	9.2556	10.1826	
SESN1	5.6144	5.8887	6.1572	5.9068	5.16865	5.73255	
TIPARP	9.6455	9.1663	10.2341	10.4613	10.4979	10.5328	
CRTAP	6.279	7.6235	7.8685	7.9798	7.76655	8.3317	
SPEN	7.1797	7.1972	8.5493	8.1126	8.776	7.39105	
GMNN	12.8777	12.2211	12.212	11.5846	11.2952	11.4844	
PFKL	8.2591	8.83375	8.8349	8.6064	9.07415	9.0572	
CYTH1	6.4045	6.46185	6.7187	6.4815	7.26135	6.5857	
PDHX	7.6781	8.46905	9.798	9.7256	8.49805	9.4814	
DENND2D	5.2562	6.52045	6.1572	6.3446	6.85985	6.553	
PRCP	9.0292	8.57205	8.6073	8.4518	8.88775	8.60435	
CTTN	6.257	6.2676	7.0142	7.1367	7.65285	7.71525	
SMARCA4	8.0828	8.2666	7.9227	8.4445	7.77355	8.0438	
PYGL	9.121	8.7087	9.4293	9.7016	7.89945	9.793	
UBR7	9.1403	10.1208	10.1425	8.8015	8.4931	8.35265	
GRB7	12.3706	9.83325	9.9611	8.8648	8.4889	9.2268	
RPA2	8.4444	8.7189	9.6804	9.6712	9.222	9.8493	
CD44	12.6616	12.9731	12.8208	13.3742	9.70965	12.8414	
ERBB3	5.5801	5.0014	4.725	4.6791	6.5296	4.41255	
GTF2E2	8.9129	9.0883	9.3066	9.3502	9.20655	9.24595	
VAV3	7.4678	5.2881	5.0533	7.5241	8.1076	5.5888	
ABHD6	5.8188	7.25405	7.2437	7.3483	8.73605	9.08095	
ANXA7	9.6455	8.20595	10.3857	10.1016	7.44665	9.9101	
MAPKAPK2	8.2729	10.5087	10.8677	10.7983	10.8391	10.5496	
TXNRD1	13.1013	12.9373	13.2155	13.0097	14.1829	13.434	
CAB39	6.6682	8.1877	8.8051	8.5848	8.3232	8.83905	
FZD1	7.9743	6.10235	6.308	6.2004	7.05285	6.55745	
CRYZ	9.1531	8.60165	8.606	8.3814	8.89905	8.93415	
TIAM1	5.8952	6.0379	5.8173	6.2124	5.7062	6.3532	
DNM1L	10.4753	9.67525	10.0652	9.9055	9.84415	10.2386	
GAA	5.1195	5.6624	6.0394	6.3133	6.35755	5.65865	
DERA	9.9328	9.9545	10.3319	9.3564	8.8916	9.7225	
SKIV2L	5.7138	7.97925	9.5278	10.0236	10.0016	9.887	
BLMH	8.338	7.15875	8.2344	8.3516	6.8375	7.8439	
PTPRK	12.3804	10.4521	9.3277	9.6766	9.4711	10.1691	
HERC6	7.8437	7.86305	7.8201	7.5267	6.5535	7.1794	
RRP1B	8.1799	8.05905	8.7192	8.5857	8.13725	8.2101	
MKNK1	12.8417	9.91	9.4815	10.2682	9.26205	9.5689	
TSPAN3	7.551	7.67955	10.0466	9.4479	9.85375	9.62245	
ACOT9	11.1838	11.3226	10.924	11.1032	8.51535	11.0279	
PIK3R3	7.3075	5.8384	5.6826	4.6307	7.27415	5.02795	
KEAP1	10.3976	10.5689	10.5629	10.2341	10.2241	10.4244	
ST3GAL5	5.7496	5.3117	6.0629	6.336	7.814	10.7308	
CTNNAL1	11.7612	11.0905	11.9773	11.7993	10.1817	11.6117	
TFDP1	10.2013	8.8041	9.9461	9.5965	8.8566	9.7098	
ABHD4	9.4686	8.21075	8.0971	8.1489	7.8385	8.82325	
SMC3	7.5586	9.0324	8.9058	8.8328	8.43895	8.6116	
INPP4B	8.0544	7.26875	8.0328	8.4213	7.80915	8.4016	
LBR	8.7601	10.1767	10.2313	9.8887	9.36335	10.0017	
PPIE	10.6807	8.7591	10.0373	10.3073	9.75295	9.93935	
ZMIZ1	9.1046	11.0287	10.7307	10.9753	11.0494	10.0507	
PPARG	5.2486	6.97465	8.3922	8.3296	7.89835	8.44515	
TERF2IP	9.5309	9.84295	9.7878	10.0332	9.85915	9.9947	
BNIP3	10.244	11.1203	11.99	11.9023	11.5302	12.0718	
RPP38	8.3165	6.8022	8.2267	8.3697	7.9427	8.44735	
BCL2	4.4662	4.7516	4.4125	4.5234	5.18865	4.29475	
CAST	11.1485	11.1754	11.3717	11.2288	10.9897	11.2499	
BAG3	8.724	10.8259	11.3909	11.4101	11.3492	11.358	
RBM6	6.5735	8.8635	8.7841	8.7941	8.9672	9.38855	
CSK	8.0615	8.42155	8.7405	9.2576	9.1354	8.90675	
GNA11	10.2108	10.2013	9.8146	9.9188	8.70065	9.6576	
ALDOC	4.8812	4.55495	5.06	4.97	8.85125	6.16075	
TOR1A	8.3598	8.41465	8.5464	8.2845	7.8962	8.1817	
SLC25A13	11.3434	10.754	10.4524	10.5764	10.7726	10.36	
UBE2L6	8.1308	9.61655	9.8312	10.0526	10.0625	10.2601	
SYK	5.9166	7.25175	5.5272	5.5076	6.0872	5.5982	
TSPAN4	11.6674	10.8484	12.0791	12.1025	11.7928	11.9737	
NR3C1	7.2465	6.97455	6.8412	7.1413	7.26545	7.168	
PCBD1	10.3698	10.822	10.7319	11.0634	10.8849	10.6715	
ICMT	7.105	9.7947	9.7495	9.7792	7.80065	9.7592	
TRIB3	9.9955	9.66145	9.0039	9.4608	10.4614	9.5206	
EIF4EBP1	9.1298	9.57955	9.4726	8.9185	8.3039	9.0435	
PHF15	4.9928	6.3085	7.0381	7.5834	6.8092	7.7067	
CXCR4	7.4812	8.8303	7.6723	8.0232	7.58375	8.719	
GNPDA1	9.8082	8.51705	9.3454	9.5218	10.6112	9.30185	
CCND3	9.2662	9.77805	10.4356	10.2056	10.3764	10.4265	
FKBP14	5.1536	5.91255	6.0483	6.061	5.7873	6.06855	
CIAPIN1	10.4009	8.2091	9.4976	9.8858	8.30965	9.66645	
NUCB2	9.3431	10.3804	10.5159	10.27	10.2279	10.5203	
COG7	10.6666	9.3097	8.3143	8.2463	7.4573	8.06345	
RSU1	8.0246	7.11405	7.4816	7.9717	7.64835	7.894	
PTPN6	6.0777	5.8492	5.8723	6.1985	6.4043	5.98515	
TUBB6	12.9678	11.7713	12.1557	12.2462	10.7067	8.7747	
ABL1	10.4866	8.094	9.465	9.8523	9.46695	9.817	
DUSP4	9.4686	10.3372	10.655	11.0396	11.8149	11.0602	
CCNF	8.0055	8.27245	8.5745	7.8358	6.15925	7.9087	
PTPN12	7.3075	9.0004	10.4143	10.3225	10.2845	10.2546	
HSPA1A	9.5589	9.3307	9.7807	9.0767	7.95485	9.4558	
PCK2	7.8035	7.17345	8.0749	8.218	7.79405	7.182	
FAM57A	9.7825	8.515	8.8872	8.0055	7.7944	8.52475	
RB1	7.7405	8.75855	9.0484	9.0516	9.0909	9.00385	
EVL	5.638	5.02925	5.5284	5.9025	5.3111	6.06705	
GFPT1	7.0425	7.9081	8.1999	7.2563	7.86065	7.6484	
BLVRA	7.3739	10.0854	9.895	10.1099	9.9025	10.0364	
GPER	6.1859	6.74325	6.5411	6.2902	6.5736	7.13275	
EAPP	7.23	6.3962	6.8667	7.4091	7.5889	7.39405	
S100A13	10.27	11.7761	12.0204	12.1046	12.4911	12.2649	
EXT1	11.2347	10.9072	10.7728	11.6167	12.8214	10.8407	
MYBL2	7.9242	7.31095	7.9406	7.0155	6.19195	6.8907	
POLE2	8.764	9.35805	8.3049	7.9275	4.90835	7.1586	
STX4	9.354	9.5665	9.7378	10.0039	9.9142	10.2421	
PLCB3	10.3809	10.3467	9.8572	10.0642	8.71325	10.473	
TMCO1	9.053	9.8043	11.1269	11.1988	11.1764	10.8871	
C2CD2	6.0888	6.7454	6.0009	6.3155	6.0175	7.106	
PARP1	11.1	10.2519	10.5764	9.9134	9.48535	9.80145	
ANKRD10	8.1557	6.9202	6.8736	7.4376	7.6048	7.60035	
CCDC85B	9.6657	9.8258	9.8238	9.9873	9.405	9.75915	
DDB2	7.2934	8.01445	7.6899	7.3077	6.18205	6.7997	
DDX10	10.1106	8.29915	9.7436	10.0915	9.43955	10.3048	
BAMBI	8.17	9.33035	8.6956	8.0246	9.51625	7.68115	
CEP57	9.0498	8.5997	7.5046	7.3838	7.58225	8.12115	
HADH	7.551	8.696	10.1586	9.6513	8.3735	9.4774	
RAB31	8.7327	8.0313	8.9574	8.9803	6.9528	8.78655	
ABCC5	5.4217	5.7194	5.1746	4.9363	8.70815	4.84625	
GLRX	9.6657	9.0766	9.8676	10.6177	11.6442	10.6715	
MVP	9.639	9.701	10.9365	11.2713	10.7484	11.051	
RFC5	7.4041	8.3792	8.8	8.7507	6.0476	8.28	
HES1	7.5033	7.4637	7.2838	6.9536	6.1036	6.69345	
STMN1	11.1704	10.0171	11.1353	10.4753	9.7769	10.3794	
GALE	7.806	10.0688	10.0132	10.2259	11.2892	10.1528	
KLHL9	5.987	4.81845	5.2678	4.8537	5.15715	5.3022	
PTPRF	9.2357	8.54965	8.872	8.3694	8.26535	8.16825	
UBE2J1	7.1915	7.0489	7.7109	8.3774	6.85605	8.69145	
PGM1	10.5138	10.8214	10.5932	10.6666	10.8243	10.4999	
SLC37A4	5.7246	7.16495	7.8452	7.4913	6.3874	7.55105	
LOXL1	6.5953	6.9225	7.129	6.5618	5.9427	6.369	
PLK1	9.9026	10.1728	9.6943	10.0444	9.2812	10.5185	
MYO10	9.1968	9.41175	9.3165	9.4161	8.7081	9.78775	
NPRL2	7.4678	7.21785	7.4893	8.0055	7.49775	7.42805	
LIPA	7.8646	8.61005	9.729	10.4542	9.8338	9.9093	
PWP1	9.7676	9.83255	9.7145	9.841	8.70595	10.7666	
PHGDH	5.2679	5.58365	4.5728	5.4217	5.48415	5.16035	
PLEKHM1	10.3154	9.936	8.7252	9.3619	9.821	10.7575	
ST7	6.279	6.47655	6.7127	6.8197	7.29995	6.98995	
VAT1	9.717	9.97855	10.5222	10.4702	11.5633	10.8748	
IKBKB	4.8033	6.24645	6.5151	6.4976	7.1776	6.9753	
KIF20A	8.3192	10.218	10.6333	10.5582	8.37035	10.4079	
CDH3	4.9363	4.9066	5.8188	4.6649	4.6026	5.16695	
PCM1	6.9343	5.84055	7.5527	7.1038	5.54705	5.8429	
IER3	10.7893	11.3841	11.9382	12.3315	12.8379	12.597	
SSBP2	6.0394	5.16885	5.1746	5.6535	5.34505	5.7204	
FAT1	9.2509	10.1166	10.375	10.2676	10.0604	10.3161	
SNX11	6.0888	6.14775	6.0507	6.2711	6.8714	6.67785	
RNMT	7.9089	8.28495	8.2256	8.3023	9.3214	8.4063	
SFN	7.5231	9.0399	9.0861	9.3292	7.7275	8.59155	
EGFR	6.9843	7.6058	7.5527	7.32	8.18735	8.69485	
RFX5	8.1528	7.0569	8.4794	8.1902	6.275	7.4658	
NET1	8.7902	9.74165	10.3587	10.2959	9.6142	9.9411	
PKIG	8.5538	8.9815	9.1508	9.2245	7.98055	10.3786	
DECR1	8.4307	9.25675	9.2831	9.6672	9.46745	9.04035	
FSD1	6.9538	7.1088	6.5052	6.109	6.8941	6.97175	
ATP6V1D	8.6378	9.56095	10.6219	10.6901	9.13645	10.4825	
CDK6	5.1536	5.38095	5.06	5.3096	4.9289	5.9953	
CDC45	9.738	8.4951	8.5982	9.2827	7.64955	8.1951	
NPC1	8.2525	9.3081	9.1376	8.6279	9.56475	9.07395	
EDEM1	9.3787	10.1537	10.0054	11.2094	9.6998	11.0657	
MEST	12.926	11.4615	12.0073	10.7133	13.2614	10.9654	
MYLK	5.4482	5.6543	6.1356	5.7547	8.65755	5.8123	
PAFAH1B3	9.855	10.0007	10.445	10.5191	8.6838	9.97815	
CALU	11.8273	11.7619	11.7609	11.5693	11.3762	11.5271	
USP6NL	6.277	6.82635	7.3119	7.545	6.6267	7.3071	
LGALS8	7.8888	7.82285	7.7802	8.7591	8.3501	9.2228	
NT5DC2	8.8691	9.6338	9.4905	9.3853	9.42795	9.07855	
CCP110	9.7071	7.83175	8.0847	8.4252	6.83095	7.2534	
LRP10	10.2395	10.5352	10.6579	10.7728	11.2515	11.3215	
ATP1B1	12.4259	11.3396	11.9291	11.9861	12.4743	11.8068	
STK10	6.6023	6.68955	6.9831	6.6216	7.09915	7.63895	
OXCT1	8.7252	8.6295	8.6189	8.1799	7.8225	8.6376	
UGDH	7.8358	7.5634	9.1878	7.4648	7.7342	7.74045	
SLC25A4	8.6402	10.4508	10.4063	9.9283	10.8049	10.4006	
SQRDL	7.274	7.4945	7.6457	7.6293	7.5713	7.57735	
HEBP1	9.8629	9.4782	9.5553	9.8163	7.80525	9.6185	
PSMB10	7.9643	8.3124	8.6718	8.293	9.37305	8.5429	
ASCC3	6.3039	6.2505	6.2059	5.6334	6.17425	6.25185	
FGFR4	6.7431	5.4764	5.5387	6.2633	4.41855	4.6023	
CDKN2A	15.0002	13.1455	11.7568	11.2545	10.7107	11.5593	
TRAM2	9.5162	8.48375	9.6329	9.4161	8.641	9.2525	
ATP11B	8.9549	8.74235	7.7425	7.7629	8.09495	8.07545	
PYCR1	8.1145	8.60575	8.9727	8.9656	8.3837	9.20495	
CD320	11.4585	11.4334	11.3733	11.3148	11.6965	11.4494	
NCOA3	8.4307	7.7865	8.4775	8.724	8.8924	8.85125	
CDKN1B	10.2512	9.04435	10.0284	9.7098	9.22645	9.23545	
POLD4	7.6811	9.0102	8.834	9.5511	9.9895	9.85735	
FOSL1	11.4806	11.5413	12.1404	11.6548	9.3326	11.8058	
MLLT11	4.9761	5.92445	5.1746	5.3873	5.17745	5.57505	
CEBPZ	8.046	8.59165	9.2329	8.9532	7.7109	8.7447	
PRKACA	9.4542	10.1095	9.8523	10.3068	10.6553	9.65015	
GAPDH	15.0006	14.9995	15.0	15.0	15.0002	14.9995	
CBR3	4.6106	7.8191	5.4592	7.4282	4.66315	5.7471	
LYRM1	6.5581	5.19985	6.0356	5.9222	6.4028	6.3051	
