gene	0.04uM	0.12uM	0.37uM	1.11uM	10uM	3.33uM	
PSME1	11.811	11.516	11.8477	11.9526	11.9355	11.5	
CISD1	11.5	11.8357	12.0819	11.7236	11.8511	11.7105	
VDAC1	6.4766	6.4576	7.7072	8.0333	7.9051	7.0299	
SORBS3	8.6683	8.4241	8.3224	8.2351	8.2704	7.408	
SPDEF	9.4563	9.5695	9.7	9.7004	10.2784	9.9576	
ATF1	7.901	7.6452	7.8278	7.6203	7.0902	6.9809	
SPAG4	6.3873	6.0873	5.8905	5.9891	7.0047	5.6227	
E2F2	7.7488	4.4877	4.1253	4.4985	4.2713	4.6709	
RHEB	11.8293	12.0667	11.9357	11.9047	11.9203	12.1369	
IGF1R	4.7037	4.5669	4.4107	4.4877	4.322	4.8357	
SLC5A6	8.0447	8.1111	7.9447	7.7482	7.7309	7.1864	
FOXO3	6.6139	6.2371	6.0021	6.4923	6.6289	6.6669	
RGS2	13.0867	11.3411	11.4695	11.1319	11.4503	11.1457	
GSTM2	6.8818	5.2824	5.2824	5.3683	5.6059	4.9284	
SCYL3	5.7825	5.0796	4.4424	4.3902	4.6117	4.6709	
RHOA	10.2779	9.1921	9.3423	9.3	9.6823	8.5683	
TBX2	4.8406	4.3476	4.2026	4.2713	4.6117	4.3552	
DNAJA3	11.5978	12.8009	12.3614	12.5619	12.968	12.5107	
IL1B	7.8391	9.2225	9.006	9.508	10.8064	9.2809	
ASAH1	6.6335	6.408	7.3691	7.8651	7.6788	6.9116	
DCUN1D4	8.2937	8.7501	8.6959	8.6024	8.4304	8.3537	
DYRK3	6.6518	7.7337	5.7767	5.8575	5.655	8.4241	
RALA	8.763	8.4838	8.3575	8.3601	8.1297	8.064	
ARHGEF12	5.1221	6.8321	7.0353	5.4053	7.1262	5.4675	
POLG2	7.6547	7.8243	7.6302	6.4652	6.8081	6.8128	
SOX2	6.164	5.1324	5.1912	5.3389	5.4526	6.5635	
TRAPPC3	10.9794	11.0099	10.9642	11.3037	10.8951	11.2138	
SERPINE1	6.1136	5.631	5.9208	5.6473	5.6393	5.1376	
TCFL5	4.7044	6.1082	5.2297	5.5956	4.2205	5.164	
CRK	8.471	8.5928	8.4173	8.3841	8.589	8.58	
HLA-DMA	9.0039	4.5363	4.3725	4.6606	4.3195	4.9095	
EGF	6.0391	5.6227	5.354	5.5378	5.2612	5.911	
RBM34	5.2447	8.6634	9.3145	9.2753	9.2609	9.3027	
ITGB1BP1	9.9694	9.9297	9.7104	10.0674	9.4642	9.4986	
SPTLC2	4.939	4.8095	4.9901	4.9705	5.0291	4.4186	
ACLY	9.5075	9.4087	9.7764	9.593	10.8115	8.8628	
APP	12.8543	13.0064	13.0446	13.0446	13.1566	12.9653	
RAD51C	8.1346	7.7833	7.9815	8.4758	7.2274	8.0113	
TSKU	9.9971	5.2564	5.2447	5.0156	6.2751	4.6944	
SMC1A	9.1538	8.5354	5.7333	8.0211	7.9536	8.8712	
TMEM2	6.9339	6.5467	5.8096	5.9719	5.4718	5.7336	
NOS3	4.4107	4.7771	4.3682	4.7516	4.1541	5.3148	
YME1L1	11.0201	9.5958	8.9062	8.921	9.053	8.8803	
ACAA1	7.113	7.2854	8.4713	8.561	8.1553	8.1696	
CSNK1A1	9.0461	9.4935	9.6927	9.4869	9.9159	9.3213	
HSPA8	10.7525	11.2772	11.8293	11.1674	11.5315	10.7603	
NFATC4	5.1715	5.407	5.5864	5.5217	5.83	5.3184	
CCNB1	12.1165	12.4342	12.3009	12.0323	12.0667	12.0511	
TBP	7.2165	7.4392	7.9421	8.0506	7.7072	7.9921	
SLC2A6	9.561	9.4744	9.4145	9.3504	10.2507	9.8174	
WFS1	7.8781	7.9802	7.8148	7.8886	7.6547	8.4691	
EZH2	8.7121	9.2373	8.7655	8.9553	8.2343	8.7244	
UBE3B	7.263	7.8425	7.937	7.9158	7.6371	7.8277	
ICAM3	7.4565	8.1269	8.6046	8.1055	9.1956	7.4565	
NPDC1	7.7746	8.5808	8.9621	8.9206	8.9624	8.5139	
ALDH7A1	8.2764	8.8002	8.4882	8.4602	8.4787	8.6982	
BRCA1	4.5359	5.4211	5.8222	5.7767	4.8186	5.1082	
NFATC3	9.844	10.3482	11.1539	10.2066	11.4926	10.0526	
PSMD4	9.6485	10.3219	11.144	10.5489	11.5259	10.0367	
PCNA	13.3866	13.5463	13.5463	13.5781	13.59	13.5463	
PHKG2	6.922	6.988	6.9179	6.988	6.7265	7.6811	
ETV1	10.1113	7.0697	7.1496	7.3096	7.4939	7.1677	
POLR2I	9.8888	9.9024	9.9426	9.8888	9.5269	9.4968	
KDM5B	7.1024	5.8957	5.2164	5.4519	5.497	5.9243	
PSMB8	7.2995	8.1786	8.4171	8.3458	8.3948	8.7997	
AKAP8L	8.0051	7.3298	7.1299	7.2947	7.9758	7.6	
COG4	7.9739	7.9904	7.7279	7.781	7.634	8.3086	
MCM3	10.8193	11.1319	10.8951	10.8498	10.439	10.8115	
PLEKHJ1	9.0641	10.6083	9.0641	9.015	8.8046	9.1974	
HAT1	9.1755	9.2316	10.0571	10.0174	9.6791	9.3824	
TERT	6.2563	6.0361	6.1145	6.1683	5.2466	8.1203	
G3BP1	10.0843	9.6243	10.7389	10.593	10.5851	10.2951	
SNX13	8.1297	8.0188	8.0634	7.8505	8.2599	7.6991	
PAK4	8.1467	8.2351	7.9109	7.7537	7.5372	8.1304	
TPD52L2	8.3952	7.5294	8.4448	8.4466	8.3576	7.5067	
DPH2	6.7995	7.638	7.7279	7.7418	7.4482	7.797	
PIH1D1	9.3266	9.1026	8.5286	8.9336	8.8925	9.0746	
PRKCQ	5.0901	5.1218	4.6995	4.8719	4.8004	6.723	
SNX6	9.5938	9.9387	10.1709	10.1037	10.3175	10.1567	
EED	7.9512	8.1984	7.9398	7.9671	7.5738	8.2134	
SHB	8.1484	7.5191	8.0595	7.4536	7.3786	7.7767	
UTP14A	7.2794	9.2316	8.5937	7.7629	8.601	8.5327	
WIPF2	10.0571	8.2833	8.0876	8.2153	8.489	8.37	
NENF	11.0114	11.693	11.9286	11.7155	11.6364	11.6228	
TSEN2	9.253	9.7973	9.6203	9.7595	9.6604	9.8572	
RPN1	10.6281	11.6375	12.3098	12.3937	12.037	12.3698	
SUV39H1	7.4339	8.3607	8.4546	8.261	7.7852	7.7149	
C2CD2L	6.0724	5.5217	5.7074	6.066	5.7825	5.9719	
LYPLA1	8.5864	8.785	9.517	9.0458	9.4087	8.4916	
BIRC2	7.0538	7.707	9.1859	8.5877	8.8046	9.0039	
GABPB1	8.5388	8.1014	8.3412	8.4244	8.0302	8.5259	
MAP2K5	11.1349	6.9733	11.3888	7.0469	6.8128	7.6387	
POLR2K	10.4872	10.7317	11.8437	11.5729	11.7188	11.2658	
PTK2B	6.8704	6.8855	6.7488	6.8399	6.8301	7.2573	
PUF60	13.0301	12.9658	13.3018	13.0867	13.5463	13.0881	
DHRS7	11.7299	12.3131	12.1351	12.5383	12.2095	12.4863	
PAF1	7.5656	7.9671	8.6467	8.0044	8.4109	8.2796	
ARID5B	9.0847	8.2717	8.0766	8.8613	8.8325	8.1657	
POLR1C	8.9929	9.3972	9.2937	9.3149	9.3836	9.1692	
PAK1	6.8184	5.6759	5.6311	5.6787	5.3764	6.5034	
RUVBL1	10.4319	10.6446	10.7021	10.6954	10.4001	10.557	
AKT1	10.735	10.5555	10.2712	10.4638	10.0742	10.5225	
CDC42	11.9566	11.6024	11.6381	11.7416	11.7299	11.7965	
IGHMBP2	11.7785	7.382	6.0213	5.9513	6.1291	6.3117	
SENP6	8.2465	8.5937	8.5686	8.2183	8.6958	8.2508	
ADO	8.8765	9.2919	9.5343	9.5486	9.4621	9.1783	
HSPB1	12.4245	12.3937	12.5859	12.4935	12.5383	12.7358	
EBP	9.1138	9.4805	10.1283	9.6628	10.8159	8.8243	
TCTN1	6.478	6.9091	7.2307	7.185	6.7085	7.5461	
AKR7A2	9.593	10.099	10.1373	10.2555	10.1818	10.4138	
CASK	7.1197	7.4065	7.0337	7.5712	7.1091	7.6616	
PPP2R5E	9.9113	10.1402	10.0774	9.9786	10.0915	9.9711	
RRP8	6.2466	6.6264	6.1697	6.2637	6.0909	6.5517	
LAMA3	7.7193	7.5783	8.7273	8.9	9.0908	7.6487	
PIK3C3	7.2947	7.3706	7.4507	7.7852	7.5963	7.7091	
BHLHE40	7.8931	6.61	6.9867	6.3792	7.9932	5.8314	
CCNE2	6.5125	7.6589	7.5308	7.4089	6.5004	7.1705	
BDH1	6.1136	5.9648	6.2094	6.0213	6.1735	6.6428	
FEZ2	7.0867	7.1549	7.6913	7.1276	7.8416	5.4449	
IKBKAP	8.6846	8.9369	7.7546	8.9963	8.4849	8.739	
SH3BP5	5.9243	7.8588	8.0861	7.7353	7.9398	7.8871	
PPP2R5A	10.7101	10.4042	10.3073	10.3931	10.4131	10.3429	
SGCB	8.4109	8.9504	8.8393	8.4088	8.907	8.0871	
EML3	8.3965	7.6087	7.2403	7.3096	7.1262	7.592	
ENOPH1	10.5647	10.2157	10.6087	10.6324	10.2066	10.4015	
BIRC5	13.1566	13.1566	13.2233	13.167	12.9653	13.1566	
CNOT4	6.6803	6.3729	5.809	5.9746	6.3943	6.2466	
EPRS	10.7526	11.0465	11.4703	11.5381	11.3585	11.2403	
SNAP25	4.2605	4.5896	3.8175	3.6286	4.0357	4.2541	
JMJD6	11.4172	11.5479	11.6189	11.4444	11.56	11.4842	
PAX8	7.474	4.3682	4.7379	4.7771	3.9054	4.6944	
CBLB	6.5517	6.977	6.5221	6.4735	7.4663	6.8592	
SLC35F2	9.6607	10.5248	11.1674	11.1166	10.9185	10.8366	
ANO10	8.5541	7.5835	7.8803	8.0373	7.977	7.6059	
PDS5A	8.6136	8.679	8.8148	8.6959	8.5832	8.6428	
DFFB	6.8605	6.8368	7.0146	6.9281	6.6958	7.5473	
STUB1	12.2873	12.3377	12.5828	12.399	12.5601	12.4632	
PGAM1	12.0667	12.4702	12.7704	12.3561	12.7318	11.9922	
TGFB3	7.0463	6.1291	5.3193	5.1221	5.3035	5.3954	
BAD	9.886	10.9562	10.8366	10.892	10.3362	11.0566	
XBP1	6.3397	6.9979	7.5738	7.4334	7.901	6.4663	
NMT1	8.2826	8.4418	8.1827	8.3086	8.0373	8.0506	
PSMD10	9.166	9.8786	10.8456	9.9654	10.8038	8.4736	
ARFIP2	10.7101	9.7722	10.0742	9.9227	10.5009	10.0843	
RAB11FIP2	6.6871	6.5842	6.6292	6.3676	6.4269	6.603	
FPGS	11.2796	9.2773	9.0132	8.5706	9.2091	8.9369	
STAMBP	7.7664	8.261	8.802	9.1026	8.8458	8.4625	
PRKX	6.7638	6.6575	6.624	6.6803	6.6743	7.358	
RNH1	10.9035	10.4628	10.4305	10.6517	10.4872	11.4352	
ATG3	6.8626	8.5218	9.7459	9.6927	8.9553	9.4292	
FAH	7.4089	8.3467	9.2429	8.3649	9.0595	7.8651	
NCK1	9.9824	8.8726	9.9283	10.2291	10.2646	10.0769	
PLP2	9.1307	9.4147	9.3808	9.3875	9.3593	9.4082	
CFLAR	5.9891	6.7842	7.0288	6.6669	6.9204	6.9613	
SOX4	6.7995	7.9049	7.8454	7.686	8.0244	7.6695	
HEATR1	8.0373	8.2722	9.3003	9.1858	9.0293	8.8549	
TESK1	9.4888	8.9098	8.2509	8.3086	8.2501	8.3526	
HN1L	8.6119	8.5873	8.8433	8.6737	8.9329	8.2127	
WDR7	7.558	7.0299	6.2466	6.3349	5.9648	6.8399	
AKAP8	11.0274	7.8045	7.8677	7.9014	7.9447	8.4539	
RRAGA	8.802	8.3598	8.3467	8.2879	8.8991	7.9671	
ELOVL6	6.8111	6.9258	6.7961	7.0535	7.3681	7.3263	
SLC1A4	4.0625	4.6671	4.7335	3.899	4.6606	4.4537	
ACBD3	7.9158	8.2007	8.3952	7.6029	8.6211	6.8901	
GRWD1	8.5572	7.4223	7.272	7.1876	7.0668	7.1496	
PMAIP1	7.4065	7.3614	6.9759	7.2289	7.4727	8.5706	
STAT1	7.6547	8.6171	8.3422	8.651	7.892	7.3526	
FOXJ3	7.1667	7.7767	8.2401	8.6192	8.0193	8.4299	
TWF2	10.1023	10.457	10.4138	10.5945	10.2694	10.6446	
HDAC6	7.5249	8.2465	8.1346	7.9501	7.987	7.9318	
MTERFD1	10.2951	11.6381	11.8511	11.7797	11.6756	11.7539	
CCND1	7.2778	7.6371	8.3844	7.7249	8.6683	8.2183	
CHIC2	8.699	9.1538	9.2686	9.1665	9.286	8.9232	
PXN	12.6132	13.0667	13.0667	13.1249	13.3018	13.0867	
USP7	7.0535	7.2747	7.0535	6.9295	7.1769	5.2564	
NOSIP	9.7745	8.5396	8.9504	8.9432	8.813	8.1727	
PHKB	8.2276	7.9049	7.5769	8.0893	7.4509	8.628	
DLD	11.562	11.8191	11.7913	11.8293	11.6228	11.879	
NFKBIB	6.3401	6.096	6.2202	6.3597	5.8874	6.4489	
CASC3	10.2125	8.2114	8.0939	8.2268	8.2268	8.5328	
IDE	6.1753	5.4989	5.6311	5.5933	5.5746	5.3087	
CD40	9.0969	8.6761	7.8012	11.1814	8.8929	9.1538	
MLEC	11.4319	12.0095	12.28	12.0608	12.1791	11.9805	
GLI2	4.9065	4.5762	4.7037	5.0156	4.7304	6.3401	
PRPF4	9.2937	8.2753	9.0559	8.7511	8.4501	8.6136	
MELK	10.7244	10.855	10.8159	10.7603	10.5414	10.6733	
USP22	11.804	12.5436	12.9302	12.9302	12.7668	12.5859	
DAXX	11.7539	8.1269	8.4171	8.3725	8.2759	8.4909	
TMED10	11.407	11.9357	11.9116	11.804	11.9115	11.9634	
CHERP	9.033	9.1198	8.856	8.9398	8.5134	8.9504	
SMAD3	9.1026	8.7075	9.2617	8.4109	9.4817	8.4202	
OXA1L	11.9286	11.827	12.1912	11.9634	12.3214	11.7568	
PIK3CA	8.8929	8.778	8.6712	8.6786	8.2764	8.8859	
SNX7	8.995	9.3883	9.7571	9.3446	9.5921	9.4968	
TRAPPC6A	8.1055	8.1787	8.1068	8.1726	8.2104	8.8866	
ATP2C1	8.8105	8.7598	8.8625	8.8155	8.9398	8.6636	
CDCA4	7.3964	8.1349	8.2393	8.6907	8.7513	8.6609	
TBC1D9B	7.9447	5.7882	6.5597	7.2165	6.4092	6.9251	
USP14	6.6236	6.7025	6.9159	6.7525	7.0463	7.0375	
APPBP2	6.6079	6.8039	6.8184	6.6684	7.2995	7.0197	
CDC20	12.968	13.2439	13.4895	13.126	13.167	13.0089	
NARFL	7.5553	7.872	8.8866	7.4411	7.4536	7.5738	
RPS6	13.6492	13.8966	13.8966	14.0721	13.8966	14.2529	
DDX42	9.0854	7.19	7.899	7.8863	7.4777	7.6014	
ECH1	10.2015	10.6204	10.4935	10.5323	10.9567	10.542	
HDAC2	10.5225	10.6071	10.5414	10.4538	10.5766	10.4832	
IKBKE	9.2797	7.0817	6.4047	6.5427	6.5186	6.5095	
CCL2	9.5702	5.4142	4.9639	5.0209	4.6381	5.7914	
DFFA	7.8065	8.2501	8.3902	8.1486	8.6712	8.4364	
MRPL19	10.4948	11.6971	11.6662	11.7451	11.5	11.7451	
WDTC1	11.1078	8.6169	8.6428	8.6844	8.8229	8.5388	
PLSCR3	9.1431	9.467	9.253	9.3671	9.1091	9.2797	
SUZ12	8.5286	9.2024	9.6975	9.3671	9.4869	9.5075	
CSNK2A2	7.3437	7.7664	8.2134	7.4876	7.7896	7.8712	
H2AFV	8.2626	8.3067	8.0559	8.2368	7.8085	8.0634	
NUSAP1	9.6724	11.0682	10.4001	10.6926	9.7003	10.7732	
TICAM1	6.836	7.1629	7.6652	7.4876	8.7477	6.7961	
FAM69A	8.5713	8.5592	8.2599	8.5388	8.7987	7.7725	
KIAA0100	7.1589	7.1724	7.7337	7.6797	8.2343	7.1488	
PAICS	8.9291	9.1371	9.89	9.166	9.5975	8.1962	
SRC	10.6706	5.4291	8.9566	6.5004	6.2924	4.3918	
BMP4	7.2291	6.8444	6.4743	6.8856	6.4743	7.9739	
CDK2	8.6933	9.3962	9.3193	9.2665	8.8628	9.2536	
EDN1	7.6	7.2827	7.2358	7.2843	7.3481	8.8294	
XPO7	7.7249	8.6406	9.1718	9.3972	9.0084	9.2287	
FAIM	7.3398	8.6535	8.7121	7.9802	8.2943	8.3093	
KIAA0494	8.193	8.2796	8.6597	8.4304	8.8266	8.6959	
PXMP2	9.3671	10.2973	11.1451	9.6489	9.1371	9.0094	
SQSTM1	10.9707	10.8331	11.3236	11.254	12.1942	10.8159	
HIF1A	12.0819	13.1011	13.167	13.0667	13.33	11.9357	
TIMM17B	11.9994	12.037	11.7299	11.7742	11.734	12.9325	
STXBP2	9.3479	9.687	10.0709	9.8251	10.6071	9.515	
WRB	7.1443	7.1829	7.0511	7.1505	6.8704	6.7425	
ETFB	11.7905	11.8599	12.1033	11.882	12.1431	11.6858	
MNAT1	9.9462	10.4187	10.5862	10.3456	10.3769	10.4465	
CAMSAP2	10.0147	9.8502	9.8947	9.9032	9.8502	9.5809	
HPRT1	11.1207	11.351	12.0246	11.56	11.4671	10.4319	
ARNT2	10.3589	10.7244	10.1924	10.0614	10.6204	9.89	
RRS1	8.7127	8.8148	8.8771	8.6053	8.4207	8.1424	
ADAT1	6.1786	6.6139	6.0995	6.226	6.1082	6.4695	
SPAG7	9.1046	9.5255	9.4888	9.253	9.7668	9.5464	
MAPK1IP1L	9.7428	9.8572	9.9676	9.9566	10.2876	10.299	
SCAND1	9.2383	9.4164	10.407	10.5766	10.95	9.739	
MFSD10	8.8712	9.1991	9.2567	9.0885	9.6297	8.776	
MSH6	8.2796	9.3338	9.951	9.9024	9.4985	9.6096	
COPS7A	11.8581	11.1349	10.6618	11.1728	10.9374	11.1683	
UBE2C	11.6112	11.7105	12.4198	12.0926	11.6734	11.7856	
FIS1	9.1858	8.9993	8.4088	8.739	8.6089	9.2429	
HS2ST1	5.7174	5.7149	5.6395	5.7809	5.2786	6.374	
NUDT9	8.3537	8.628	8.1047	8.4489	8.0754	8.9437	
TXLNA	8.9624	9.8411	10.7786	10.479	10.986	9.8339	
CSRP1	11.7913	10.7338	11.333	11.2499	11.804	10.4447	
DNAJB1	10.6216	10.3843	10.8331	10.8267	10.6618	10.9153	
METRN	10.9672	9.5702	9.3611	9.3807	8.5869	9.4397	
TOPBP1	7.6322	8.1014	7.9051	8.0974	9.1824	8.1124	
ABCF1	10.5297	10.1668	9.811	10.0424	9.9209	10.2631	
TCTA	9.1198	9.1858	10.0235	8.7987	9.1227	8.6844	
LGMN	7.4507	7.3208	7.6394	7.3224	7.9789	6.619	
TLK2	9.2919	9.5809	9.1284	9.3962	9.273	9.1956	
KIAA1033	7.8712	8.651	8.9624	9.2561	8.9916	9.1613	
PTGS2	5.1218	5.0067	4.7927	4.891	5.1607	4.5363	
DNAJB6	10.2866	10.1924	10.4657	10.542	10.6249	10.4872	
PLA2G4A	10.2099	10.1567	9.7996	9.8401	9.9024	9.7459	
MAT2A	10.8366	11.924	11.9676	11.9355	11.924	11.9115	
TLR4	4.0995	3.9337	3.7963	4.0179	3.766	4.1782	
HMGCS1	10.7643	11.021	10.9769	10.95	12.8009	10.8331	
MBTPS1	7.2843	7.7401	7.4309	7.4421	7.6203	7.9014	
SPRED2	9.4047	9.5462	9.6144	9.2849	9.8751	9.8751	
ZNF274	6.8344	7.5988	7.2761	7.0817	7.4338	7.1876	
CLIC4	11.144	11.7299	12.0608	11.9922	12.3614	11.882	
MAP7	7.1876	7.1548	6.723	6.8081	7.2397	6.8033	
CHAC1	8.6532	8.9047	8.2007	8.5218	9.1538	9.0293	
EIF4G1	9.0187	8.549	8.461	8.7645	8.2753	8.2277	
BTK	4.1673	3.6338	3.7324	3.3586	3.3586	3.7938	
GNAS	12.3937	12.445	12.7668	12.6406	12.7166	12.4198	
MYL9	7.3521	7.7629	7.7951	7.4828	7.8148	7.657	
TEX10	11.0372	8.4849	7.1879	8.091	7.2549	7.2615	
PSMD2	12.26	12.7668	12.5383	12.4632	12.3378	12.5383	
ZNF586	6.0361	6.5923	6.5667	6.4827	6.603	6.5291	
CLTC	11.3072	11.5088	11.9047	11.4671	11.8875	11.2641	
IKZF1	5.2981	4.322	4.1253	3.9527	4.3668	4.5582	
APBB2	8.785	7.0728	6.3017	6.7951	6.3065	7.549	
HSD17B10	10.2291	11.0744	10.9567	10.9794	10.8753	11.0465	
RNF167	10.0709	10.1748	9.6337	10.3226	9.9078	10.0709	
STX1A	9.7941	9.7607	10.1709	9.9977	10.2779	10.0641	
ALDOA	8.5592	9.0056	10.5035	9.1257	10.6369	8.4459	
EPHA3	4.9471	3.9341	4.4424	4.7379	4.4995	5.2786	
STAT5B	4.7726	3.5525	3.4432	3.4749	3.8567	3.5206	
TXNDC9	8.2183	10.5209	10.5647	10.5035	9.9676	10.6561	
CCNA2	9.7942	10.0643	10.1837	10.2646	9.6669	9.9487	
VGLL4	9.7152	9.3124	9.2103	9.4621	9.1468	9.5025	
CASP10	11.9279	6.4124	5.2564	5.8096	5.9974	7.4583	
SDHB	11.6734	12.1033	12.7318	12.6668	12.3937	12.4342	
ETS1	7.9551	7.358	7.7611	7.4635	7.8116	6.945	
YTHDF1	7.4669	7.9429	7.4193	7.3849	7.4411	7.5191	
FOXO4	8.9275	7.185	7.5095	7.2941	7.872	7.3691	
LSM5	11.9047	11.7523	12.4933	12.2873	11.8477	12.1216	
TOMM34	8.1025	8.8146	9.7853	9.6628	9.7172	9.022	
ZMYM2	9.2287	9.05	9.5486	9.2774	9.3883	9.7672	
CHMP6	5.2049	4.9321	5.5616	5.2011	5.1138	4.8807	
KIAA0907	8.4671	9.3513	9.062	9.286	9.247	9.4682	
CASP7	6.6566	7.2639	7.0937	6.7007	7.4451	6.1632	
HK1	8.3507	8.7645	9.4209	8.8868	9.4105	7.892	
PAPD7	8.8831	9.4791	9.5442	8.9916	9.739	9.3671	
PIGB	9.3	8.8907	8.5572	8.6982	8.5314	8.6467	
CHEK2	7.7594	8.4466	8.2698	8.1714	7.9237	7.7418	
PLOD3	10.2536	10.6599	10.6523	10.4001	10.7021	10.5089	
ACD	6.5769	7.6962	7.9713	7.6895	7.6991	8.3988	
TRAK2	7.3706	7.3003	6.9394	6.8987	7.2003	6.8216	
SUPV3L1	10.5574	10.4447	10.2646	10.3282	10.4206	10.4305	
VAPB	8.0319	8.2509	8.3176	8.58	8.1867	8.2796	
GPATCH8	7.5798	7.3004	7.391	7.5475	7.2204	7.2747	
HSPD1	10.1283	10.5614	11.5046	11.4172	11.144	11.0597	
BUB1B	10.2569	10.3762	10.2694	10.0669	9.9607	10.3158	
TGFBR2	7.4411	6.8307	7.0173	7.3047	7.1837	6.6891	
MRPL12	12.5859	13.2233	13.3866	13.4895	13.6815	13.1678	
NOTCH1	7.5375	7.4159	7.448	7.6145	7.5294	8.4983	
PNP	10.479	11.4529	11.7797	11.5901	12.0271	11.5901	
SHC1	7.7799	8.4349	7.6352	8.1409	7.9429	8.3895	
ARPP19	9.3274	9.4047	9.1613	8.2891	9.3094	9.3098	
CEBPA	7.6014	5.1324	4.8931	5.1218	4.3201	4.658	
PSMF1	10.1569	9.7872	9.6122	9.5741	9.8618	9.4841	
RTN2	10.1924	9.4242	9.4489	9.4444	9.9352	9.866	
NPEPL1	8.8459	7.7011	8.4539	8.0113	8.5222	9.1091	
USP1	8.0284	8.0663	7.9802	8.0126	7.4392	7.4411	
RPA1	9.7073	10.532	10.2843	10.5555	10.0137	10.4798	
SIRT3	7.2266	6.0076	4.8004	6.2499	5.3193	4.6291	
KLHDC2	11.1539	11.7845	11.7409	11.6971	11.811	11.8962	
UBQLN2	7.4119	7.7769	8.3353	7.9161	8.4501	7.9884	
DMTF1	7.7168	7.0288	6.8559	6.8626	6.7656	6.9954	
SCARB1	8.772	8.4546	8.3499	8.4829	8.5004	8.7121	
CLPX	8.7281	8.5152	8.5272	8.3248	8.0528	8.5278	
TPM1	9.3124	9.4104	9.6341	9.4945	9.6823	9.3213	
TM9SF2	8.3827	8.2368	8.9553	8.8572	9.1431	8.3467	
TXNL4B	7.9318	7.5354	7.197	7.6371	7.1418	7.4324	
ATF6	9.9186	9.015	9.3479	8.8658	9.2651	9.0854	
PRR15L	5.83	5.9144	5.4322	5.8945	5.7096	6.4455	
NUP88	10.4638	10.4042	10.532	10.4872	10.3762	10.5489	
ST6GALNAC2	5.043	5.0866	5.4142	5.1912	6.0764	6.5221	
ADH5	9.0717	10.1494	10.8456	10.1924	10.7244	10.1818	
FUT1	6.9091	7.6166	6.9281	7.6408	6.7842	7.1589	
GOLT1B	11.1241	10.3698	11.0624	10.9301	11.0597	10.9104	
PRUNE	7.5832	5.558	5.4807	5.2196	5.1427	5.2297	
PPOX	9.0885	8.541	8.6053	8.5083	8.7562	8.2529	
SYPL1	12.4632	12.6447	12.6668	12.7318	12.5638	12.6132	
CANT1	12.4704	12.7704	12.5601	12.598	12.6406	12.5194	
ZNF451	8.305	8.6086	8.5084	8.5328	8.4489	8.7916	
HOMER2	8.2268	7.2085	7.4768	7.9389	7.5936	8.8229	
RALB	9.7191	9.8609	10.0071	9.9024	10.2418	9.5631	
CLTB	10.8064	11.5	11.5381	11.1539	11.351	11.2828	
TRIM13	7.4876	7.8781	7.346	7.6304	7.3884	7.8218	
FBXO7	6.632	6.9591	7.2761	6.9827	7.5783	6.6251	
PHKA1	9.048	9.1538	8.9188	9.0461	9.09	8.9206	
CYCS	10.9562	10.9961	11.5882	11.5046	11.4031	11.3037	
PPARD	8.3965	8.1959	7.415	7.2289	7.9611	8.0289	
ENOSF1	5.8738	6.1735	6.2964	6.2304	6.3532	5.6759	
MAP4K4	8.819	7.4033	8.4625	7.9627	8.629	7.5191	
PAN2	4.4661	5.2368	5.0166	5.2331	2.8392	5.0419	
STAT3	4.4967	3.1326	3.1019	2.8392	4.7304	2.8424	
LIG1	8.0935	7.592	8.3706	7.9237	7.3481	7.8459	
PPIC	8.2686	8.2393	7.9297	7.5147	8.4829	7.1864	
EIF5	10.5035	11.1867	11.9177	11.6228	11.5217	11.516	
GNB5	7.4421	7.4727	7.3208	7.4015	7.1629	7.518	
GNAI1	4.5669	4.4384	4.9854	4.6995	5.0866	4.0425	
INSIG1	8.1727	8.4838	8.8057	8.7389	10.0741	8.7749	
DNMT3A	7.1677	7.1418	6.916	7.1496	8.1533	8.6535	
TM9SF3	7.9539	7.7168	8.561	9.1956	7.7337	8.4466	
CCDC86	10.9029	10.8038	10.6258	10.7439	10.2536	10.6926	
HIST2H2BE	6.3118	6.5291	6.2964	6.4743	7.3208	6.7677	
S100A4	9.7822	10.0106	9.8005	9.8665	10.3158	10.0605	
SLC25A14	7.2639	7.6749	7.5495	7.3047	7.3298	7.3173	
KTN1	11.56	11.7082	11.693	11.5315	11.6024	11.1971	
TBXA2R	7.1276	6.7677	6.393	6.224	6.3261	6.3891	
ARHGAP1	9.7381	8.6554	8.7876	8.7181	8.599	8.6169	
FBXO11	4.7335	5.0244	4.8222	4.9321	4.7927	5.9079	
HERPUD1	8.2007	6.6518	7.4	8.2811	7.5475	7.5999	
LPAR2	7.6886	7.5409	7.8568	7.8245	8.0939	8.3706	
COASY	7.3489	6.4421	7.4635	7.4587	7.5566	6.619	
RPL39L	5.5616	5.7409	6.324	5.8366	6.2747	5.7484	
BPHL	8.9993	8.6844	7.8375	8.7861	7.7309	9.3941	
RASA1	7.3208	8.2211	8.3034	7.6304	8.1745	7.6283	
ATMIN	6.4269	6.875	7.0583	7.1703	6.6468	6.4827	
MAPKAPK3	8.6532	8.2826	8.6974	8.921	8.2852	8.2961	
CASP3	9.287	9.0885	9.0395	9.0959	8.8831	9.5269	
MBOAT7	11.5315	11.1683	11.0928	10.8319	10.8729	11.3856	
PNKP	12.108	9.7277	9.4509	9.7404	9.4394	9.817	
PSME2	9.9276	11.0372	11.516	11.9115	11.3562	11.8477	
NISCH	7.4992	7.8546	7.8224	7.8818	8.1242	7.7011	
SLC35A3	6.2099	6.4961	7.5666	7.2266	7.2215	7.9627	
CPSF4	9.4869	9.3626	9.3124	9.4234	9.2651	9.8383	
LSR	8.7131	8.541	8.3017	8.3353	8.1203	9.3883	
COPB2	9.4242	10.3175	10.3158	10.3669	10.7007	10.5173	
MEF2C	5.1552	5.5806	5.2011	5.6654	5.2447	6.2924	
GADD45A	10.2439	9.9632	9.5777	9.7138	9.8411	10.1037	
KDM5A	9.4397	6.8189	6.7146	6.878	7.0047	7.0817	
FAM63A	11.7523	5.4322	5.4619	5.9391	6.3135	5.6787	
SMNDC1	7.1829	8.3598	8.5967	8.7516	8.6467	8.744	
NUDCD3	9.0177	8.6975	8.739	8.5272	8.6844	9.1692	
RAB4A	10.3073	10.735	11.2187	10.6798	11.0982	8.683	
FGFR2	6.197	6.3118	6.1005	6.5291	6.7265	5.9746	
IFRD2	11.3236	11.5259	12.3698	12.1201	12.3561	11.6364	
BACE2	9.7647	10.1113	10.4206	10.0398	10.4913	9.0681	
HMGCR	7.6203	7.835	7.8278	9.2024	8.9048	7.7856	
LYN	6.0876	4.8731	4.8222	5.164	5.0504	5.4915	
SLC35B1	10.799	11.0538	11.0847	11.0338	10.9839	10.999	
ISOC1	7.7711	7.6886	8.6001	8.5517	7.9938	8.5493	
TIMP2	7.3224	8.3119	8.2911	8.1124	9.2165	8.1787	
DUSP3	8.0715	8.1593	8.1533	7.9512	8.6786	8.3571	
LSM6	8.1242	8.1402	8.5336	8.3541	7.7353	7.9207	
CALM3	7.0583	7.3298	6.9295	8.5418	7.2794	7.5433	
MOK	7.2397	7.3298	6.6949	6.8704	7.4919	8.3667	
PPP1R13B	6.5551	5.8905	5.9732	6.2675	6.3065	7.6156	
SACM1L	9.8308	10.4538	10.1994	10.5762	10.1569	10.5574	
DNAJB2	11.7665	9.2995	9.6258	9.477	9.7529	9.8534	
TCERG1	10.2398	10.2415	10.3077	10.0942	10.1569	10.2536	
CERK	7.7193	6.8133	6.5769	6.5923	6.6428	6.7638	
KIAA0196	9.8742	9.9758	10.4538	10.1532	10.639	10.169	
DNM1	11.1209	6.7119	6.9954	7.2615	6.8321	7.3398	
LAP3	9.9024	10.1071	10.3518	9.8071	9.8888	10.1837	
DDIT4	9.053	7.0685	7.1677	7.3298	8.5134	7.2729	
MAPKAPK5	7.4876	8.5314	8.4671	8.2643	7.8863	8.3575	
ALAS1	10.9885	11.7539	11.562	11.2937	11.8977	11.7299	
HDGFRP3	8.9916	8.5327	8.5152	8.4018	7.7928	8.1686	
PAFAH1B1	8.2882	8.0754	7.6394	7.7279	8.6958	8.1593	
PRKCH	6.6684	6.7525	6.5969	6.7004	6.7351	5.6153	
PSRC1	8.9329	9.4318	9.2165	9.1718	9.2316	9.331	
RAB21	9.5387	7.7249	8.6642	7.7188	7.8505	7.6394	
ERO1L	7.8546	7.7928	7.7355	7.7488	8.2343	7.0115	
PSIP1	7.541	7.4244	8.179	8.0358	7.5095	7.6547	
APOE	7.1048	4.3195	3.9341	4.0995	4.5669	5.7096	
CREB1	5.6227	7.9224	7.4244	7.4033	7.404	7.3967	
MBNL2	6.9759	7.1276	7.2615	7.1589	7.6145	6.61	
RBM15B	8.7471	8.6119	8.1589	8.4546	8.3571	8.9736	
PACSIN3	8.1203	7.6765	7.0639	7.6895	6.9394	7.8803	
TOMM70A	10.1464	10.1199	10.0106	9.9637	9.9715	10.2302	
CBR1	10.0495	10.1988	10.2291	10.3158	10.4454	10.0465	
MTA1	10.5851	9.3285	9.6528	9.4346	9.8704	9.4791	
MACF1	7.8012	7.8555	8.6372	8.9612	9.053	9.2416	
PRKCD	8.4535	8.9055	8.9437	8.8248	9.3164	8.6737	
CCNA1	5.8559	6.2401	6.0843	6.3506	6.7843	6.4426	
PIK3R4	6.4923	6.7862	6.6448	6.9655	7.3895	6.8167	
CSNK1E	8.8815	9.006	8.9336	8.8325	9.8081	9.4067	
HIST1H2BK	11.0597	10.8729	10.7317	11.0907	11.6189	11.6538	
JUN	7.5473	7.4015	7.5235	7.7011	7.185	9.2753	
PCCB	10.3226	11.0114	10.7928	11.0538	10.735	11.1112	
STAP2	8.3649	8.7655	7.6299	7.743	8.1593	8.0595	
TMEM50A	7.8671	8.4141	8.8545	8.6169	8.8361	8.6086	
PMM2	11.2641	10.5945	10.3669	11.3888	10.4246	11.0538	
SCCPDH	10.5143	10.8951	11.1207	10.532	10.9839	10.6352	
HSD17B11	6.1309	6.8977	6.0007	5.9529	6.4458	6.5186	
TSC22D3	6.8049	6.2738	6.5467	6.8039	7.1197	7.0288	
FBXL12	6.4047	7.9551	7.3562	7.3208	7.6	7.0668	
TFAP2A	7.9297	8.632	8.261	7.3849	8.4723	8.1984	
WDR61	9.248	9.2429	9.2797	9.1135	8.6398	9.3479	
ZNF395	9.4177	9.4394	9.6388	9.6851	9.5371	9.7381	
FAS	4.3813	3.641	3.6338	3.4432	4.4784	3.4432	
VPS72	7.5308	9.0333	8.3537	7.7168	8.7368	8.0694	
CENPE	8.3177	7.8886	8.0686	7.8943	7.2549	8.1867	
CLSTN1	9.5311	8.9098	8.9754	8.8433	9.1328	9.0768	
CREG1	10.782	10.7603	10.5489	10.0526	10.5489	10.3546	
MAPK9	9.4082	10.0867	9.656	10.5143	9.6126	10.7244	
PRR7	7.5963	6.953	7.1394	6.9458	7.2149	6.1786	
SKP1	8.4758	7.8943	8.418	7.8416	8.4376	7.1178	
POP4	9.7668	10.2439	10.1776	10.4465	9.9607	10.3663	
TMEM110	7.5095	6.4961	6.0213	6.7843	5.8906	7.2522	
NFE2L2	8.6169	8.1592	7.7141	7.872	7.7814	7.7279	
ZNF589	9.2345	6.6566	5.7767	5.7484	6.0873	6.3467	
BAX	8.2191	8.0696	7.8677	8.2722	8.1349	8.4469	
BLCAP	10.9185	11.0338	11.0063	11.0818	11.2038	11.3072	
CNDP2	8.819	9.1391	9.8961	9.7571	9.6144	9.7571	
FAM20B	7.0146	7.1318	6.9091	7.1091	6.7842	7.7928	
PROS1	4.1782	4.7335	4.891	4.6197	5.0244	4.4384	
TNIP1	8.635	8.9312	8.2826	8.2643	9.2533	8.0736	
CRKL	9.4621	9.5865	9.3974	9.5025	9.0998	9.4945	
P4HTM	10.4327	9.2505	9.7004	9.4105	9.6267	9.1046	
REEP5	8.8072	8.5928	9.2003	8.5877	9.2665	8.0634	
ZNF318	7.0934	6.4455	6.3298	6.2165	5.8458	6.3506	
BZW2	10.1628	9.9186	10.1905	9.6434	9.7622	10.3073	
FDFT1	8.6046	8.9356	9.9297	10.0891	11.2937	9.6738	
CGRRF1	10.6523	10.9329	11.804	11.6593	11.407	11.4561	
TRAP1	9.6126	9.8818	9.7706	9.811	9.6552	10.1348	
AMDHD2	8.5963	7.248	7.1236	7.3657	7.1418	7.4159	
GTF2A2	11.6381	11.5901	11.2658	11.382	10.9301	11.4444	
PEX11A	6.1555	5.311	4.8132	5.4136	5.3046	5.4041	
PSMD9	10.1199	10.1406	10.0398	10.0674	10.0465	10.0742	
GFOD1	7.2794	6.0764	5.7767	5.7263	5.3764	6.3298	
MTFR1	10.2302	10.3333	10.2476	10.4131	10.3055	10.4769	
PECR	10.0891	6.9458	7.4663	7.2435	7.4587	7.4089	
UBE2A	8.7051	9.8237	10.3282	10.3073	10.3013	10.2782	
NIT1	9.5001	9.4615	8.9834	9.3611	9.7051	9.5386	
SOCS2	6.4137	6.5913	6.393	6.5304	6.4132	6.7801	
SYNGR3	8.9336	3.8175	3.5556	3.8567	3.5556	3.8418	
ZDHHC6	6.7843	7.908	7.4992	7.6145	7.3757	7.7249	
ITGAE	9.3149	10.5574	10.2361	10.5663	10.0571	10.593	
NFKB2	4.7379	4.7379	4.3668	4.5366	4.3813	5.1736	
STK25	10.2246	10.0571	10.0643	10.1776	10.1606	10.2476	
TMEM5	9.9609	8.4207	9.05	9.7026	8.4271	8.8492	
ABCF3	9.5255	9.6267	9.9127	9.6267	9.5741	9.4869	
ATP5S	6.0213	7.2826	7.8855	7.3373	7.8588	7.4015	
FCHO1	6.5221	6.2094	6.4663	6.3017	6.9251	6.9832	
NGRN	5.7809	6.3237	6.9357	6.5635	5.6048	5.8366	
HOXA5	7.7116	7.412	7.0664	6.9653	6.8987	7.0173	
OXSR1	11.2533	8.7389	8.7263	8.7443	8.792	8.9553	
GRN	11.5217	11.4368	11.5729	11.4703	11.705	11.2499	
SMARCC1	9.7051	9.0152	9.9127	9.7459	9.5178	9.5626	
NUP85	10.1402	10.7526	11.0744	11.3236	10.6706	11.0063	
PAK6	6.9019	6.2363	6.4137	6.4862	6.4455	6.0798	
GHR	5.1736	5.0341	5.2182	5.4365	4.9705	5.493	
GTPBP8	9.1408	10.1758	10.6216	10.7928	10.0843	10.4948	
GLOD4	10.9096	9.3618	9.6724	9.7277	9.4126	9.4126	
PTK2	11.2142	11.232	11.5786	11.6593	11.6858	11.5943	
CDK4	10.8951	11.2403	11.1926	11.1457	10.7526	10.9642	
EPN2	9.5651	9.4346	8.9496	9.3051	8.8929	9.3712	
CCDC90A	5.654	6.9827	7.4876	7.0583	6.878	6.3768	
IL4R	9.6791	7.5375	6.603	7.0697	7.8245	7.4701	
KIAA0528	8.0051	8.7215	9.4371	9.4242	8.7273	9.4888	
PRKAG2	8.6755	8.0358	7.9591	7.937	7.8454	7.4895	
KIT	9.5986	6.8248	3.8972	4.0221	4.9981	4.3899	
MRPS16	11.9116	12.5168	12.8543	12.5601	12.9658	12.1165	
PTPRC	5.4003	5.3708	5.5155	5.4291	5.5406	5.2819	
RPS5	7.7537	7.9253	7.9593	8.1269	8.2556	7.3122	
NOL3	9.1371	9.2091	8.8726	9.1027	8.7181	9.6701	
PSMG1	9.7822	10.5851	11.4561	11.1902	11.0016	11.0372	
NR1H2	9.9786	8.9076	8.4349	7.7725	7.8568	7.9135	
TMEM97	8.6609	8.5591	8.9438	8.8492	9.0998	8.6677	
LRRC41	8.3824	10.2302	10.0364	10.1994	10.0741	10.0813	
PLS1	9.2186	9.4563	9.5371	9.244	9.5511	9.5777	
DUSP22	8.9706	8.1786	8.2686	8.7824	8.1962	8.5418	
KIAA1279	6.8818	8.2891	8.8613	8.3985	8.7389	7.8518	
RPS6KA1	9.3766	10.593	10.7454	10.8627	10.9383	10.9383	
TCEAL4	8.7477	9.6258	10.169	10.1435	10.4066	9.7487	
DCK	10.6352	10.5862	10.7049	10.393	9.7872	9.593	
NUP133	9.0458	9.3051	9.3375	9.3712	9.1718	9.9186	
NUP62	8.921	9.7853	10.3462	9.7607	9.8071	8.8671	
TRIM2	9.2714	8.5166	7.9499	8.2477	8.2277	8.2937	
SNCA	11.6045	11.5766	11.3411	11.5254	11.3411	11.7523	
SPTAN1	8.686	6.5186	6.3624	6.3273	6.1145	6.2304	
MALT1	8.1349	7.3397	7.8506	7.859	8.4368	7.3636	
VPS28	6.2087	7.8025	7.6547	7.0146	7.5836	6.5411	
LRRC16A	8.872	5.7004	5.8505	6.3117	6.5304	6.0364	
YKT6	10.0889	9.866	10.2404	9.8355	9.5777	9.9736	
CHP	6.4458	4.5366	4.7229	4.8132	4.9208	5.7347	
KIF2C	5.6059	5.5011	5.83	6.0333	5.7644	4.5896	
NNT	10.0364	6.8605	6.877	6.8721	6.7451	6.8605	
NR2F6	7.3964	9.2968	9.4653	9.2567	9.3712	9.0395	
COL1A1	8.3354	6.2738	5.8222	6.2915	5.5679	5.7253	
EXOSC4	8.785	7.9751	8.0479	8.0244	8.2191	7.8391	
CDC25A	8.9566	8.2038	8.1443	8.6406	7.3373	8.1918	
PDLIM1	8.5735	8.692	9.0842	8.3507	9.7742	8.8433	
CRELD2	7.8343	7.6927	7.6652	7.3047	4.9903	7.5553	
TP53	9.8308	5.043	5.0457	5.2049	6.5369	4.9854	
IQGAP1	8.4088	7.8712	7.6991	8.0976	8.5572	8.1242	
RRP12	7.8314	8.3601	8.1327	7.5375	8.1445	7.643	
ACAT2	9.2276	9.0926	9.0564	9.1743	9.8521	8.758	
EGR1	4.7431	4.0752	4.2713	4.4886	4.0816	4.9471	
MUC1	4.5582	4.5777	4.9705	4.6622	5.689	4.6037	
THAP11	7.743	7.0609	6.6698	6.8248	6.4343	6.6803	
AURKB	9.1991	9.722	9.9032	9.7942	9.3941	10.0106	
CEBPD	7.3373	5.5406	5.497	5.9638	6.1377	6.2165	
HSPA4	10.4832	10.7908	10.5574	10.6733	10.639	10.439	
MAST2	9.0774	8.091	7.6652	7.9789	7.8391	7.9237	
DHDDS	7.1226	7.0817	7.0969	7.2238	6.9295	7.8045	
TOP2A	11.3037	11.7856	11.7539	11.8191	11.0671	11.924	
GADD45B	7.4663	6.3467	6.5886	6.6292	6.4874	6.8855	
NCK2	5.8138	6.9979	7.3774	7.5279	7.2639	6.8486	
AURKA	9.374	7.9398	8.0976	8.1321	7.6963	7.3843	
KIAA0355	4.1974	4.803	4.2663	4.3195	4.6622	4.7739	
B3GNT1	9.7302	8.6211	9.1768	8.9787	9.0094	8.5433	
DYNLT3	7.6352	8.2943	8.994	9.5809	9.0039	9.0559	
CDK5R1	4.5363	4.2789	4.4877	4.4285	4.2026	4.5762	
CHMP4A	11.9922	9.9242	9.6607	10.1111	9.5902	9.6607	
IPO13	8.3224	8.3687	7.8886	8.2007	7.6608	8.5152	
SCP2	9.1091	9.2316	9.1806	9.2024	9.248	9.2276	
ITFG1	6.1377	5.7809	6.6212	6.6129	5.5864	6.9867	
RAD9A	6.7451	6.2099	6.4978	6.0995	6.5923	6.2363	
DRAP1	11.924	12.0206	12.0495	12.2095	12.2257	12.1575	
SPP1	5.5748	3.1019	3.641	3.1019	3.6989	3.157	
HYOU1	9.7515	9.2665	8.8231	8.8866	8.6974	10.0891	
PCMT1	9.1507	9.8676	10.542	10.3372	10.2931	10.3456	
FOS	4.9728	4.9182	4.7335	4.8271	4.939	5.6153	
FYN	5.8855	6.5304	6.2401	6.3223	6.2165	6.1753	
MCOLN1	8.4817	6.456	6.3506	6.0095	6.4367	6.0654	
MYC	11.0808	11.0886	10.852	10.9374	11.0977	10.6827	
ID2	5.8458	5.7409	5.7253	5.5665	5.7584	5.3389	
POLB	8.921	9.09	8.9765	9.0767	9.253	8.7691	
CETN3	7.6166	8.9553	9.0854	8.7562	8.7389	8.5592	
KCNK1	8.4244	8.4109	8.9706	8.4713	8.7945	7.8148	
AXIN1	7.2397	6.3223	6.3223	6.603	6.2446	6.0565	
SMC4	10.3333	10.0424	10.541	10.4015	10.0614	10.0137	
RAI14	10.2476	10.3698	10.1859	10.4518	10.2125	10.3372	
SMARCD2	8.686	9.3712	9.0908	9.2119	8.8294	9.1768	
DNAJC15	7.6578	9.0646	9.2753	9.1002	8.9993	8.9594	
MPZL1	9.8124	8.802	9.8411	9.6311	9.7672	9.5584	
HOXA10	7.6124	7.3636	8.6119	9.1408	7.933	8.7569	
NRAS	7.0116	6.6129	7.1975	6.7119	8.5218	6.9013	
CASP2	6.9827	6.3597	6.4248	6.6024	6.5191	6.8321	
EBNA1BP2	10.2361	10.6324	11.4352	11.1575	10.9672	10.892	
CTNND1	8.648	8.8545	8.5773	8.7127	8.7127	8.6262	
TATDN2	6.3986	6.1123	6.6183	6.456	6.3986	6.0867	
LRPAP1	8.8262	9.1135	8.9594	8.6712	8.6508	8.7441	
ZNF131	8.4173	8.6372	8.5782	9.1317	9.1921	8.7389	
BNIP3L	8.3902	9.8961	9.9862	10.0169	10.1988	9.6851	
HOOK2	9.9846	7.5564	7.5311	7.6687	8.175	7.1548	
ERBB2	9.3193	9.047	8.8549	8.9546	9.2809	9.1507	
TBPL1	8.3156	7.8632	8.5049	8.6659	7.5988	8.1762	
INTS3	9.0642	9.9913	8.5218	8.0302	8.7945	8.1145	
RAE1	9.3924	10.3456	10.6954	10.7007	10.3663	10.5035	
CDK1	11.5901	11.882	12.0495	11.811	11.382	11.734	
RFNG	9.7343	9.5921	9.3403	9.3164	9.0203	9.5695	
MICALL1	7.5931	5.8198	5.9391	5.6227	5.4599	4.955	
SLC35A1	8.2829	8.4331	8.686	9.0559	8.7389	8.9916	
KLHL21	6.3782	5.1082	5.4142	5.3193	5.6764	4.5226	
NIPSNAP1	9.5865	9.5402	9.4869	9.7191	9.7	9.882	
BCL7B	6.8444	6.8111	6.922	7.0084	6.8694	6.6627	
TLE1	8.9377	9.1743	9.2416	8.9473	9.166	8.8608	
FZD7	6.5672	6.0596	5.9746	6.0095	6.016	6.2099	
TIMELESS	9.6423	9.4509	9.2345	9.3513	8.924	9.467	
COG2	9.3343	9.8355	9.4371	9.5777	9.2429	9.7004	
DHX29	6.4969	6.758	6.1951	6.2094	6.2935	6.2446	
MMP2	9.607	6.73	6.4825	6.5095	6.9458	6.6575	
MRPS2	8.9438	9.7515	9.0617	9.4047	8.9509	9.2588	
KCTD5	7.7193	7.2437	6.8522	7.1066	6.8484	7.1996	
TCEA2	8.1683	8.3299	8.0284	8.0504	8.1686	8.4109	
CNPY3	11.7416	8.7287	7.541	7.1394	7.6927	7.4876	
FHL2	9.4707	10.5088	10.5766	10.6569	10.3624	10.735	
ADAM10	8.189	7.9158	8.0435	8.189	8.3177	7.798	
FKBP4	11.7105	13.33	12.44	12.5107	12.5413	12.7456	
CD58	9.7607	10.4319	10.4948	10.4187	10.6281	10.6087	
KAT6A	7.6589	7.7594	7.3125	7.657	7.1589	7.8769	
CDK7	9.9119	10.3931	9.9098	10.1283	9.6534	10.5057	
KIF5C	4.6622	4.6381	4.7044	4.727	4.6622	4.7927	
HMG20B	11.1768	10.8443	10.5088	10.9909	10.7105	11.351	
MAP3K4	7.2046	7.3706	7.1975	7.2451	6.9653	6.9561	
PIN1	11.6648	12.1165	12.1431	12.2542	12.1601	12.3131	
ZFP36	7.6589	8.2509	8.3041	8.4849	8.9594	8.1934	
INPP1	7.8769	8.0221	7.6484	8.1349	8.3675	7.7141	
LAGE3	6.226	7.5712	8.2829	7.5877	7.8375	7.4338	
RAC2	7.7028	7.7188	7.7564	7.9147	8.0819	7.8977	
TNFRSF21	11.4258	11.6858	11.4172	11.7905	11.7451	11.4671	
HMOX1	5.8505	6.119	5.7149	6.1377	6.6566	5.9746	
KIF14	7.6896	7.7294	7.9969	8.1787	5.5933	7.2358	
COL4A1	8.2099	7.353	8.2351	7.0817	6.7638	7.7249	
DUSP6	9.3671	9.9711	11.0393	10.9567	11.3719	10.8951	
CYB561	9.4945	10.0742	9.9439	9.6791	10.1207	9.5834	
EPB41L2	9.1718	9.4945	9.6534	9.5648	9.2042	9.1227	
GNAI2	8.3467	8.2319	8.4404	8.4929	8.3309	7.9499	
HTRA1	5.741	4.9903	6.1397	4.8624	5.3184	5.5378	
TSTA3	9.9209	9.7571	10.1074	10.0137	10.1859	9.8017	
WASF3	5.2182	4.9527	4.7739	4.762	4.891	4.8831	
DNMT1	11.2038	12.1942	12.2433	12.1601	11.8581	12.3937	
TSPAN6	10.9329	11.2274	10.9185	10.9672	10.8686	11.2926	
FBXO21	10.4696	10.2866	10.0278	10.2476	9.9977	10.2398	
RAB27A	7.8143	6.6843	6.5095	6.5667	6.226	7.4507	
DDR1	7.9051	8.599	7.0891	7.3629	8.4364	7.6863	
PPP2R3C	8.3153	8.1553	9.1138	9.3193	7.8632	9.1391	
ADRB2	7.6547	7.3572	7.2525	7.3691	6.7656	6.8301	
LPGAT1	9.2103	8.2211	8.8658	9.0564	8.1303	8.5166	
DUSP11	9.1086	9.5777	9.2792	9.2642	9.2381	9.2373	
GRB10	8.9553	7.2096	6.3407	6.1951	6.7351	6.0333	
MMP1	7.5461	8.4588	8.6508	8.5278	9.1859	8.9011	
TP53BP2	10.6561	9.7381	9.7706	9.7073	10.1151	9.8313	
CDKN1A	6.5411	6.5457	6.632	6.9091	7.5235	6.9561	
ZW10	8.2753	9.6045	9.5865	9.6607	9.3824	9.9352	
CORO1A	8.064	7.3086	6.2311	6.7043	6.5608	7.4635	
TJP1	8.6659	7.9161	7.205	7.7028	7.7896	8.5222	
ABCB6	7.6429	7.6235	7.1496	7.6811	7.7072	7.391	
XPNPEP1	6.8941	5.7914	7.558	7.1262	6.9867	6.5034	
MAMLD1	4.8518	4.1974	4.5363	4.3682	4.458	4.6197	
MTHFD2	9.5648	10.3372	10.7152	10.6352	10.3455	10.2931	
DSG2	6.7792	6.2446	6.0391	4.0625	4.5276	5.693	
PRAF2	7.908	4.4053	4.0179	4.9471	5.9208	4.5777	
DNTTIP2	10.5083	10.5083	10.4512	10.5851	10.3589	10.4935	
SLC27A3	8.1409	7.8425	8.6789	9.6528	7.6087	8.907	
CD97	9.8212	9.7568	9.6738	9.7964	9.3479	9.2156	
HTATSF1	10.8267	11.3585	11.4529	11.4031	11.1902	11.4319	
IL13RA1	7.9802	7.8493	7.6156	8.1533	7.686	8.6586	
NCAPD2	8.9504	8.9785	8.7829	9.1046	8.4983	9.0589	
AGL	6.3792	6.6428	6.5569	6.7278	6.4458	7.2274	
TMEM109	10.1905	10.7525	10.7105	10.744	10.5762	10.7105	
CDC25B	11.9873	11.5217	11.2749	11.5766	10.9961	11.554	
ICAM1	5.497	5.3683	5.4449	5.2182	5.7333	5.5582	
GATA3	4.4489	4.5359	4.1197	4.3476	4.5777	4.8518	
NUP93	7.8931	9.1227	9.1743	8.9566	9.0395	8.9125	
PLA2G15	6.2915	6.4343	6.5774	6.61	6.5221	6.649	
RPA3	8.2134	7.899	9.2906	8.8384	8.9291	8.3177	
PIP4K2B	8.1827	6.5672	6.5304	6.6997	6.8704	5.8723	
TES	12.0608	11.7188	11.6461	11.548	11.7236	11.5217	
MYCBP2	7.4482	7.3397	7.2639	7.263	7.0959	7.6962	
SPR	8.461	8.8925	9.5193	9.6243	9.0811	9.4744	
PGRMC1	11.879	12.1912	12.399	12.7006	12.3377	12.5828	
RELB	11.4695	5.9384	4.762	4.9013	5.5358	5.3332	
AARS	11.0982	10.0741	9.3051	9.5584	9.7428	9.477	
EPHB2	10.5089	4.9284	4.8715	4.6622	4.7788	5.069	
GPC1	7.9921	7.4041	7.2964	7.2451	7.0902	7.2947	
RPIA	10.1151	10.4138	10.6204	10.7244	10.2076	10.5663	
ELAC2	10.882	11.9922	12.0829	12.1165	11.7856	12.598	
GPR56	10.1116	9.7051	9.6489	9.9159	9.6489	10.7338	
NVL	9.6077	10.0052	9.6604	9.7595	9.4695	9.7428	
PLSCR1	7.1829	7.4648	7.4672	7.4583	7.0288	7.5606	
CHEK1	8.8034	9.515	9.5651	9.458	9.0811	9.4358	
CTSL1	9.1859	10.1326	9.8665	9.7941	9.8742	9.549	
CTSD	9.7	9.5025	9.7318	9.7302	10.1199	9.5986	
ME2	7.4695	7.6268	7.4613	7.8178	6.9771	7.9297	
ARHGEF2	6.3186	6.7146	6.5015	6.8987	6.9906	6.3873	
PDGFA	5.1905	6.1309	7.0788	6.1753	6.0132	6.9204	
ILK	9.3044	9.5975	9.6434	9.5938	9.7487	9.4695	
WDR67	9.015	9.5648	9.3251	9.0871	8.9369	9.7866	
NFIL3	5.9108	6.5769	6.7716	6.4874	6.9013	6.2674	
RFC2	8.9018	8.648	8.6136	8.6927	8.0871	8.5864	
ARL4C	9.0115	7.5794	7.3298	7.1799	7.505	7.1583	
TIMM9	13.126	13.4895	13.6492	13.6822	12.8453	13.4895	
CPNE3	12.5383	12.7318	12.9653	12.9658	13.0867	13.0064	
ORC1	10.3669	12.8862	9.6851	9.7672	9.4047	12.3214	
C5	5.4365	5.2504	4.9901	4.9527	5.4718	5.5217	
PARP2	5.9936	9.3281	9.6028	9.6679	9.1002	9.39	
FASTKD5	9.3266	8.7655	8.8925	9.3395	8.0766	9.1168	
SCRN1	11.232	9.2148	8.4018	8.3422	9.0717	8.3248	
MAN2B1	7.9815	7.5191	7.346	7.4482	7.6235	7.3208	
PTPLAD1	8.9076	9.2609	9.2325	9.3025	8.9437	8.9972	
MSRA	10.3487	7.1753	7.0685	7.3858	7.0664	7.6268	
NFKBIA	8.8925	8.3791	8.4983	8.4241	9.4563	8.5873	
DCTD	9.6297	9.3343	8.9134	9.0692	8.924	9.2774	
SYNE2	8.1015	5.311	5.2504	5.0703	4.4784	5.0291	
MBNL1	10.6428	9.5432	10.5323	10.6428	10.1659	9.5809	
UBE3C	10.3175	10.4935	10.2225	10.3589	9.9786	10.479	
CCDC92	7.9161	7.3724	7.4565	7.4536	7.9512	7.0664	
MYCBP	10.3282	10.8498	11.1112	10.8115	11.0201	10.6657	
CXCL2	6.4169	3.8507	4.1974	4.3057	4.3668	4.5276	
PTPN1	8.3895	8.3872	8.651	8.679	8.6609	8.2435	
BRP44	10.8443	10.9567	11.0278	11.0016	11.0744	11.0099	
TIMM22	11.5254	9.1454	8.8743	8.778	8.9643	8.5314	
ATF5	10.2646	9.7941	11.1209	10.5173	10.2712	10.1884	
ECD	9.8708	10.8686	10.7526	11.3585	11.0808	11.1773	
CIRBP	9.0108	9.0722	9.3957	9.1922	9.1046	8.778	
NSDHL	9.1234	9.2024	8.8355	10.2076	10.4538	9.7447	
ADI1	9.4318	9.4474	9.8572	10.1348	9.5702	9.6791	
NFKBIE	7.8931	6.1697	5.3193	5.7333	5.6227	7.0867	
ADCK3	5.3286	4.6606	5.0166	4.9728	5.128	4.6381	
PRSS23	9.5981	8.5214	8.064	8.4418	8.5832	8.1349	
CCNH	8.6933	9.8676	10.0022	9.9766	9.8313	9.7853	
GDPD5	7.937	7.4613	7.2435	7.3421	7.4244	7.9147	
P4HA2	7.6299	7.9421	6.9694	7.2777	7.1879	7.2291	
TARBP1	6.9663	6.8189	7.4014	7.1488	7.2689	6.9867	
ATP6V0B	7.0322	7.1488	8.2465	8.3412	8.0663	7.6484	
RBKS	5.6393	5.5806	5.1715	5.133	5.8738	5.7941	
CAPN1	5.2164	5.0291	5.1495	5.0796	5.5268	4.7229	
KDM3A	8.561	9.2505	9.2091	9.4292	9.1974	9.3094	
BID	7.5738	7.0469	6.3968	8.3264	7.8459	7.5126	
STXBP1	8.3041	6.0095	6.216	5.9648	6.0801	4.8623	
ITGB5	7.2874	8.0447	8.0244	8.3224	8.2134	7.948	
MTF2	8.5683	8.5539	8.9275	8.3299	7.7516	8.4915	
HLA-DRA	4.5113	4.7037	5.1607	4.1387	4.4995	5.407	
SLC11A2	11.2828	7.4494	6.4291	7.4267	6.5034	7.5151	
PDIA5	5.3683	5.3389	6.1951	5.5616	5.8905	5.0071	
PIK3C2B	6.3891	7.0171	8.1269	8.2501	8.4056	7.9979	
RAP1GAP	8.0665	7.9627	7.9591	8.0736	7.7011	8.189	
SLC25A46	9.3733	9.1138	9.8355	10.1402	9.4888	9.7745	
CDK19	6.649	7.1422	7.2526	7.5433	7.2904	8.0051	
NOLC1	8.0324	8.6233	9.0589	9.0589	8.6192	8.7287	
CAT	9.7796	10.2225	10.0891	9.9352	10.5574	10.4001	
KIAA0753	7.307	10.2125	7.2778	7.2693	7.2204	8.0289	
DUSP14	9.3712	7.9979	7.3897	8.1321	7.5988	8.091	
KAT6B	8.9206	9.3672	9.6077	9.691	9.9632	9.253	
CHN1	7.1318	6.0227	5.4989	7.2035	5.2164	5.354	
HMGA2	7.8459	7.6762	7.7564	7.6609	8.0861	7.3004	
IGFBP3	9.9862	10.1304	9.0461	9.1227	8.3571	9.0481	
MAPK13	8.778	8.5591	9.477	8.8262	9.1317	9.3611	
TRIB1	9.2617	9.882	10.1023	10.0975	10.5382	10.4246	
UFM1	8.7916	10.026	9.4817	9.4642	9.5902	8.7188	
GNA15	6.6395	5.5616	5.654	5.7584	8.8488	6.7525	
TP53BP1	7.9248	8.7338	8.7562	8.8326	8.3667	9.1198	
FRS2	10.0601	6.7025	6.0724	6.0434	6.5812	6.1291	
IARS2	11.693	11.9177	12.7358	12.5859	12.445	12.0246	
BECN1	11.1814	7.9593	8.0188	8.0401	8.2099	8.2576	
GATA2	8.5278	7.7294	7.4752	7.7021	7.317	7.7516	
KDELR2	8.4723	8.5641	8.7842	8.5873	8.5015	8.3224	
RALGDS	8.064	8.4207	7.8803	7.5126	7.8988	7.8055	
ELAVL1	9.4363	9.8383	9.3094	9.3618	9.4841	9.549	
NRIP1	9.4615	9.6364	11.1316	10.4985	11.4842	9.3504	
CCNB2	7.9237	11.6112	11.6832	11.8581	11.0372	11.6112	
IFNAR1	7.3849	7.4669	6.9694	7.3437	6.8483	9.0926	
MIF	14.3497	14.3497	14.387	14.4662	14.387	14.0721	
RNPS1	12.6447	12.2224	12.3781	12.3131	12.2065	12.3377	
DAG1	7.6014	7.4962	7.6652	7.1957	7.6528	6.5998	
SATB1	5.8945	4.6037	4.9035	4.1694	6.2099	4.3476	
ARID4B	6.8189	6.3017	7.7193	6.6024	7.5936	7.2748	
IGF2BP2	9.3395	7.6231	6.8444	7.9226	6.8483	7.2947	
GSTZ1	8.7181	8.6634	9.2316	9.0926	9.5809	8.9297	
IGF2R	9.0108	9.1755	8.7345	9.1199	8.6597	9.1915	
SESN1	7.5754	5.5094	5.693	5.493	5.3782	5.7004	
TIPARP	9.5518	9.4397	9.5741	9.7135	10.2015	9.8355	
CRTAP	7.9109	8.5049	7.8593	8.4916	8.1409	8.0861	
SPEN	8.7987	7.92	8.3601	7.9447	7.8081	7.2241	
GMNN	11.2658	12.4935	12.4245	12.445	11.882	12.5619	
PFKL	11.0016	8.9588	9.1479	8.5369	9.3778	8.5354	
CYTH1	6.8954	6.3994	6.5672	6.2371	6.5404	6.456	
PDHX	7.4939	9.1431	8.9815	8.9609	8.7281	9.3924	
DENND2D	6.3012	6.224	6.125	5.9243	5.9818	6.7891	
PRCP	9.9032	8.7103	8.7876	9.2429	8.3814	9.2078	
CTTN	8.6927	6.8049	7.0937	6.9513	7.0422	7.0668	
SMARCA4	8.6428	8.5272	8.679	8.5592	8.5357	8.7876	
PYGL	11.0099	10.9374	11.0465	11.0372	11.0928	11.1316	
UBR7	8.8266	9.0211	9.8818	9.4791	9.6927	9.0132	
GRB7	10.2694	10.892	10.0174	10.1567	10.3669	10.1494	
RPA2	10.5766	10.5489	10.4628	10.6281	10.0106	10.8038	
CD44	11.516	11.1674	10.9961	11.021	10.8627	11.021	
ERBB3	7.5542	7.1135	6.61	6.4295	6.6743	6.1776	
GTF2E2	9.9193	10.1532	10.1668	10.0774	10.0315	10.1283	
VAV3	9.4841	4.6944	4.7771	4.8004	4.9822	5.4915	
ABHD6	7.5007	7.8245	7.3025	7.4276	12.5194	7.908	
ANXA7	12.3378	12.7974	13.0301	13.3018	13.0446	12.8543	
MAPKAPK2	11.4703	11.2937	11.0065	11.2373	10.8498	12.3009	
TXNRD1	12.1033	12.5413	12.5436	12.6447	12.4702	12.6413	
CAB39	8.1486	7.558	8.2829	8.0871	8.6721	7.835	
FZD1	6.2094	5.9334	5.7004	6.1082	5.2702	7.0459	
CRYZ	8.4299	9.607	11.0847	10.8686	10.7454	10.6752	
TIAM1	5.9719	6.5191	6.6684	6.8559	5.9638	6.8721	
DNM1L	9.458	9.7191	9.593	9.6829	9.4504	9.6485	
GAA	5.2635	5.9108	6.6871	6.4047	6.7229	6.1309	
DERA	10.4447	10.2507	10.4454	10.4138	10.1758	10.3175	
SKIV2L	9.0561	8.8326	9.1915	8.7309	9.2373	8.6597	
BLMH	7.9421	6.9019	7.657	7.5798	6.5842	6.9653	
PTPRK	10.542	9.2208	9.1317	9.1493	9.2208	9.2091	
HERC6	6.2877	6.226	5.8559	5.7882	5.7484	6.0076	
RRP1B	9.3446	9.3446	9.4087	9.0132	8.819	9.248	
MKNK1	13.5781	11.562	8.9047	8.7562	9.5075	9.9632	
TSPAN3	7.415	8.1447	8.5808	8.0786	8.8549	6.7278	
ACOT9	9.7568	10.099	9.8521	10.0813	10.299	9.8609	
PIK3R3	6.705	6.6669	6.3782	6.5549	6.8111	6.8216	
KEAP1	10.457	10.3589	10.3843	10.435	10.4327	10.2507	
ST3GAL5	5.6839	4.5186	4.5226	4.2915	4.5363	5.3286	
CTNNAL1	8.091	8.0418	9.248	8.9621	8.4207	8.0504	
TFDP1	7.7733	10.0405	10.3931	10.3624	10.0709	9.9297	
ABHD4	7.3373	7.0084	6.8442	7.042	7.5702	6.7451	
SMC3	7.745	7.7814	7.9318	7.8085	8.1486	8.1808	
INPP4B	7.5126	7.3384	7.5036	7.4973	7.7188	6.8941	
LBR	8.0726	8.8888	8.699	8.872	8.3814	8.8868	
PPIE	10.7021	10.5143	10.882	10.4319	10.4518	10.8193	
ZMIZ1	10.0431	11.0977	10.5945	10.8817	11.1078	10.4638	
PPARG	10.1668	10.3518	11.3432	10.7338	11.2796	10.5945	
TERF2IP	9.5838	9.4256	9.3	9.2642	9.3149	9.4653	
BNIP3	11.9495	11.9115	11.6756	11.9873	12.0206	12.0206	
RPP38	7.3897	7.2348	7.263	7.4973	7.2777	7.3224	
BCL2	6.758	5.0071	4.3195	3.641	3.7662	4.0625	
CAST	8.6959	9.033	9.015	8.8262	9.1198	8.8248	
BAG3	11.734	11.2671	11.7451	11.7082	11.8357	11.254	
RBM6	7.4309	8.6721	8.2509	8.2541	8.0086	7.769	
CSK	8.5798	8.3412	8.7948	9.3283	8.1025	8.776	
GNA11	10.0301	8.8549	8.4056	8.8046	8.7516	9.0595	
ALDOC	7.634	7.634	7.2778	7.6387	9.006	7.9611	
TOR1A	7.6452	7.2675	8.0346	7.7856	7.5936	8.3237	
SLC25A13	8.1962	8.5735	7.7896	8.9743	8.0324	8.5614	
UBE2L6	9.39	8.6975	8.3544	8.3557	8.5369	9.1371	
SYK	6.5969	6.4663	6.677	6.7677	6.066	8.5272	
TSPAN4	10.8627	11.0439	11.4865	11.0465	11.8293	10.4454	
NR3C1	8.1592	4.1253	3.9719	4.1782	4.4285	4.6709	
PCBD1	12.6413	13.0301	13.126	13.2233	13.2233	13.3617	
ICMT	10.3843	10.7007	10.9271	10.5995	10.3456	11.0439	
TRIB3	12.3131	12.2873	11.0597	12.3378	12.6132	12.5168	
EIF4EBP1	9.2148	9.9846	10.4066	10.2144	10.2418	10.3282	
PHF15	6.8184	6.6803	7.3398	6.7927	6.988	9.7595	
CXCR4	8.3354	5.1938	5.1151	5.2504	5.5094	6.3223	
GNPDA1	9.5434	9.6947	9.5648	9.6337	9.4177	9.7073	
CCND3	8.5222	8.4489	8.6059	8.1867	8.1179	8.2879	
FKBP14	6.1005	5.7347	6.1291	5.8906	5.8019	5.7074	
CIAPIN1	8.4018	9.6794	8.9697	9.048	8.5706	9.7648	
NUCB2	9.0646	9.1408	9.0908	9.4087	8.9815	9.2714	
COG7	7.6962	7.6582	8.1203	7.7928	7.5495	8.1696	
RSU1	8.6406	8.2229	7.1975	7.5279	7.8886	7.2451	
PTPN6	8.4466	6.2165	5.2635	6.0213	5.2635	6.2371	
TUBB6	8.0071	8.6586	8.37	8.921	8.0974	8.6262	
ABL1	10.7928	8.3541	7.6452	7.8829	7.6609	8.0479	
DUSP4	10.5663	11.0274	11.2038	11.2274	11.4986	11.1207	
CCNF	6.585	5.8559	6.2371	5.8575	5.9079	6.1864	
PTPN12	9.2708	9.6489	9.7381	9.5865	9.8198	9.3972	
HSPA1A	9.5343	9.6297	10.999	10.9642	10.9503	10.2555	
PCK2	7.6777	8.1124	7.5798	7.7249	7.6962	7.5294	
FAM57A	10.4327	8.1303	8.2722	7.1629	7.1397	8.3299	
RB1	6.4248	7.3526	7.604	7.7077	7.8712	7.4701	
EVL	8.6192	6.6468	6.7842	6.6745	6.6079	5.7644	
GFPT1	6.836	7.4267	7.3843	7.5294	7.797	7.2824	
BLVRA	8.9172	9.9193	9.4242	10.1199	9.7302	10.3226	
GPER	7.6728	7.087	4.9639	4.955	5.3782	6.096	
EAPP	8.4404	7.1241	8.3093	8.5083	7.6863	7.8375	
S100A13	12.3098	12.6413	12.6413	12.6132	12.6447	12.7006	
EXT1	11.6971	11.1316	11.1241	11.2308	11.2641	10.6569	
MYBL2	8.6586	8.6132	8.8155	9.1546	8.5278	8.9754	
POLE2	9.886	10.2694	9.4323	9.4126	9.2103	9.6341	
STX4	10.1406	9.8237	9.687	9.7745	9.7668	9.9656	
PLCB3	9.0564	9.25	9.4695	9.4744	9.6829	9.212	
TMCO1	11.9279	12.1431	12.1788	12.2328	12.04	11.9116	
C2CD2	9.027	8.2556	8.6737	8.5214	8.6755	8.2643	
PARP1	11.0671	10.9526	11.232	11.2187	10.758	10.8817	
ANKRD10	7.0047	9.0094	7.3526	7.0375	7.2747	7.3373	
CCDC85B	9.053	9.2842	9.4444	9.5737	9.8174	9.3278	
DDB2	5.8532	6.585	7.5421	7.5988	7.0728	7.2451	
DDX10	8.6467	8.9706	9.027	9.287	8.6554	8.9566	
BAMBI	6.6236	6.931	7.1769	6.9906	6.6843	6.8368	
CEP57	8.58	8.8384	8.2319	8.5314	8.0401	8.8929	
HADH	8.3827	9.8339	9.6679	9.7376	9.3044	9.5975	
RAB31	5.5582	4.9728	5.8723	5.2635	4.9123	6.5404	
ABCC5	5.4526	4.4311	5.4142	4.9903	4.8333	4.458	
GLRX	10.1494	10.6706	10.7244	11.0744	11.1539	10.9885	
MVP	8.5798	9.2651	8.3988	8.8545	9.6607	8.7443	
RFC5	8.0506	8.8671	9.4318	9.8411	8.8572	9.221	
HES1	9.2182	9.3779	9.5584	9.4947	9.0617	9.0571	
STMN1	10.0328	9.8534	10.2876	10.2225	9.4985	9.7822	
GALE	9.3593	9.5834	9.3733	9.4817	9.687	9.1991	
KLHL9	6.9954	7.1178	7.1178	7.1879	7.0535	7.0937	
PTPRF	8.3067	8.4999	8.3248	8.4141	8.3895	8.4173	
UBE2J1	7.8651	8.3131	7.505	7.7116	7.7482	8.7645	
PGM1	10.1023	10.6352	10.5475	10.6249	10.7244	10.6249	
SLC37A4	7.2358	7.6	7.7458	7.4777	7.1505	6.4028	
LOXL1	11.4842	11.3888	11.6971	11.2138	11.5901	11.1241	
PLK1	8.1589	9.2797	9.5206	9.56	9.0926	11.1092	
MYO10	9.1391	8.4999	8.4817	8.4817	8.5666	8.3301	
NPRL2	8.5641	8.9432	9.015	8.9736	9.0461	9.6167	
LIPA	10.5088	10.9035	11.4444	11.0099	11.1881	10.9769	
PWP1	10.0022	10.7524	10.6303	10.7244	10.1668	10.5995	
PHGDH	10.1776	10.439	10.7281	10.4305	10.7732	10.0641	
PLEKHM1	7.353	9.1091	8.8325	8.8726	9.2753	8.3848	
ST7	7.6959	6.4426	6.7797	6.8111	6.154	6.5304	
VAT1	8.6234	8.7511	8.9612	9.0187	9.607	8.5641	
IKBKB	5.7941	5.8738	5.6393	5.741	5.7851	6.3237	
KIF20A	9.8255	9.7964	9.5809	9.9276	8.9787	9.5206	
CDH3	8.6211	8.5152	8.3827	8.4983	7.9627	8.3965	
PCM1	6.5569	6.0995	6.7638	6.6566	6.7951	5.6393	
IER3	11.1773	11.8293	11.8181	11.9495	12.2224	11.8687	
SSBP2	10.6087	6.4313	4.8731	4.9013	5.1552	5.5956	
FAT1	7.518	8.0113	7.3298	7.6	7.333	7.9088	
SNX11	6.533	6.6079	7.5936	6.5635	7.0422	5.4322	
RNMT	9.4489	9.6282	9.2964	9.331	9.5565	9.048	
SFN	9.0805	9.4565	10.8807	10.2125	11.2142	8.8066	
EGFR	7.9815	7.4494	7.2904	7.0937	7.1954	7.4197	
RFX5	7.7077	5.8053	6.758	7.113	6.9521	6.8307	
NET1	7.2313	8.2891	9.0908	9.3883	9.6364	8.9209	
PKIG	9.2809	9.561	9.4082	8.9369	9.1135	9.596	
DECR1	10.4657	11.5046	11.8962	11.7568	11.9357	11.4695	
FSD1	7.7353	7.6695	7.2291	7.5666	7.1957	8.2191	
ATP6V1D	10.2066	10.8627	9.7089	10.7858	10.0022	9.8521	
CDK6	9.8073	5.1905	4.6198	4.4285	4.0625	4.9035	
CDC45	10.3487	9.6738	8.2007	9.4209	8.3706	9.6669	
NPC1	10.1471	8.5259	8.2104	7.8897	9.0302	7.8085	
EDEM1	9.3403	8.9398	8.5139	9.3274	8.5057	9.0202	
MEST	11.5088	11.8437	11.4319	11.3933	11.3888	11.562	
MYLK	4.342	3.2841	4.0357	3.6338	4.379	3.9154	
PAFAH1B3	5.9746	4.7621	4.6795	4.9759	4.1541	5.0589	
CALU	9.4164	10.3624	10.6249	10.2784	10.2248	10.2439	
USP6NL	6.9359	6.4735	9.9186	9.517	10.1348	6.5504	
LGALS8	11.2671	9.6628	8.1696	8.8243	8.4846	8.5773	
NT5DC2	10.8686	11.4671	11.1319	10.9029	10.7977	11.5978	
CCP110	8.7351	6.045	9.1127	6.3837	9.8863	6.1269	
LRP10	9.5193	10.1116	10.1023	10.2931	10.2951	10.3669	
ATP1B1	11.7568	11.7568	11.6858	11.6189	11.516	11.6024	
STK10	9.2714	5.4807	5.655	5.423	5.948	5.5092	
OXCT1	8.9834	8.8361	9.0774	8.9864	9.0805	9.3251	
UGDH	8.4713	9.273	9.458	9.5834	9.4292	8.7824	
SLC25A4	9.5442	10.2536	9.9562	9.2353	9.9113	10.3077	
SQRDL	6.9116	8.5538	8.5641	8.5798	8.5822	8.4299	
HEBP1	8.8643	8.5928	7.5126	7.9551	8.3041	7.8025	
PSMB10	8.2578	7.7629	8.3667	8.478	7.2313	8.4241	
ASCC3	6.1344	6.9954	7.3608	7.0299	7.044	7.3359	
FGFR4	9.1974	7.5279	7.3025	6.632	7.2149	6.3782	
CDKN2A	13.4895	10.4872	10.3589	10.3769	10.5862	10.5555	
TRAM2	5.8646	5.9891	6.1981	5.8458	5.8314	6.4806	
ATP11B	9.5741	8.091	7.7249	7.8415	7.7279	8.0165	
PYCR1	10.4318	9.7138	9.5938	9.5975	9.6122	9.0461	
CD320	11.382	11.56	11.4986	11.4319	11.2138	11.0977	
NCOA3	9.1227	9.0187	9.0722	8.8831	9.3124	8.9901	
CDKN1B	8.3248	9.7089	9.2383	9.1768	9.2774	8.9092	
POLD4	8.5433	9.2561	8.9736	8.9047	9.4164	9.2345	
FOSL1	12.6185	12.598	12.7166	12.8843	12.9302	12.44	
MLLT11	10.6071	10.1776	10.0498	10.1111	10.0669	9.6337	
CEBPZ	9.5809	10.0813	9.5038	9.9342	9.4444	9.3766	
PRKACA	10.6926	10.9503	10.6428	10.8064	10.1871	10.858	
GAPDH	14.4662	14.527	14.527	14.3497	14.527	14.527	
CBR3	7.3125	7.7725	8.6636	8.9076	8.7215	8.4746	
LYRM1	6.3676	5.5742	5.7431	5.9817	6.2915	5.8096	
