gene	0.04uM	0.12uM	0.37uM	1.11uM	10uM	3.33uM	
PSME1	11.5003	11.578	11.8813	11.6142	11.1928	11.5216	
CISD1	11.4876	12.0411	11.8156	11.605	11.8566	11.5942	
VDAC1	12.2304	11.4451	11.8224	12.2304	12.1279	12.1292	
SORBS3	5.3306	5.1168	5.5185	5.6489	5.6945	5.5472	
SPDEF	10.8039	10.8872	10.8408	10.8263	10.8301	10.8108	
ATF1	7.0003	7.0551	7.2911	7.3257	6.3503	7.0356	
SPAG4	4.0465	6.6056	4.0465	6.9147	5.437	5.9173	
E2F2	5.5595	5.6707	4.7209	5.216	4.6525	4.7668	
RHEB	12.5363	12.5011	12.293	12.746	12.4373	12.6137	
IGF1R	5.5099	5.7768	5.855	5.8979	6.037	5.6101	
SLC5A6	11.3256	11.7061	11.9601	11.7737	11.3191	11.9912	
FOXO3	6.7813	6.9022	6.8893	6.8533	7.0003	6.7566	
RGS2	5.3863	5.3103	5.745	4.7717	4.3765	5.2026	
GSTM2	5.552	5.552	5.8572	6.0556	5.8413	6.1825	
SCYL3	4.9192	5.1845	4.9458	4.9958	4.7209	4.9939	
RHOA	7.8078	7.5318	7.8221	8.4626	6.9287	8.4207	
TBX2	4.7287	5.5993	4.608	5.3987	4.7582	4.968	
DNAJA3	14.187	13.4513	13.1067	12.9447	14.0083	13.6576	
IL1B	6.1119	6.6288	5.4494	5.3171	6.749	6.0731	
ASAH1	9.1444	9.2817	9.8098	10.5224	9.6049	9.631	
DCUN1D4	7.9656	7.9814	7.7236	7.5426	7.8282	7.3853	
DYRK3	6.655	6.3093	6.07	5.2356	6.6147	5.8272	
RALA	8.8629	8.5996	8.38	8.8439	9.0674	8.6151	
ARHGEF12	8.5987	8.4021	7.6284	8.2166	8.3172	8.6009	
POLG2	7.7104	6.9903	8.2932	7.4911	7.6103	6.8474	
SOX2	8.6663	8.9814	7.3404	6.456	8.806	7.3472	
TRAPPC3	9.5771	8.0905	9.558	10.0861	9.6461	9.6702	
SERPINE1	5.9454	6.3953	6.3993	6.4778	4.7489	5.4696	
TCFL5	4.5125	5.3907	4.3529	5.1842	3.5939	6.5115	
CRK	8.1048	8.0905	8.3593	8.3327	8.3954	8.3827	
HLA-DMA	4.7852	4.5559	5.0648	5.0728	4.535	4.9458	
EGF	5.5343	5.7946	5.6605	5.4494	6.2788	5.6707	
RBM34	9.3917	9.508	9.7231	9.8942	9.2629	9.416	
ITGB1BP1	9.0168	9.0706	9.0259	9.2287	8.8226	9.0551	
SPTLC2	5.6101	5.4483	5.8413	6.0236	5.0724	5.768	
ACLY	11.6494	11.4388	12.0338	11.8593	11.7338	12.2073	
APP	14.0083	14.1391	14.0338	14.1746	14.3801	14.3257	
RAD51C	6.6002	5.1045	6.5794	5.4094	5.7311	7.0413	
TSKU	4.7209	5.6605	5.3306	6.0867	6.3757	5.9345	
SMC1A	9.7156	10.0966	9.9565	9.9463	10.0145	10.0838	
TMEM2	6.088	6.3007	6.5538	6.7798	7.0433	6.2302	
NOS3	5.2615	5.6833	5.8695	5.6976	5.3412	5.3412	
YME1L1	8.8731	8.4867	8.8938	8.9938	8.8465	8.9518	
ACAA1	10.645	10.7417	10.9451	10.943	9.8254	10.3936	
CSNK1A1	9.0205	8.9906	9.0011	9.5871	9.5189	9.5219	
HSPA8	11.0874	10.8747	11.2573	11.4029	10.5253	11.1715	
NFATC4	6.9513	6.7735	5.6994	5.2108	7.4307	6.2401	
CCNB1	12.6137	11.9424	11.9888	12.0195	12.0769	12.0291	
TBP	7.9369	8.0156	8.0774	8.3936	7.7926	8.1718	
SLC2A6	9.0597	9.0509	8.6389	8.6423	9.3958	8.6479	
WFS1	7.1801	6.9421	6.9737	6.7922	7.0356	6.749	
EZH2	8.4742	8.9126	8.9906	9.1842	7.4726	8.8226	
UBE3B	9.0328	9.3584	8.6503	8.5359	9.5437	8.4398	
ICAM3	5.9526	6.8258	6.3054	6.9798	5.6101	6.456	
NPDC1	10.2593	10.7239	10.8089	10.7073	9.6277	10.8872	
ALDH7A1	7.3767	7.1785	6.8849	7.5294	7.7533	7.943	
BRCA1	3.8308	4.8743	4.2268	4.3574	4.7852	4.3815	
NFATC3	8.1048	7.6359	7.5089	7.1526	8.7429	7.4842	
PSMD4	11.7411	11.7399	12.0411	12.1021	12.0889	12.0671	
PCNA	14.8354	14.8354	14.5398	14.8354	14.5199	14.8066	
PHKG2	7.6692	7.6542	7.8421	7.6174	7.6526	7.6894	
ETV1	4.7785	4.6783	4.3888	4.8857	4.9068	4.7423	
POLR2I	10.987	10.987	11.0966	10.9125	10.0288	10.7179	
KDM5B	6.4573	5.7428	5.7684	5.1616	5.8654	5.4162	
PSMB8	7.6753	7.8714	8.0095	8.4122	7.8704	7.6648	
AKAP8L	6.3595	6.5409	6.4929	7.7371	7.7307	6.2769	
COG4	7.7805	7.4245	7.9075	7.0908	7.1707	7.6776	
MCM3	10.8104	10.374	10.2632	10.805	10.6751	10.7596	
PLEKHJ1	9.4518	9.2495	8.8606	9.3636	9.1581	9.1507	
HAT1	8.3533	8.3473	8.1567	8.5609	8.4592	7.9932	
TERT	6.3104	6.896	6.4317	6.2401	6.9287	6.7307	
G3BP1	10.231	10.3342	10.5511	10.5888	10.1906	10.5224	
SNX13	8.2571	8.2322	8.2728	8.2618	9.2956	8.327	
PAK4	9.3709	9.589	9.3661	9.1791	9.1393	9.3204	
TPD52L2	9.2023	8.9333	9.7043	9.922	9.5405	9.8856	
DPH2	8.318	8.3684	8.4897	8.6151	8.3291	8.3337	
PIH1D1	8.0304	7.803	7.8485	7.8118	7.8071	7.8683	
PRKCQ	5.5357	5.2779	5.224	5.1353	5.14	5.1508	
SNX6	9.5831	9.3922	9.4942	9.7916	9.5812	9.456	
EED	7.6692	7.9813	8.1375	8.1856	8.0691	7.5799	
SHB	9.7764	8.6035	8.7429	7.3711	9.7261	8.2716	
UTP14A	7.7391	7.8582	7.9501	8.0576	7.9548	7.8561	
WIPF2	10.8108	10.7108	10.7417	10.8952	10.7329	10.459	
NENF	10.2988	10.6514	10.6126	10.7058	10.4494	10.5767	
TSEN2	7.3438	7.5031	7.316	7.8195	7.3305	7.5116	
RPN1	12.2703	12.4128	12.746	12.7056	12.3647	12.4879	
SUV39H1	7.3853	7.2058	7.2472	7.7026	6.8378	7.2963	
C2CD2L	6.0669	5.8391	6.4394	6.4697	6.5785	6.2771	
LYPLA1	8.6823	8.8007	8.8717	9.2857	7.7036	9.0468	
BIRC2	7.2918	7.4842	7.3203	7.7066	7.0274	7.4778	
GABPB1	8.3954	7.8838	8.3854	8.5668	8.0217	8.1026	
MAP2K5	7.0784	7.3749	7.2187	7.1488	7.2347	7.4373	
POLR2K	8.8656	9.1925	9.1388	9.0493	9.2472	9.0715	
PTK2B	8.5331	7.9173	7.5799	7.2739	8.4673	7.8941	
PUF60	12.2767	12.1471	12.1521	12.6133	12.0182	12.0769	
DHRS7	10.1415	10.304	10.0912	10.4357	10.1604	10.3826	
PAF1	9.6837	9.3835	9.4894	9.2768	9.7874	10.102	
ARID5B	8.0539	7.6229	7.4802	7.316	8.0718	7.3572	
POLR1C	8.1795	8.268	8.2166	8.3719	8.5038	8.2224	
PAK1	5.8254	5.6353	5.5393	5.437	5.3237	5.2566	
RUVBL1	9.8983	10.1262	10.1906	10.5683	10.1154	10.2462	
AKT1	11.2127	11.0964	11.0455	10.8747	10.2942	11.1961	
CDC42	9.5113	9.5674	9.9396	10.1632	9.1763	9.3914	
IGHMBP2	6.4259	6.3993	6.3549	5.9454	6.8978	6.4968	
SENP6	9.4424	9.3296	9.4522	9.4437	9.8066	9.7665	
ADO	6.4847	6.6774	6.8749	7.2844	6.2361	6.8547	
HSPB1	13.6387	13.5326	13.3983	13.5326	12.8667	13.2694	
EBP	8.2478	8.3157	8.8303	8.534	8.3291	8.6363	
TCTN1	6.1853	6.7146	6.0685	8.763	6.6814	6.2482	
AKR7A2	9.8384	9.4364	9.4835	9.8008	8.8629	9.5842	
CASK	5.9345	5.6355	6.0265	6.2128	5.5993	6.4461	
PPP2R5E	10.836	10.0619	10.102	10.1906	11.1715	10.2206	
RRP8	7.0328	7.4121	7.4519	7.3257	7.136	7.2911	
LAMA3	5.1721	7.2646	4.2657	5.5481	5.1903	4.8514	
PIK3C3	6.6814	6.4697	6.1574	6.2352	6.7702	6.4697	
BHLHE40	3.6839	5.4748	5.3038	5.47	4.2084	3.8635	
CCNE2	5.8044	3.8961	3.7165	4.0465	5.5935	6.033	
BDH1	5.4569	5.5231	5.4587	5.8237	5.3213	5.0724	
FEZ2	4.4112	4.662	4.1085	5.1045	3.8308	4.9939	
IKBKAP	8.9381	8.7356	9.0543	9.1572	8.268	8.912	
SH3BP5	6.6419	6.1442	6.3226	6.34	7.2024	6.4461	
PPP2R5A	10.7691	10.6355	10.8468	10.898	10.3546	10.805	
SGCB	5.4629	5.6844	5.4022	5.4644	4.4014	5.437	
EML3	8.5491	8.3684	8.4941	8.3007	7.1231	8.0908	
ENOPH1	11.1471	11.7045	11.4328	11.595	11.4882	11.3588	
BIRC5	11.3015	10.9372	11.595	11.9148	10.54	11.5118	
CNOT4	7.1201	7.3022	7.2898	7.6678	7.3401	7.0251	
EPRS	10.7972	10.8077	10.9125	10.9064	10.6355	10.8332	
SNAP25	4.7287	4.5918	4.5472	4.1891	4.4994	10.8952	
JMJD6	11.4735	11.0966	11.7199	11.7531	11.8261	11.4041	
PAX8	3.7662	3.5316	3.8308	3.5896	3.9446	3.8065	
CBLB	6.0507	5.2481	5.6353	5.4633	5.9032	5.8156	
SLC35F2	8.1479	8.6441	8.5509	8.7111	8.4417	8.3804	
ANO10	6.1784	6.719	6.4313	6.8436	5.8235	6.634	
PDS5A	8.8841	9.1221	9.2377	9.3296	9.0358	9.1149	
DFFB	7.3493	6.9677	7.1111	6.928	7.3786	7.0564	
STUB1	13.3164	13.1354	13.388	13.432	13.3164	13.432	
PGAM1	11.8261	11.5459	11.8593	12.3622	10.5683	11.9262	
TGFB3	10.1604	9.9079	10.0861	10.1314	10.8872	10.625	
BAD	9.2565	9.5186	9.2812	9.2089	9.558	9.4701	
XBP1	12.156	12.0889	12.7435	12.7773	12.3864	12.3852	
NMT1	7.1594	7.4219	7.4877	7.0443	7.4307	7.6556	
PSMD10	8.0013	7.0748	6.8073	8.0997	7.4345	6.6024	
ARFIP2	10.9976	10.6117	11.0613	11.311	11.3477	10.9438	
RAB11FIP2	6.7229	6.8863	6.5512	6.9598	6.5676	6.3338	
FPGS	8.6072	8.0416	8.3646	8.318	8.417	8.2562	
STAMBP	8.2378	8.5418	8.7092	8.8348	8.9126	8.5252	
PRKX	6.8941	6.5311	6.642	5.5561	9.1258	6.3716	
RNH1	10.9438	10.5703	10.8104	10.9862	10.4177	10.7108	
ATG3	9.0742	9.0249	9.0597	8.9971	8.8538	8.9743	
FAH	8.0829	7.9864	8.4245	8.4074	8.115	8.3483	
NCK1	8.5951	8.977	8.881	9.0027	8.936	8.8156	
PLP2	7.9759	8.1625	7.5883	7.656	7.0665	7.7043	
CFLAR	6.8503	8.0228	6.7771	7.22	8.2296	7.9987	
SOX4	7.4851	7.3259	7.5581	7.7619	6.4462	6.6966	
HEATR1	9.9596	10.1926	10.6751	10.8605	10.2197	10.4946	
TESK1	10.6514	10.1563	9.6702	8.5692	10.4946	9.2818	
HN1L	10.1201	10.1806	10.6514	10.7893	9.423	10.1732	
WDR7	7.2246	6.8895	6.456	6.4353	7.3086	6.7026	
AKAP8	7.3666	7.7066	7.5944	8.2012	7.4175	7.5093	
RRAGA	8.0386	8.1272	8.1998	8.0613	7.8639	8.0829	
ELOVL6	8.7402	8.9254	8.8374	8.7332	8.881	8.6733	
SLC1A4	7.7105	5.7708	5.7946	5.9625	5.6909	5.855	
ACBD3	8.5164	8.1048	8.5456	8.3524	8.1764	8.159	
GRWD1	7.5699	7.4793	8.0691	8.5194	7.4042	8.4315	
PMAIP1	6.4394	5.5732	5.8391	5.2359	6.3667	5.3434	
STAT1	7.1959	7.1464	7.6403	6.9265	7.2318	7.1488	
FOXJ3	9.2033	9.4835	9.4558	8.6035	9.3586	8.3684	
TWF2	8.7601	8.842	8.9553	9.3486	7.6626	9.1695	
HDAC6	6.3667	6.4157	6.6002	7.2918	6.3304	6.644	
MTERFD1	9.7414	8.8539	8.7544	6.8895	10.293	9.0111	
CCND1	4.8422	4.4517	5.1607	6.2321	5.3058	5.3975	
CHIC2	7.845	7.5568	7.3291	7.2963	8.0451	7.0567	
PXN	10.1604	10.1535	9.7148	9.7307	9.6662	9.9668	
USP7	7.6174	7.7475	7.8886	8.0035	6.9819	7.7236	
NOSIP	7.4938	8.3903	8.0829	8.627	7.6875	7.9286	
PHKB	8.2958	7.9617	8.3483	8.0085	8.1427	8.4705	
DLD	11.7737	12.7713	12.5273	12.8984	12.0698	12.7837	
NFKBIB	7.8056	7.3086	7.6433	7.7523	7.7854	7.7954	
CASC3	12.2523	11.9763	12.3199	12.2663	11.9667	12.2413	
IDE	4.9192	5.3354	5.2593	5.7428	5.3964	5.3756	
CD40	10.1792	10.1415	9.0493	7.5883	10.0742	8.9333	
MLEC	11.1448	10.9811	10.944	11.2426	10.7989	11.1958	
GLI2	6.3007	5.4633	5.4917	4.9236	6.1258	6.098	
PRPF4	8.7492	8.6639	8.5801	8.8199	8.3781	8.3959	
MELK	10.3936	10.3826	9.9697	10.1806	9.4347	9.804	
USP22	10.7629	10.9247	10.9862	11.1151	10.7278	10.836	
DAXX	8.9679	9.2715	9.2868	9.4465	10.1415	9.5118	
TMED10	11.2769	11.1958	11.2752	11.2095	11.3978	11.3258	
CHERP	8.2485	8.8168	8.779	8.8886	8.6506	8.7888	
SMAD3	5.3595	6.0353	5.7315	5.8466	5.7847	5.5472	
OXA1L	12.9205	12.7773	13.0699	13.1035	12.7435	13.0699	
PIK3CA	9.1945	9.0959	8.6209	8.5164	9.3193	8.8538	
SNX7	10.4697	10.1732	10.2637	10.0116	11.4319	10.304	
TRAPPC6A	9.9258	9.7441	9.5987	9.6288	9.7499	9.7048	
ATP2C1	8.3802	8.2322	8.1878	8.0847	8.024	8.2357	
CDCA4	6.8297	7.4072	7.4121	7.1839	6.3033	7.0098	
TBC1D9B	7.7647	7.9961	7.2054	8.2435	8.6463	8.0228	
USP14	8.2374	7.7105	7.8118	7.5468	8.0941	8.1438	
APPBP2	5.1903	4.968	4.9602	4.7423	5.2359	4.8234	
CDC20	13.3128	12.9974	13.5892	13.827	12.6512	13.5098	
NARFL	8.1185	7.9378	7.8838	7.6486	8.401	8.1983	
RPS6	15.0	15.0	15.0	15.0	15.0	15.0	
DDX42	8.1812	8.5284	8.6661	8.5436	7.8528	8.2223	
ECH1	11.1406	10.8649	10.752	10.8872	11.6776	11.14	
HDAC2	10.0314	9.9396	10.1504	9.9201	9.5142	9.8963	
IKBKE	6.3453	6.1139	6.6899	6.7623	6.2898	6.8634	
CCL2	7.5883	7.786	8.1448	7.9548	7.9063	8.0186	
DFFA	9.3505	8.5577	8.6506	8.4919	9.7094	8.6789	
MRPL19	11.1606	11.0784	10.836	11.0857	10.868	11.0964	
WDTC1	6.5905	6.7483	6.7118	6.7365	6.3134	6.6217	
PLSCR3	7.1849	7.2911	7.3277	7.3054	6.1631	7.1208	
SUZ12	9.558	9.4926	9.503	9.508	9.4637	9.4522	
CSNK2A2	7.928	6.8721	6.6973	7.7218	8.159	7.8146	
H2AFV	7.9855	8.3258	8.4473	7.0491	7.5157	6.8682	
NUSAP1	10.6389	10.5888	10.485	10.7671	10.0397	10.4293	
TICAM1	7.1785	7.241	7.0169	7.3786	7.2523	7.3061	
FAM69A	10.54	10.2742	9.2734	8.4555	9.5753	9.1388	
KIAA0100	9.858	9.6837	10.6052	10.5367	10.3523	10.4059	
PAICS	8.4122	7.8838	8.7092	8.8731	7.8938	8.6768	
SRC	4.8579	4.7581	4.7852	4.4575	4.7581	4.8743	
BMP4	7.5872	8.5491	6.7922	5.8701	8.1156	6.9231	
CDK2	8.9333	8.9237	8.6209	8.5331	8.4685	8.6061	
EDN1	10.5052	10.1988	10.0213	10.644	10.9558	10.5158	
XPO7	7.8841	8.0065	8.5436	9.0866	7.9225	8.4626	
FAIM	8.7474	8.3884	8.2051	8.268	8.8083	8.5359	
KIAA0494	9.6594	9.589	9.4304	9.589	9.4789	9.5791	
PXMP2	8.3061	8.7597	8.885	9.1671	7.9891	8.704	
SQSTM1	12.1707	11.8566	12.4373	12.3852	13.8212	12.3289	
HIF1A	12.1717	11.4817	11.7045	11.5391	12.6829	11.8485	
TIMM17B	10.9975	11.1688	11.1022	11.4562	11.0724	10.8649	
STXBP2	7.4422	6.5557	7.4693	7.1795	7.5799	5.9813	
WRB	6.2898	7.1375	6.2482	6.412	5.7659	7.0476	
ETFB	8.0397	8.3499	8.0456	7.5731	7.8886	8.2039	
MNAT1	6.983	7.4175	7.1356	8.2842	7.207	7.2462	
CAMSAP2	11.4041	10.8301	10.5648	10.0397	11.7145	10.7536	
HPRT1	8.3244	8.7181	8.6072	8.811	7.7746	8.8433	
ARNT2	12.9469	13.2063	11.4882	9.9379	13.1354	11.4876	
RRS1	6.8004	7.3603	7.4892	7.4802	6.8998	6.9832	
ADAT1	7.1959	7.8146	6.5802	6.3007	7.5535	6.5759	
SPAG7	9.082	8.3033	8.8481	8.7951	9.1268	8.7718	
MAPK1IP1L	8.7864	8.5996	8.5331	8.3085	8.2378	8.1438	
SCAND1	12.5273	12.0182	12.3622	11.8136	11.5595	12.2002	
MFSD10	9.062	9.9891	10.102	9.0745	9.5351	9.9747	
MSH6	9.8902	9.5219	9.4447	9.7326	8.8731	9.3741	
COPS7A	10.0191	10.0245	10.102	10.1111	9.4926	10.0661	
UBE2C	11.6699	11.5305	12.01	12.1279	10.9451	11.8593	
FIS1	9.5437	9.6049	9.4465	9.7569	8.7769	9.3584	
HS2ST1	6.3757	6.1116	5.9524	6.0156	6.032	6.332	
NUDT9	9.3758	9.4158	9.8447	9.6702	10.5224	9.6019	
TXLNA	10.4523	10.5253	10.7713	10.6751	10.5313	10.6988	
CSRP1	14.3801	14.0083	14.3801	14.3801	13.1728	14.0962	
DNAJB1	10.7058	10.9862	10.9811	10.9811	10.5298	10.6654	
METRN	6.5045	6.6484	6.5278	6.9382	6.2432	6.5635	
TOPBP1	8.8927	8.9237	8.8596	8.2562	9.0797	8.722	
ABCF1	11.1715	10.8212	11.008	10.944	11.2421	10.9044	
TCTA	9.1064	9.6795	9.4047	9.3536	7.9038	9.5676	
LGMN	7.8752	8.029	7.9855	7.5832	7.2082	7.4819	
TLK2	8.5692	7.535	7.2054	8.0576	8.6529	8.2286	
KIAA1033	8.1654	8.2886	4.6163	8.1269	7.8485	8.0906	
PTGS2	3.4692	3.3778	7.8675	3.3419	3.1152	4.0872	
DNAJB6	11.5791	10.7713	10.9078	10.5962	11.3256	10.9914	
PLA2G4A	12.0182	12.009	10.5808	9.6228	12.0505	10.6126	
MAT2A	11.8788	12.0505	12.1021	11.9888	12.0309	11.8813	
TLR4	3.5939	4.3417	4.2626	11.3868	4.5647	4.4517	
HMGCS1	10.0397	9.9258	9.8902	10.1774	10.9976	10.0397	
MBTPS1	7.021	6.7279	6.8113	7.0224	6.9425	6.8742	
SPRED2	8.9938	9.2715	8.2737	8.1715	9.503	8.6529	
ZNF274	6.749	6.3464	6.3396	6.0955	6.8181	6.5905	
CLIC4	10.7602	10.964	11.0357	11.2237	10.7713	11.008	
MAP7	8.4798	8.3398	8.7386	8.8199	8.5252	8.5996	
CHAC1	10.2742	9.2918	9.8522	10.0116	11.0212	10.3448	
EIF4G1	8.8348	9.3445	9.6093	9.5516	9.4965	9.4364	
BTK	4.2657	4.1234	3.9437	4.1182	4.2657	3.8635	
GNAS	13.9088	13.9332	14.0962	13.9088	13.9982	13.6568	
MYL9	6.8849	6.3909	6.1969	6.1981	7.0114	7.2608	
TEX10	7.6815	7.8071	7.5667	7.9137	7.6706	6.9969	
PSMD2	12.4248	12.4508	12.7773	12.4208	12.5755	12.4248	
ZNF586	6.6353	6.3278	6.4929	6.2224	7.2219	6.2744	
CLTC	10.0248	9.7344	10.4637	10.3038	9.9568	10.1262	
IKZF1	5.3412	4.6413	4.3475	4.4517	4.5123	4.2329	
APBB2	7.6584	7.0431	7.4317	6.4312	8.4583	7.1922	
HSD17B10	11.1134	11.0633	11.0403	11.3015	10.875	11.1334	
RNF167	9.8825	9.9541	10.1458	9.8995	9.6314	9.9524	
STX1A	7.9508	7.6677	8.1812	7.9891	7.573	8.0976	
ALDOA	10.955	10.9004	11.5216	11.3258	11.08	11.2479	
EPHA3	5.2532	6.2211	5.407	5.3754	5.9524	4.968	
STAT5B	6.6899	5.5248	5.529	6.9903	5.0375	6.6155	
TXNDC9	5.3017	7.3291	6.8849	6.6253	6.9382	5.5185	
CCNA2	9.7499	9.8187	10.0979	10.6874	8.9518	10.1504	
VGLL4	8.9454	8.8539	9.1842	9.1388	8.2435	8.7601	
CASP10	7.6584	6.6678	6.723	5.4748	7.7036	6.4778	
SDHB	12.2663	12.3864	12.3347	12.4248	11.9912	12.4128	
ETS1	8.6035	8.2442	8.3483	6.9022	8.7375	9.1386	
YTHDF1	8.2472	8.4796	7.6177	9.2857	8.6339	8.3038	
FOXO4	5.9233	5.7183	5.1194	5.3546	5.8518	5.3905	
LSM5	11.2344	12.1279	12.4208	12.4879	12.1867	12.1004	
TOMM34	8.024	8.0691	8.4854	8.6423	8.4261	8.4854	
ZMYM2	7.4933	8.4072	7.9971	7.9174	8.5951	7.632	
CHMP6	5.4207	5.4094	4.8743	4.9958	5.0055	5.4644	
KIAA0907	9.1028	9.4089	9.4788	9.3082	9.8404	9.1964	
CASP7	7.4757	7.2472	7.7889	8.2958	7.7533	7.6897	
HK1	9.5956	9.2987	9.6844	9.6795	9.1318	9.614	
PAPD7	11.8566	10.6988	10.8541	10.3805	11.7527	10.645	
PIGB	8.0719	8.2882	8.2849	8.2684	7.5294	7.8005	
CHEK2	7.9107	8.2	8.6072	8.7994	8.1856	8.3903	
PLOD3	12.0671	12.1021	12.2304	12.2073	11.8401	12.221	
ACD	6.9117	6.8111	7.5602	7.447	8.3632	7.2347	
TRAK2	7.316	7.3203	6.7419	6.8615	6.5606	6.8378	
SUPV3L1	12.4508	10.955	11.4538	10.4177	12.8186	11.4224	
VAPB	9.4637	9.7916	9.7667	9.8768	9.8825	9.7942	
GPATCH8	6.1673	6.2321	6.2898	5.9233	6.5362	6.1442	
HSPD1	10.084	10.5539	11.311	11.1279	10.4844	10.877	
BUB1B	11.0197	10.6846	10.3248	10.0993	10.8747	10.6514	
TGFBR2	5.9126	5.6101	5.7133	5.7133	6.0556	5.6945	
MRPL12	13.5326	13.5098	13.9088	14.0338	12.7713	13.7759	
NOTCH1	9.5437	9.2868	9.2498	8.7769	9.5827	8.8687	
PNP	12.4883	12.3289	12.5755	12.5273	11.6494	12.4294	
SHC1	8.3428	9.9382	7.9408	7.826	8.893	8.4782	
ARPP19	8.0085	8.1215	8.417	8.7415	7.9917	8.3187	
CEBPA	3.1152	3.3419	3.3723	3.729	3.7165	3.4692	
PSMF1	9.4942	9.4252	9.1028	8.8606	9.3144	9.0823	
RTN2	9.2157	10.4187	11.2074	10.1567	12.2491	11.1022	
NPEPL1	8.3774	7.0003	7.3812	7.0853	6.9798	7.1839	
USP1	7.7185	8.4346	8.2939	8.1915	7.6383	7.9548	
RPA1	9.834	9.5351	9.7125	10.022	9.2033	9.7129	
SIRT3	6.1194	5.1168	5.476	5.603	6.4205	6.2266	
KLHDC2	11.4075	11.3868	11.14	11.5191	11.5003	11.6266	
UBQLN2	7.4849	7.601	7.5973	7.5318	7.8467	7.3572	
DMTF1	7.062	7.4467	7.1491	7.188	7.6776	7.2885	
SCARB1	9.1764	8.8424	9.3661	9.3686	8.6857	9.062	
CLPX	8.6604	8.3959	8.5987	8.8904	8.7356	8.5804	
TPM1	10.7829	10.7691	11.0964	11.1157	9.7372	10.943	
TM9SF2	9.7112	10.2534	10.2686	10.1926	10.2831	9.9952	
TXNL4B	6.8998	6.9819	7.1803	6.7113	7.0476	6.8547	
ATF6	7.8614	7.9617	7.9109	8.0906	8.2978	8.1603	
PRR15L	6.5538	6.721	5.9032	5.9904	6.655	6.3757	
NUP88	10.4104	10.1111	9.864	10.3546	9.8983	10.1604	
ST6GALNAC2	6.7062	6.2402	5.8102	5.8762	6.3777	6.083	
ADH5	9.0823	9.0998	9.3903	9.6741	9.456	9.7159	
FUT1	8.1127	7.1375	7.4788	6.9412	8.3086	7.7043	
GOLT1B	8.1913	8.2374	8.1745	8.1375	8.3802	5.049	
PRUNE	5.8348	5.1655	5.5109	5.6226	5.1508	5.6101	
PPOX	9.9182	9.7156	9.1481	7.9251	10.2637	8.9713	
SYPL1	13.1035	12.8008	12.9205	12.9205	12.679	12.9447	
CANT1	13.432	13.2966	13.2966	13.3128	12.8186	13.2618	
ZNF451	7.9533	7.9932	8.1199	8.2116	8.9602	8.1603	
HOMER2	7.241	7.0101	6.8634	6.8749	6.4672	6.9677	
RALB	10.2569	10.2632	10.6594	10.4918	9.5987	10.284	
CLTB	11.7737	11.7671	11.9424	11.8723	11.8961	11.8224	
TRIM13	8.4673	8.016	7.6851	7.0994	8.0539	7.7391	
FBXO7	7.3899	6.6289	7.5799	7.8373	7.6097	7.3948	
PHKA1	7.417	7.4953	6.9269	6.8075	7.0778	7.1266	
CYCS	11.8405	11.9888	11.9666	11.9666	11.2074	11.9666	
PPARD	6.6639	6.2166	6.6211	6.5606	6.8075	6.8192	
ENOSF1	5.714	5.8473	5.9289	5.8979	5.3727	6.0353	
MAP4K4	4.3197	4.9088	4.0451	4.2329	4.5454	4.0438	
PAN2	5.0983	6.2771	5.7133	5.7542	6.3453	5.83	
STAT3	5.7471	5.4917	6.3007	6.3669	6.2005	6.1604	
LIG1	8.506	8.5874	9.0677	9.6288	7.9987	9.115	
PPIC	8.5865	9.2274	9.0817	8.9906	8.3854	8.6857	
EIF5	9.8275	10.602	10.6072	10.752	10.7893	10.547	
GNB5	5.745	5.5702	5.7386	5.298	6.0816	5.5772	
GNAI1	4.4177	4.7958	4.0698	4.5559	4.278	4.6032	
INSIG1	9.2184	8.5436	8.8699	9.0891	10.4565	9.5145	
DNMT3A	10.0993	10.0791	8.8907	8.4089	10.4697	8.7265	
TM9SF3	8.3958	8.5182	9.6341	8.8629	8.6768	8.4041	
CCDC86	11.0044	10.341	10.566	10.5762	10.576	10.9064	
HIST2H2BE	8.506	7.8675	7.6229	6.644	8.7815	7.4457	
S100A4	13.3366	13.1728	13.3738	13.2966	12.5788	13.0258	
SLC25A14	6.2998	6.3667	6.0279	6.1079	5.8911	6.1944	
KTN1	11.3978	11.2352	11.299	11.2074	10.5556	11.0302	
TBXA2R	6.9231	6.9099	6.4062	6.3972	6.6147	6.7154	
ARHGAP1	9.8558	9.9809	10.0748	9.9275	9.6093	9.8384	
FBXO11	5.1376	5.9441	5.3699	5.5071	5.3017	5.7256	
HERPUD1	10.566	10.669	10.6328	10.1774	10.5648	9.9809	
LPAR2	8.0649	8.3104	7.6802	7.3863	8.4261	7.545	
COASY	6.3175	6.4068	7.0508	7.1356	6.9112	6.7185	
RPL39L	5.9872	5.5684	6.1866	6.4461	5.9234	5.7804	
BPHL	6.9579	7.7746	6.8998	6.6665	7.3277	7.3006	
RASA1	7.6213	6.9524	8.0509	7.8892	7.9708	8.1291	
ATMIN	7.421	6.7822	6.6024	7.3293	7.0328	6.8335	
MAPKAPK3	6.2401	7.7432	7.4018	7.7638	6.8966	7.6323	
CASP3	10.4844	9.9668	9.7261	10.3248	10.836	10.1792	
MBOAT7	10.625	11.1478	10.1201	9.6188	10.4112	9.4894	
PNKP	8.8328	8.9661	9.1149	9.3723	8.7507	8.8512	
PSME2	12.8984	12.7056	12.8746	12.989	12.9447	12.7713	
NISCH	6.6289	6.0556	6.8523	6.7453	6.5409	6.8896	
SLC35A3	5.6833	7.6168	5.6292	6.5905	6.121	6.033	
CPSF4	10.3661	10.284	10.1535	10.0619	9.834	10.4697	
LSR	9.7785	9.7764	9.5486	10.0288	9.4578	9.8558	
COPB2	11.8136	11.6981	11.8961	12.0338	12.1333	11.7843	
MEF2C	5.9941	5.9546	5.9863	5.8112	5.8698	5.9813	
GADD45A	10.2632	9.8906	9.2288	9.4835	9.3818	9.3193	
KDM5A	7.3767	7.0825	7.388	7.4008	7.3305	7.0169	
FAM63A	6.4387	6.7596	6.642	6.6831	6.2724	6.6217	
SMNDC1	8.1313	8.3688	8.3415	8.3007	7.8583	8.0885	
NUDCD3	10.1364	10.2431	10.3629	10.3379	9.8447	10.1723	
RAB4A	7.2522	7.2717	7.3375	7.7776	7.6249	8.0791	
FGFR2	10.9857	9.4091	8.2546	7.515	10.6654	8.44	
IFRD2	8.9661	10.9155	11.9387	11.7273	9.1175	11.5791	
BACE2	11.299	11.4199	11.5635	11.6625	11.7531	11.6362	
HMGCR	9.0202	8.7489	8.5284	8.6634	9.115	8.6953	
LYN	5.7183	5.3644	5.66	5.6489	5.4633	4.936	
SLC35B1	8.0189	7.961	8.0774	8.2286	8.1176	8.0484	
ISOC1	9.4835	9.5751	9.3089	9.0677	9.6382	9.558	
TIMP2	9.8906	9.4529	9.5219	9.3941	10.1173	9.5074	
DUSP3	5.6127	6.9421	5.9951	6.6082	5.5301	7.097	
LSM6	6.4573	6.083	6.6568	6.6211	6.4387	6.202	
CALM3	6.9903	7.2622	7.1553	6.6893	7.314	7.0356	
MOK	5.66	5.7183	5.7056	4.8352	5.9233	5.7256	
PPP1R13B	8.007	7.0476	6.5785	6.1969	8.0286	6.725	
SACM1L	9.9469	9.6277	9.7665	10.3114	10.0248	9.8031	
DNAJB2	8.6943	8.6452	8.6604	8.5951	8.5825	8.3327	
TCERG1	10.036	10.0979	10.3913	10.4814	9.9809	10.278	
CERK	8.5804	7.845	7.6677	7.3561	8.7033	7.9137	
KIAA0196	10.6654	10.9218	10.9218	10.7713	10.9078	10.9247	
DNM1	5.0495	4.4994	4.8371	4.8422	4.9939	4.5804	
LAP3	12.1521	11.2199	11.276	10.9044	12.1292	11.2147	
DDIT4	8.8348	9.2098	8.9169	9.2098	9.2675	8.7111	
MAPKAPK5	9.4401	8.6974	9.5676	8.7864	8.7079	9.3016	
ALAS1	11.902	11.3534	11.2282	10.6893	12.9179	11.298	
HDGFRP3	6.0586	6.0353	5.968	5.7965	6.1744	5.8272	
PAFAH1B1	10.1507	9.5955	9.5258	8.922	10.6117	9.5718	
PRKCH	5.5889	5.8254	5.8576	5.772	6.0724	5.8272	
PSRC1	10.6846	9.7665	9.8489	9.804	10.6988	10.1111	
RAB21	8.5494	8.6835	8.4122	8.1544	9.21	8.1764	
ERO1L	5.6874	5.7056	5.7581	6.5265	6.2548	6.2919	
PSIP1	9.2818	9.1004	9.0106	9.0823	8.4701	8.9126	
APOE	4.5472	6.4981	4.7717	4.0698	5.7576	5.0841	
CREB1	7.9836	4.936	7.2622	7.0521	8.3632	7.578	
MBNL2	8.8326	8.3187	8.6314	8.4673	10.0619	9.5676	
RBM15B	9.0088	9.2297	9.1507	9.6182	8.6229	9.0328	
PACSIN3	6.2883	6.2057	5.8911	5.8396	6.6036	6.0712	
TOMM70A	10.2215	10.0619	10.1698	10.1458	10.1339	10.0557	
CBR1	10.6328	10.4031	10.4357	10.3629	9.8522	10.0659	
MTA1	11.0724	10.8408	11.1604	10.9639	10.89	11.2688	
MACF1	7.311	7.1302	7.476	7.3561	7.3277	7.4992	
PRKCD	10.6223	10.3142	10.7239	10.8104	8.341	10.0502	
CCNA1	7.0994	6.4779	6.723	6.4353	6.9963	6.8258	
PIK3R4	6.3938	6.9073	7.2135	7.3918	7.5342	7.3472	
CSNK1E	9.5608	9.6594	9.4942	9.5871	10.2593	9.3386	
HIST1H2BK	11.7061	11.4508	11.5459	11.5635	11.672	11.4562	
JUN	7.5535	7.157	7.1266	6.6652	7.1208	7.0021	
PCCB	9.5189	9.499	9.6595	9.7477	9.0106	9.493	
STAP2	6.7822	5.9233	6.1866	5.9863	6.8378	6.5383	
TMEM50A	8.3719	8.4659	8.3351	8.8938	7.6359	8.5418	
PMM2	12.4603	11.6776	11.5722	11.1606	12.2231	11.5693	
SCCPDH	5.714	5.0569	4.7019	5.0495	5.907	5.5561	
HSD17B11	6.3357	6.4317	6.1009	5.5354	5.6909	6.5225	
TSC22D3	9.5241	9.0509	9.6443	9.9018	8.8138	9.21	
FBXL12	6.8762	6.8895	6.9963	6.8025	7.8118	6.5489	
TFAP2A	11.5031	10.6771	10.5158	10.2686	11.0358	10.5092	
WDR61	8.5996	8.2652	8.4216	8.2739	7.2135	8.2292	
ZNF395	11.2074	10.4339	10.4031	8.9654	10.9667	10.393	
FAS	4.1383	8.6491	8.0691	7.3438	8.7994	4.9939	
VPS72	8.7994	8.1861	8.0035	7.3202	9.5676	8.84	
CENPE	8.3533	8.3802	8.5068	9.0866	7.8055	8.8449	
CLSTN1	10.366	10.1673	10.4778	10.4643	10.1507	10.3546	
CREG1	11.7399	11.7145	11.7819	11.6981	11.4711	11.8072	
MAPK9	10.898	10.3871	10.3065	10.448	10.7428	10.5367	
PRR7	5.4629	6.5592	5.3691	6.7655	5.3546	6.7161	
SKP1	5.6741	5.382	6.3953	6.6652	5.7428	5.6251	
POP4	9.5956	9.4729	9.6795	9.8191	9.2673	9.6133	
TMEM110	6.8258	6.4353	6.2612	6.3503	6.2123	6.3938	
NFE2L2	9.0399	8.7912	9.0039	9.047	9.4364	8.7395	
ZNF589	7.6381	6.3362	6.6043	6.7458	7.3997	6.9495	
BAX	9.9953	9.1219	8.9713	8.1448	10.0966	8.7852	
BLCAP	11.672	11.5932	11.5191	11.6362	11.4075	11.7819	
CNDP2	12.8008	12.6468	12.8363	12.8667	12.3882	12.6372	
FAM20B	8.6803	8.6389	8.7489	8.4417	8.534	8.4538	
PROS1	3.106	3.1152	3.4692	3.7662	3.3419	3.3419	
TNIP1	9.0674	9.1064	9.4252	9.6443	10.0599	9.3276	
CRKL	10.6126	10.6352	9.9125	9.893	10.2021	10.1446	
P4HTM	9.7477	9.5812	10.448	10.5209	10.8649	9.7785	
REEP5	9.5345	9.6224	10.0245	10.104	10.0905	9.9891	
ZNF318	6.3723	5.8515	5.5983	6.0955	6.4178	6.2898	
BZW2	11.6593	10.2047	11.3353	10.8666	11.1884	10.3038	
FDFT1	10.5158	11.2074	10.751	11.4817	11.1022	11.3523	
CGRRF1	7.6381	7.5093	7.1491	7.4933	7.3906	7.3006	
TRAP1	10.374	10.2329	10.43	10.5405	9.9997	10.3195	
AMDHD2	7.2692	7.4788	7.8022	7.6777	6.8409	7.6584	
GTF2A2	11.3349	11.1899	11.2752	11.2752	10.547	11.1772	
PEX11A	5.5772	5.9126	5.4319	5.4022	5.6516	5.6487	
PSMD9	7.9299	7.9318	8.1185	8.4417	7.9817	8.0133	
GFOD1	6.1489	5.5684	5.4922	4.8593	5.913	5.4644	
MTFR1	9.9084	10.2605	9.5787	9.4685	10.0122	9.3741	
PECR	6.4242	6.6211	6.1753	6.2548	5.9289	6.4259	
UBE2A	10.304	9.9706	9.9761	10.4112	9.6844	10.303	
NIT1	11.5595	10.7179	10.4059	9.9562	11.3056	10.6052	
SOCS2	7.1491	7.3262	7.0962	6.3877	7.6827	6.4834	
SYNGR3	7.1795	6.7566	7.2621	7.4726	6.3278	7.2687	
ZDHHC6	6.1784	7.5799	7.8917	7.0627	5.6292	7.9656	
ITGAE	9.0587	8.7332	8.7978	8.8957	9.1689	8.6619	
NFKB2	4.3641	4.4373	4.5566	5.0242	5.4883	4.8234	
STK25	10.2166	10.102	9.7414	9.864	10.0046	10.017	
TMEM5	7.7926	8.7257	8.3748	8.4753	8.5024	8.1231	
ABCF3	9.4364	9.0919	9.6537	9.5924	9.5373	9.1581	
ATP5S	7.1911	7.2536	7.23	7.6097	6.3909	7.2838	
FCHO1	5.8661	6.456	6.5115	6.5278	6.7552	6.9073	
NGRN	7.0011	5.5423	6.3647	5.5844	7.1302	6.3723	
HOXA5	6.2562	4.8138	6.0019	5.8112	6.7596	5.224	
OXSR1	10.1341	10.0485	10.2431	10.5511	9.1444	10.0122	
GRN	9.6277	9.2236	9.0932	9.2442	8.7978	8.8006	
SMARCC1	9.2818	9.3219	9.9883	9.9076	9.5987	9.4856	
NUP85	10.4494	10.5899	10.8212	10.6328	9.9076	10.5511	
PAK6	5.1198	5.0415	5.2002	5.7896	4.8023	5.3434	
GHR	4.6451	4.1234	3.9322	4.2435	4.0872	4.2657	
GTPBP8	7.2108	7.3997	7.7489	7.746	7.0169	7.4175	
GLOD4	8.1343	8.178	8.7864	8.7489	8.7882	8.3558	
PTK2	8.9362	9.0899	8.0451	8.1778	9.3256	8.8629	
CDK4	10.9384	10.7858	11.3688	11.3523	10.7602	11.079	
EPN2	8.3608	7.9999	7.7568	7.5157	8.5418	7.6584	
CCDC90A	7.8838	7.5581	7.0003	8.0956	7.4245	7.4373	
IL4R	7.8738	7.4569	7.6289	6.8297	7.9676	7.9404	
KIAA0528	9.9809	9.8184	9.9747	10.1376	9.7927	9.9076	
PRKAG2	6.8994	6.6665	6.5706	6.3134	6.4968	6.2477	
KIT	4.8219	4.4177	4.8371	4.2435	4.7785	4.3888	
MRPS16	11.1157	10.8541	11.4451	11.3432	9.8156	11.057	
PTPRC	9.1417	8.2332	7.5366	7.2199	9.218	8.069	
RPS5	6.8573	7.5133	6.9147	6.1574	6.8102	7.5883	
NOL3	9.6702	9.893	9.0259	8.4245	9.8309	8.8596	
PSMG1	10.0528	10.0838	10.3084	10.6072	9.0597	10.0905	
NR1H2	8.1764	7.8941	7.8761	7.0746	8.0885	7.8282	
TMEM97	9.7357	10.0116	10.284	10.1364	9.9568	10.3182	
LRRC41	11.9888	11.8405	11.6353	11.3477	12.6154	11.6981	
PLS1	7.3383	7.169	7.0912	7.3054	7.2437	7.138	
DUSP22	6.0586	5.8654	5.4922	5.4483	5.7847	5.5016	
KIAA1279	8.6947	8.9051	9.0099	8.8731	8.7718	8.612	
RPS6KA1	8.9248	8.936	9.4089	9.2868	8.5252	9.2896	
TCEAL4	9.4558	8.8756	9.0399	8.534	9.2236	8.896	
DCK	11.0302	10.6651	10.6117	11.069	9.9368	10.6557	
NUP133	9.2377	9.1597	8.9661	9.0959	9.0587	8.9654	
NUP62	9.6844	9.3245	9.7884	9.8042	8.806	9.5771	
TRIM2	10.2831	10.2372	9.2734	9.369	9.4894	9.9976	
SNCA	10.875	10.644	10.805	10.6514	10.3665	10.7602	
SPTAN1	5.1086	5.5873	5.8112	5.3521	5.6355	5.5983	
MALT1	8.6814	8.5996	9.0264	8.5331	9.0906	8.8886	
VPS28	8.1185	8.1269	9.4613	9.2734	9.1219	8.4139	
LRRC16A	6.029	6.1703	10.1314	6.5433	6.213	6.5242	
YKT6	9.7956	9.2302	9.7795	10.303	9.2184	9.8309	
CHP	4.1891	4.3417	6.0493	4.5454	4.8371	4.1647	
KIF2C	5.3691	5.2654	5.0983	5.5027	5.8142	5.2756	
NNT	4.6879	4.6451	5.0648	4.7582	3.9795	4.6638	
NR2F6	11.3588	11.3642	11.6223	11.5118	11.6981	11.1196	
COL1A1	5.8661	5.4259	5.9014	6.2744	5.7183	5.1721	
EXOSC4	4.9702	5.6356	5.3213	5.2356	5.3521	6.494	
CDC25A	8.1906	8.6536	8.9085	8.7852	8.3291	8.7544	
PDLIM1	8.9304	7.8949	8.3903	8.4275	7.3603	8.3107	
CRELD2	8.5932	9.1393	9.2164	9.0399	9.1964	9.0057	
TP53	9.3005	9.7159	9.5215	9.8187	8.9454	9.4184	
IQGAP1	9.4558	9.4228	9.591	9.5751	9.1572	9.5894	
RRP12	7.9424	7.6589	8.1983	7.9233	7.8704	7.9075	
ACAT2	7.4752	8.0719	6.3757	7.2383	8.6974	8.029	
EGR1	5.745	5.5109	7.3711	6.2817	5.6127	5.5587	
MUC1	6.5802	6.7984	6.7623	6.628	6.2482	6.5591	
THAP11	5.7708	5.502	5.3906	7.4096	5.5301	5.616	
AURKB	10.3084	9.082	9.9269	9.5278	10.7629	9.9697	
CEBPD	8.3157	8.1362	7.453	6.9682	8.6209	7.4793	
HSPA4	10.89	11.2074	10.3182	10.2677	11.6029	10.5307	
MAST2	8.7147	8.813	9.115	9.4648	8.8168	8.8149	
DHDDS	8.0733	7.6423	7.8718	7.601	8.1465	7.4992	
TOP2A	13.8212	13.8212	13.827	14.2714	13.3983	13.9982	
GADD45B	6.64	7.3262	7.1652	6.5185	5.8756	6.7365	
NCK2	6.8181	6.5028	6.7377	7.0021	6.85	6.6212	
AURKA	8.4871	8.4207	9.031	9.4385	8.3524	8.9553	
KIAA0355	6.4068	6.3503	6.1472	6.456	5.6251	5.8607	
B3GNT1	6.3909	5.7547	6.1442	6.1262	5.907	6.2166	
DYNLT3	5.3521	5.8795	5.2593	5.0007	5.1998	4.9958	
CDK5R1	4.2032	4.0872	4.3037	4.0747	4.4112	4.0908	
CHMP4A	9.1842	9.2066	9.6541	9.738	8.9065	9.4274	
IPO13	8.0132	9.1949	8.4796	7.7698	9.1763	7.8156	
SCP2	8.5527	7.533	7.8005	8.2637	7.1593	8.1199	
ITFG1	8.2762	6.983	8.0997	6.8025	8.1362	8.2485	
RAD9A	6.8775	7.6155	6.9687	7.5883	7.1803	6.8335	
DRAP1	9.1258	8.8756	8.9518	9.084	8.141	9.0135	
SPP1	4.1383	3.7492	3.3419	3.8961	3.5339	4.0438	
HYOU1	10.5432	9.6918	10.6423	9.4191	10.4566	9.7644	
PCMT1	10.8408	10.8595	10.625	11.0357	10.6085	10.7237	
FOS	4.3271	6.3669	6.8297	4.0465	6.0182	3.9795	
FYN	5.4883	4.0218	4.477	5.5995	4.4575	5.5561	
MCOLN1	6.1866	5.9999	6.7365	6.0378	6.3103	6.1009	
MYC	11.6235	11.4075	12.156	11.7411	11.3015	11.9148	
ID2	9.2768	8.9061	9.1418	8.8033	6.9606	7.3246	
POLB	7.497	7.5812	7.2828	7.3203	7.2687	7.7804	
CETN3	6.9737	6.7675	6.6486	6.5759	7.1803	7.2268	
KCNK1	4.9068	4.7618	5.0152	4.6784	5.8911	5.7605	
AXIN1	8.0286	8.0829	8.029	7.6385	8.2204	7.7311	
SMC4	11.6362	11.6353	12.1279	11.8813	10.8171	11.7671	
RAI14	8.6463	9.0155	8.1957	8.896	8.7507	8.3827	
SMARCD2	9.6188	10.1135	10.0191	10.1504	9.3866	10.0742	
DNAJC15	9.2013	8.977	8.901	9.1064	9.2404	8.7779	
MPZL1	8.8606	9.1216	9.3941	9.5871	8.618	9.1279	
HOXA10	4.4668	4.2042	4.2084	4.3815	4.7077	4.1621	
NRAS	8.618	8.4143	8.224	8.1654	8.6973	8.3483	
CASP2	6.1866	5.8795	5.8654	6.3252	5.5595	6.0019	
EBNA1BP2	11.3776	11.672	11.9221	11.9601	11.3747	11.5358	
CTNND1	10.8238	9.8031	9.4558	8.4545	10.1988	9.4637	
TATDN2	5.5732	5.2079	5.7183	6.0556	5.1168	5.7096	
LRPAP1	8.9971	8.7221	9.0183	8.9339	9.1764	9.2131	
ZNF131	9.6452	9.2377	9.3486	9.5437	10.3142	8.6555	
BNIP3L	6.0238	5.3643	6.093	4.9501	6.1079	5.9014	
HOOK2	5.4947	5.1045	5.1787	7.012	5.5587	5.0728	
ERBB2	15.0	15.0	15.0	15.0	15.0	15.0	
TBPL1	8.226	8.2546	8.318	8.3303	7.632	7.6678	
INTS3	9.3335	9.4701	9.9668	9.4228	9.6741	9.5827	
RAE1	11.0403	11.3688	11.4171	11.3688	11.0197	11.1286	
CDK1	12.1333	11.8261	11.8072	12.156	11.3432	12.0338	
RFNG	9.8404	10.0288	9.2236	8.7395	10.6754	9.6443	
MICALL1	6.3877	6.1574	6.5022	6.7026	6.4317	6.34	
SLC35A1	9.6844	9.7644	9.3687	9.3386	9.3584	9.3207	
KLHL21	4.5647	4.6638	4.7135	4.9786	4.3475	4.7785	
NIPSNAP1	7.4693	7.6345	7.9706	7.7475	7.0712	7.6132	
BCL7B	8.0397	7.6626	7.417	7.8974	7.2692	7.5089	
TLE1	9.3636	9.6702	10.3533	10.7402	10.0599	10.1135	
FZD7	4.7287	4.8224	4.9615	4.3197	4.8857	4.7284	
TIMELESS	10.0122	9.8605	10.0451	9.9718	9.7231	9.9182	
COG2	8.3055	8.1544	8.0359	8.2204	8.0397	7.0778	
DHX29	7.1394	7.0551	7.7064	7.6282	7.3257	7.6692	
MMP2	10.4746	8.6619	8.8354	6.9798	10.393	8.9606	
MRPS2	10.644	10.5092	10.7058	10.8511	10.566	10.898	
KCTD5	6.9161	7.2213	7.3032	7.22	6.5314	6.93	
TCEA2	9.442	8.7718	8.6191	8.4179	9.8384	8.9607	
CNPY3	7.6289	7.2879	7.6132	7.2885	6.7078	7.1719	
FHL2	8.2802	8.141	8.086	7.9648	7.417	7.7511	
ADAM10	7.9469	8.2399	8.4592	8.4534	8.4122	8.5996	
FKBP4	14.0962	14.187	13.562	13.0258	14.3849	13.5892	
CD58	8.8328	8.9431	8.7386	9.0039	8.2737	8.6279	
KAT6A	7.6493	7.7586	7.5295	7.3746	7.7351	7.4911	
CDK7	10.3437	10.1359	9.8695	10.566	10.3437	10.2831	
KIF5C	5.5588	5.8102	5.2665	5.9904	5.4644	5.6423	
HMG20B	12.2002	12.2949	12.2663	12.4883	12.2073	12.5387	
MAP3K4	6.5278	6.6622	7.4008	7.4935	6.4212	7.2027	
PIN1	9.8725	10.5762	10.4918	10.2873	9.5913	10.5683	
ZFP36	9.5258	8.5648	8.9428	8.3758	10.1806	8.6479	
INPP1	6.4653	4.7785	5.4312	5.0188	5.6605	6.0378	
LAGE3	5.3354	6.4924	6.8634	7.4802	5.0983	5.0983	
RAC2	4.4014	4.4868	4.4474	4.5679	4.9236	4.7249	
TNFRSF21	10.7329	9.9606	9.8555	8.6789	11.1334	9.8489	
HMOX1	5.0977	5.0601	6.2333	6.2817	6.7552	5.4696	
KIF14	4.5823	5.4569	5.2359	4.8352	5.2785	4.7717	
COL4A1	6.6678	6.1119	6.0051	5.9176	7.0712	6.202	
DUSP6	7.6648	6.6584	7.1652	6.6082	7.9999	7.2527	
CYB561	10.7156	10.5962	11.0784	11.1542	11.0403	10.8747	
EPB41L2	4.7336	5.2911	4.9546	5.5248	5.2388	4.1891	
GNAI2	6.12	5.8515	6.2769	6.2817	6.1472	6.2166	
HTRA1	9.9706	9.2157	8.7033	7.9656	9.5118	8.3606	
TSTA3	6.8373	7.1945	7.8645	7.7222	7.7351	7.6526	
WASF3	5.3906	5.8982	5.6833	6.083	5.582	5.8318	
DNMT1	11.6223	11.5942	11.1334	11.2415	11.276	11.2769	
TSPAN6	6.967	7.0825	6.7118	7.1171	6.642	6.8849	
FBXO21	9.1302	9.8725	8.6761	8.6745	9.4228	9.7201	
RAB27A	8.0484	7.9856	7.4615	7.7142	7.8938	7.7814	
DDR1	9.6844	9.5771	9.7785	9.2975	9.2377	9.0336	
PPP2R3C	8.8731	8.8886	8.9602	9.7001	8.6974	9.5842	
ADRB2	4.2784	8.6745	4.4046	4.0077	4.3197	4.2329	
LPGAT1	8.7068	8.7815	8.9126	9.2673	8.7205	8.896	
DUSP11	10.4346	9.9463	9.8042	9.2236	10.54	9.7013	
GRB10	9.1507	5.6945	5.3434	5.7952	5.8473	5.928	
MMP1	6.1324	6.2904	5.8068	4.9958	6.3777	5.606	
TP53BP2	10.9078	10.625	10.8108	11.0403	10.7829	10.7239	
CDKN1A	7.071	7.4661	6.6893	7.9759	8.2652	6.3855	
ZW10	8.1272	6.7098	8.1311	6.7655	7.2536	8.2507	
CORO1A	9.614	9.4114	9.6758	9.2516	9.3386	9.6362	
TJP1	7.1168	7.0199	7.3588	7.176	7.0011	7.0712	
ABCB6	10.0451	9.8772	9.8031	10.0557	9.5113	9.8772	
XPNPEP1	5.913	5.8762	6.3362	6.2333	6.144	6.083	
MAMLD1	5.1194	10.9914	4.8723	4.9711	5.0728	4.7909	
MTHFD2	11.6699	11.9349	11.8401	11.8224	11.5118	11.8675	
DSG2	7.0853	8.226	8.2562	7.7698	8.318	7.8582	
PRAF2	8.1204	7.3086	7.7218	7.9753	6.6391	7.7644	
DNTTIP2	11.5932	11.3432	11.3432	11.4735	11.2393	11.1597	
SLC27A3	10.6117	10.6654	10.3754	9.1597	11.2904	10.2873	
CD97	9.1842	9.2734	9.402	9.5437	9.416	9.1059	
HTATSF1	11.5145	11.4538	11.1884	10.9218	11.6223	11.4328	
IL13RA1	7.6897	8.1006	7.674	7.2279	8.2016	7.6475	
NCAPD2	9.9341	9.3027	9.4729	9.1617	9.9606	9.4023	
AGL	7.0114	6.804	6.5716	6.5957	6.4031	6.6527	
TMEM109	11.1017	10.9552	10.9975	11.0613	10.3285	10.8468	
CDC25B	12.9724	12.4879	13.1437	13.1723	13.2694	12.9974	
ICAM1	4.9446	4.9458	5.4875	5.6788	5.9688	5.4207	
GATA3	5.9872	4.9088	4.6783	4.7209	5.0055	4.6093	
NUP93	7.8078	7.5457	7.8583	7.9109	7.8714	7.6827	
PLA2G15	5.745	5.4254	5.298	5.529	5.2079	5.665	
RPA3	7.8184	8.3061	8.2042	8.3086	6.7822	7.6425	
PIP4K2B	5.6672	5.23	5.5587	6.0019	5.0724	5.8728	
TES	13.6576	14.0338	13.6576	13.6576	13.2966	13.4752	
MYCBP2	7.8515	7.9286	7.943	7.7343	8.1427	8.0318	
SPR	9.8334	9.6853	10.2372	10.1435	10.2873	10.004	
PGRMC1	13.2926	13.3128	13.1723	13.4385	12.5011	12.8877	
RELB	7.3375	7.0626	7.23	7.6509	8.0456	7.4396	
AARS	9.433	9.3082	9.4734	9.6119	10.0116	9.4424	
EPHB2	4.6093	5.3434	4.9162	5.14	4.6093	4.3126	
GPC1	7.2281	6.7062	6.2482	6.3806	7.5506	6.828	
RPIA	9.7874	9.8031	9.6594	10.2071	9.2013	9.738	
ELAC2	11.008	10.5767	10.98	10.7237	11.3588	10.98	
GPR56	11.6277	11.4328	11.6142	11.2906	10.987	11.2237	
NVL	10.6557	10.7629	10.5092	10.0248	10.7989	10.1173	
PLSCR1	5.8762	5.8891	5.9454	6.1784	5.9074	5.8102	
CHEK1	9.1925	9.1311	8.8687	9.3207	9.1767	9.2274	
CTSL1	11.4686	11.1676	11.5693	11.7199	12.1115	11.4388	
CTSD	12.6829	12.8181	12.989	12.7527	12.9186	12.8181	
ME2	7.0011	7.2213	7.3259	7.6582	7.1073	7.5568	
ARHGEF2	7.4819	7.3493	7.5581	7.6897	7.2948	7.4474	
PDGFA	6.1435	5.582	5.4875	5.2756	5.0335	6.1258	
ILK	10.3222	10.4565	10.5209	10.7156	9.9175	10.6072	
WDR67	10.9552	10.8213	10.955	11.2344	10.4295	10.7373	
NFIL3	5.745	6.062	6.0507	5.9925	6.2302	6.3152	
RFC2	9.8555	10.1632	10.231	9.9976	9.5351	9.9606	
ARL4C	8.3959	8.0451	7.8309	6.883	8.9271	7.4514	
TIMM9	12.3864	12.4874	12.3852	12.8181	12.0476	12.2767	
CPNE3	13.0699	13.5892	13.2618	13.3738	13.0699	13.1437	
ORC1	12.0505	11.008	10.6219	9.7851	11.8016	10.4135	
C5	6.0724	6.098	5.9524	5.5993	6.1644	5.4162	
PARP2	8.6943	8.7111	8.3719	8.4897	8.1269	8.4089	
FASTKD5	8.9146	9.1729	9.9379	10.2198	9.9258	9.1675	
SCRN1	9.3636	9.1862	8.9654	8.9037	9.218	9.2675	
MAN2B1	7.4121	6.9673	7.1051	7.4401	6.5219	7.0712	
PTPLAD1	9.8392	10.2554	10.1875	10.2072	9.9382	10.0528	
MSRA	6.3093	6.0464	6.1311	5.9904	5.8044	5.735	
NFKBIA	10.5844	10.393	10.898	11.1022	10.4746	10.6219	
DCTD	7.8941	7.9466	7.9987	8.1856	7.7394	8.3727	
SYNE2	6.3993	6.7269	6.7566	6.9161	5.9791	6.6036	
MBNL1	7.8675	8.1473	8.5029	8.3748	8.431	8.1603	
UBE3C	10.1632	10.1204	10.2831	10.4566	10.0485	10.2593	
CCDC92	6.5219	6.3685	6.1584	6.2562	5.5645	6.0935	
MYCBP	9.6853	9.834	9.8031	10.0528	8.6639	9.8147	
CXCL2	4.9458	4.8422	5.1353	5.6261	5.9524	4.8743	
PTPN1	10.3376	10.2142	10.1915	10.3665	10.8171	10.2677	
BRP44	11.7671	11.6029	11.4817	11.5216	11.2074	11.5358	
TIMM22	7.9063	7.7697	7.7804	7.5294	7.8415	7.7082	
ATF5	9.031	8.9843	9.3006	9.0088	8.627	9.0039	
ECD	9.6595	9.7711	9.9729	9.9629	9.7467	9.7283	
CIRBP	8.2728	7.9466	8.107	7.9617	7.4778	7.7619	
NSDHL	7.5634	8.7795	8.6452	8.6491	9.0221	8.9333	
ADI1	8.9381	9.0899	9.082	9.402	8.5264	9.0718	
NFKBIE	6.5904	7.4345	6.3226	6.0669	7.0505	5.9925	
ADCK3	4.4442	4.9702	5.2665	4.9068	5.9579	4.7136	
PRSS23	5.7946	4.8841	5.5292	5.3103	5.6101	5.5983	
CCNH	7.6582	7.1634	7.2494	6.8615	7.1347	7.3203	
GDPD5	7.2472	7.4802	6.8749	7.5116	7.8118	6.7984	
P4HA2	6.0042	5.8627	5.5959	5.968	5.3987	5.7302	
TARBP1	7.8927	8.3061	8.3337	8.7116	6.7062	8.4867	
ATP6V0B	8.8449	8.8927	9.1581	9.025	8.9271	8.6947	
RBKS	7.4935	7.3404	7.3493	7.467	6.0182	7.089	
CAPN1	7.6969	7.2963	7.7271	7.7823	6.5079	7.3203	
KDM3A	6.1853	6.1969	6.7946	7.0082	8.2939	6.4259	
BID	6.8659	7.7311	7.1208	7.9209	7.5883	6.9421	
STXBP1	7.4842	7.1938	7.2992	7.2621	7.7432	7.5426	
ITGB5	9.5373	8.9286	9.2573	10.2632	9.7344	9.6688	
MTF2	8.4685	8.7492	8.6803	8.9561	9.0159	8.5509	
HLA-DRA	5.9313	5.5016	5.0242	5.3337	5.6672	5.1113	
SLC11A2	7.3619	7.3032	7.4275	7.4584	7.5731	7.2262	
PDIA5	5.176	5.0007	5.0538	5.9014	4.9192	5.6874	
PIK3C2B	8.1067	7.9466	8.1654	8.0905	8.0613	8.178	
RAP1GAP	8.6383	8.1313	8.779	8.7779	10.5092	8.8298	
SLC25A46	7.9893	8.7933	7.9062	8.4636	8.5152	8.4021	
CDK19	7.6168	7.4788	7.2106	7.545	7.4645	8.0414	
NOLC1	8.2263	8.3033	8.6204	8.6697	8.0691	8.1603	
CAT	10.3084	10.4097	10.4187	10.2742	10.3342	10.3065	
KIAA0753	7.4373	6.8532	6.9606	6.5022	7.467	6.775	
DUSP14	7.7568	7.4474	7.524	7.7924	8.1603	7.5607	
KAT6B	7.4209	7.3291	6.9208	7.2684	7.4219	7.3932	
CHN1	4.2857	4.8605	5.5534	3.5316	5.224	4.2911	
HMGA2	5.5343	4.987	4.5804	5.1041	5.2306	5.7771	
IGFBP3	6.1008	6.1944	5.975	6.0867	6.0386	5.665	
MAPK13	4.6702	5.1924	4.6638	4.6143	5.0983	4.9957	
TRIB1	8.7677	8.3854	7.9508	8.0718	8.8886	8.3657	
UFM1	8.958	9.1388	9.2098	9.2428	9.3536	9.1445	
GNA15	7.943	7.6074	6.7012	6.7146	8.3558	8.0114	
TP53BP1	7.3812	7.6695	7.9582	7.9648	7.8515	7.3761	
FRS2	7.0476	6.5156	6.6024	6.8966	8.2039	7.0712	
IARS2	11.8813	12.1333	12.2073	12.293	11.5326	12.0411	
BECN1	7.0433	7.3086	7.4938	7.6458	7.5342	7.8146	
GATA2	8.9409	8.7639	9.0921	8.7184	7.9548	7.2135	
KDELR2	8.1199	8.6536	8.7703	8.9454	8.2237	8.9137	
RALGDS	8.5389	8.0427	8.763	7.8704	7.8645	7.8561	
ELAVL1	7.0443	6.9513	7.2813	7.5366	7.1347	7.7264	
NRIP1	6.5716	7.803	7.7644	7.2047	6.8533	7.1679	
CCNB2	11.3892	11.2393	11.4562	11.4711	10.9339	11.4414	
IFNAR1	9.2889	10.1359	8.2237	7.7511	9.3319	8.0133	
MIF	14.5398	14.5398	14.3608	14.5398	14.187	14.3849	
RNPS1	13.0258	13.1723	13.2926	13.0699	12.854	13.0779	
DAG1	7.8376	7.5731	8.26	8.3827	7.4467	8.0451	
SATB1	4.2465	4.2911	3.9623	4.5257	4.4373	3.7464	
ARID4B	7.4042	7.4953	7.8	7.8714	8.2116	8.0378	
IGF2BP2	3.879	4.6023	4.0732	4.2857	4.191	3.906	
GSTZ1	9.4788	9.7013	10.3546	10.278	9.5309	10.2632	
IGF2R	9.9562	10.0122	9.8929	9.9079	10.602	9.7795	
SESN1	6.4166	5.9481	6.029	6.0378	6.1119	6.5242	
TIPARP	7.6871	7.6282	8.0774	8.1117	9.0468	7.8485	
CRTAP	6.749	6.6082	7.0156	7.0011	6.8742	7.1661	
SPEN	8.6555	8.4545	8.2214	8.3706	8.4522	8.1812	
GMNN	11.9807	11.8447	11.8405	11.743	11.3688	11.6353	
PFKL	9.0135	9.3144	9.5118	9.4637	8.4905	9.226	
CYTH1	7.3983	7.4992	7.786	7.5917	6.3595	7.1171	
PDHX	9.2648	9.6237	7.8714	9.8489	9.7785	9.3636	
DENND2D	9.3245	9.1064	9.5565	9.6662	8.9898	9.2534	
PRCP	7.3619	7.3427	7.3711	7.2472	6.9481	7.1795	
CTTN	6.1116	6.1825	6.9425	7.1152	7.0183	6.6353	
SMARCA4	7.8078	7.8528	8.1499	8.3447	7.0712	7.9355	
PYGL	8.4417	8.4538	9.1098	9.4701	9.8983	9.2184	
UBR7	9.1862	9.3363	8.2932	8.6745	8.7888	8.6463	
GRB7	12.7527	12.01	12.6654	12.1333	13.0809	12.3631	
RPA2	9.0249	8.9971	8.692	8.901	8.4373	9.0328	
CD44	8.7386	9.2051	8.7541	7.7776	9.5674	9.3335	
ERBB3	9.2098	8.341	9.0959	9.0587	8.431	8.6569	
GTF2E2	9.0155	8.8984	8.4753	8.6308	9.0555	8.6151	
VAV3	6.4779	6.0712	6.4461	6.001	6.213	5.83	
ABHD6	6.4387	6.3667	6.1584	5.8572	6.221	6.634	
ANXA7	10.8511	11.1597	11.3258	11.1688	10.4977	10.9789	
MAPKAPK2	10.0485	10.4357	10.4112	10.1739	9.7644	9.864	
TXNRD1	13.2966	13.045	13.432	13.2618	13.4513	12.989	
CAB39	7.7697	8.2485	8.4473	8.4423	8.558	8.1427	
FZD1	7.5222	6.9208	6.5115	6.0507	7.9469	6.7566	
CRYZ	9.4822	9.5278	9.5389	9.7785	8.9983	9.4958	
TIAM1	7.1839	7.7697	7.3534	7.3726	7.0431	7.5231	
DNM1L	10.1632	10.1567	10.1336	10.3913	10.1504	10.1314	
GAA	5.1508	5.0188	5.3546	5.7576	5.3756	5.284	
DERA	9.2428	9.2447	9.2662	9.0943	8.9756	9.1791	
SKIV2L	7.4559	7.097	7.6875	7.8335	6.7107	7.3472	
BLMH	8.5639	8.6229	8.6441	8.9211	7.8146	8.2585	
PTPRK	11.4882	10.9438	10.645	10.3707	11.0857	10.576	
HERC6	5.5301	5.3521	4.3782	5.4917	5.437	5.0728	
RRP1B	8.3593	8.1745	8.5951	8.6389	7.4793	8.2449	
MKNK1	10.2072	10.3546	9.6188	9.1843	10.1563	10.0787	
TSPAN3	7.1719	6.4421	7.2992	8.1231	7.2692	7.7146	
ACOT9	7.6441	8.5182	8.855	8.881	7.9893	7.9893	
PIK3R3	8.3368	7.8373	8.4021	8.4074	8.506	8.4143	
KEAP1	9.7956	9.6146	9.7729	9.8489	9.9182	9.6824	
ST3GAL5	5.589	5.4587	5.3017	5.2973	5.2785	5.2026	
CTNNAL1	7.2963	7.7066	7.5798	7.5939	7.3888	7.207	
TFDP1	10.6219	10.8595	11.2426	11.187	10.6514	10.805	
ABHD4	7.2246	7.0748	7.3643	6.8339	7.3006	6.9598	
SMC3	8.4245	7.9864	8.0031	7.0665	8.7544	7.9759	
INPP4B	5.0983	5.1508	4.7958	4.8697	5.2911	4.6965	
LBR	8.4871	8.5418	8.7265	8.9553	7.9987	8.7375	
PPIE	9.4648	9.0336	9.1219	9.1927	8.8399	9.2447	
ZMIZ1	11.8016	12.156	11.7063	12.1756	11.5191	11.9091	
PPARG	5.8466	6.2548	5.9289	5.7315	5.5645	5.5173	
TERF2IP	9.3006	9.1519	9.4822	9.4789	9.7231	9.5345	
BNIP3	9.2498	9.0674	9.508	9.5608	9.4126	9.4734	
RPP38	8.1878	8.2143	8.8867	8.6943	8.1117	8.6308	
BCL2	4.3645	3.9446	3.9901	4.3417	4.1769	4.1383	
CAST	10.0062	10.2831	10.0248	9.8254	10.3936	10.0378	
BAG3	10.576	10.7696	10.8525	10.877	11.3353	10.683	
RBM6	8.3903	8.2223	8.0607	8.2378	8.3104	8.0324	
CSK	8.9756	8.922	9.4302	9.834	9.1861	9.4676	
GNA11	8.8569	9.614	9.1216	9.2366	9.6188	8.7769	
ALDOC	7.7021	7.4569	7.6678	7.8974	8.4021	7.7371	
TOR1A	7.1679	6.8436	7.9001	7.3319	7.7148	7.1821	
SLC25A13	11.3693	10.89	11.7737	11.6029	11.1478	10.9356	
UBE2L6	7.5535	7.9656	6.9926	6.339	8.2806	7.5568	
SYK	6.8893	6.8547	6.642	5.8237	7.1593	6.332	
TSPAN4	11.069	11.3588	11.6494	11.7145	11.1175	11.7145	
NR3C1	5.855	5.8466	5.4319	5.665	6.1009	5.3907	
PCBD1	13.1723	12.8877	13.1035	13.2177	12.8317	13.3128	
ICMT	11.3432	11.1286	11.2237	11.3588	10.8332	11.3477	
TRIB3	13.4752	13.3366	13.5326	13.3366	14.1391	13.5326	
EIF4EBP1	8.799	8.4782	8.7605	8.8303	7.7475	8.6292	
PHF15	3.8961	4.3417	4.5471	4.2084	3.9985	4.5125	
CXCR4	7.5604	7.0657	6.642	6.3685	7.6177	6.4612	
GNPDA1	9.7823	9.6378	9.587	9.5565	9.8833	9.4835	
CCND3	8.9561	8.779	8.6191	8.84	7.9575	8.3377	
FKBP14	6.8998	7.4933	7.0056	7.2436	6.4672	6.8044	
CIAPIN1	9.5674	9.8599	9.2157	9.7762	9.9368	9.4004	
NUCB2	9.9379	9.6371	9.8042	9.3296	10.5307	9.8334	
COG7	8.6364	8.5552	8.6649	7.4096	8.8328	8.6814	
RSU1	8.4261	7.6008	7.7278	8.0186	8.6314	8.107	
PTPN6	7.3293	6.4612	6.9642	6.896	7.5449	7.0003	
TUBB6	8.4626	8.1812	8.3514	8.2958	6.8533	8.5951	
ABL1	7.6289	7.7854	6.7458	7.1152	7.6345	7.275	
DUSP4	6.4586	6.9798	7.2213	7.4725	8.5804	7.2472	
CCNF	7.9209	7.9378	8.5269	8.4905	7.4072	8.2522	
PTPN12	9.1149	9.0648	9.4126	9.414	9.4278	9.0963	
HSPA1A	11.0857	11.5145	11.7411	12.0411	12.1707	11.7333	
PCK2	9.2366	8.8354	8.6279	8.534	9.1519	8.8377	
FAM57A	5.3595	5.2665	4.6432	4.608	4.9012	5.0977	
RB1	8.627	8.6231	8.4673	8.757	9.0859	8.6292	
EVL	6.3503	6.5759	6.6814	6.7812	6.3558	6.681	
GFPT1	7.1945	7.3493	7.8838	7.7218	8.4837	7.6827	
BLVRA	8.9602	8.9938	8.9304	9.7013	9.6182	9.499	
GPER	5.6483	5.8112	5.1998	5.3434	5.7315	5.8821	
EAPP	6.9231	7.467	6.9208	7.188	7.0596	6.9657	
S100A13	12.7056	12.3631	12.5387	12.4373	11.9	12.2949	
EXT1	12.679	11.2573	11.7527	10.6168	12.5656	11.5635	
MYBL2	10.805	10.7989	10.943	10.751	9.893	10.7073	
POLE2	6.7458	7.1231	6.8615	7.5798	5.6489	7.1125	
STX4	9.6659	9.7094	9.3276	9.2675	9.8772	9.5241	
PLCB3	10.7038	10.3182	10.547	10.3661	9.8187	10.1336	
TMCO1	11.7531	11.4686	11.3868	11.5449	11.7171	11.605	
C2CD2	6.8659	7.1821	7.169	7.4458	7.5812	7.2783	
PARP1	10.9639	11.2127	11.3892	11.299	10.9356	11.298	
ANKRD10	7.9107	7.8664	7.8962	8.8538	8.9725	8.6803	
CCDC85B	8.2546	8.2958	8.5606	8.5088	7.5912	8.2039	
DDB2	6.2064	6.1753	6.1969	6.5716	6.1008	6.2898	
DDX10	8.5801	8.6974	8.9777	9.1175	8.8108	9.0718	
BAMBI	9.1617	9.2734	9.0551	9.4252	8.4782	9.0597	
CEP57	8.417	8.577	8.1745	7.8949	9.0011	7.9814	
HADH	11.5635	11.8224	11.6773	11.4224	11.2043	11.6625	
RAB31	9.7549	9.6245	9.3999	9.4958	8.6649	9.3414	
ABCC5	7.9548	7.2024	7.1491	7.1652	6.9606	6.7922	
GLRX	7.3006	7.6933	7.8949	8.1812	9.3007	8.3802	
MVP	9.0543	8.506	8.8569	8.5208	8.4872	8.7492	
RFC5	7.8184	8.0791	7.7889	7.8515	7.7954	7.6168	
HES1	9.3335	9.0597	9.7549	9.1149	9.8191	9.7043	
STMN1	9.7573	9.6188	9.3906	9.7655	8.5436	9.188	
GALE	9.1352	9.0921	9.0039	9.1393	8.5164	9.0945	
KLHL9	7.1491	7.3666	7.2622	7.1399	7.1594	6.8762	
PTPRF	10.4252	9.9976	10.0084	9.5167	10.0703	9.6659	
UBE2J1	9.0551	8.6933	8.3558	8.0484	9.2573	8.2546	
PGM1	9.0866	9.1572	9.4447	9.4787	9.5473	9.5664	
SLC37A4	7.8227	7.7511	8.2886	7.8336	6.6747	7.7554	
LOXL1	5.4569	5.6976	5.9035	5.6303	5.3262	5.5171	
PLK1	8.6472	9.0745	9.7261	10.071	8.7507	9.5473	
MYO10	7.0021	6.8339	6.7107	7.0908	7.3493	7.2268	
NPRL2	6.5489	6.5067	7.353	6.7026	6.9265	6.3972	
LIPA	7.6383	7.4661	7.1995	7.5186	6.9993	7.1456	
PWP1	8.9146	8.7544	8.8399	9.0399	8.9333	9.1221	
PHGDH	8.0596	8.0905	8.3842	8.8569	9.1621	9.0963	
PLEKHM1	11.662	10.7428	10.0557	8.6745	12.009	10.4918	
ST7	10.2569	9.9175	10.4566	10.3182	10.1762	10.2047	
VAT1	6.3381	7.006	6.8228	6.8893	6.3134	6.6217	
IKBKB	5.6741	5.72	5.5873	6.1489	5.7473	5.2694	
KIF20A	8.6364	8.4905	9.1481	9.0011	8.1225	9.2734	
CDH3	3.9804	4.8219	5.346	4.9546	5.0303	6.4886	
PCM1	5.603	5.2785	6.472	6.4778	5.8068	4.9501	
IER3	8.5493	8.7743	8.8033	8.6569	8.6106	8.4216	
SSBP2	7.1132	7.1437	6.9208	6.9161	7.6897	7.1593	
FAT1	9.3245	9.3163	9.4302	9.7314	9.1861	9.4586	
SNX11	5.0793	5.1045	4.8251	5.049	4.5472	5.0648	
RNMT	6.8339	7.235	7.7021	7.8779	7.1099	7.3619	
SFN	7.4008	6.2811	6.6652	7.1394	6.4889	6.6568	
EGFR	6.8682	7.1051	7.235	7.3404	7.136	7.312	
RFX5	6.144	6.7146	6.6652	7.4757	7.7236	7.369	
NET1	10.2873	10.3437	10.7402	10.3379	9.7997	10.448	
PKIG	7.5699	7.601	7.3032	7.5047	7.1615	7.3351	
DECR1	12.3622	12.8984	12.8984	12.5755	12.2634	12.6654	
FSD1	8.1399	8.0865	7.2739	6.8896	8.5152	7.1966	
ATP6V1D	9.6541	9.3999	9.6714	9.9596	8.9843	9.543	
CDK6	4.8668	4.2757	5.2248	5.0303	4.662	5.1924	
CDC45	9.4004	9.3155	8.9051	9.2302	8.6555	9.1302	
NPC1	8.2263	8.6463	8.2728	8.363	9.2472	8.8377	
EDEM1	9.3204	9.4965	9.1311	9.1268	9.4822	9.2377	
MEST	14.1391	13.7759	13.7306	13.7306	13.8938	13.827	
MYLK	4.1788	4.2351	4.3782	4.4112	4.3815	4.8514	
PAFAH1B3	10.0213	9.9182	10.5703	10.4961	8.6745	10.5594	
CALU	11.595	11.6494	11.6277	11.6773	11.6895	11.7045	
USP6NL	8.0791	8.1628	8.0941	8.2629	8.2224	7.961	
LGALS8	9.423	8.4981	8.3954	8.5825	9.4401	8.8113	
NT5DC2	8.901	8.8904	9.4685	9.3561	9.0543	9.6758	
CCP110	7.4569	7.6556	7.5944	7.7026	7.2279	7.4146	
LRP10	10.0288	10.2462	10.5405	10.3328	9.7246	10.485	
ATP1B1	13.1437	12.9186	12.9447	13.1437	13.0446	12.6468	
STK10	6.8192	6.5533	6.1866	6.5848	7.2885	6.3819	
OXCT1	7.8309	7.5457	7.5799	7.8055	7.0665	7.4826	
UGDH	6.8445	6.7365	7.7523	7.0746	8.3473	8.1499	
SLC25A4	8.3444	8.5369	8.1117	8.4838	8.5493	8.8717	
SQRDL	6.361	6.4317	6.1311	6.494	6.6246	6.5225	
HEBP1	8.007	8.6814	7.674	8.1861	7.9038	7.9141	
PSMB10	8.6035	8.341	8.3317	8.1479	8.8354	8.3377	
ASCC3	7.6827	7.0854	7.3319	8.1006	6.7552	7.3906	
FGFR4	6.9554	7.6083	7.0056	6.867	6.2895	6.6043	
CDKN2A	10.5053	10.4707	10.8263	11.0077	10.3629	10.2969	
TRAM2	5.6765	5.298	5.3863	5.47	5.0977	5.3434	
ATP11B	9.3386	9.226	8.0286	7.6029	8.7286	8.2141	
PYCR1	9.6341	9.9729	10.0619	10.4187	10.0314	10.2637	
CD320	10.0824	9.7231	10.0742	9.8256	9.3731	10.6223	
NCOA3	9.7159	9.9076	9.7467	10.0314	10.6893	10.0116	
CDKN1B	9.7184	9.8404	9.9997	10.2554	10.0213	9.493	
POLD4	7.5307	7.2736	7.4427	7.151	7.8941	7.8415	
FOSL1	5.3907	5.1198	4.9192	5.1721	5.1275	5.2569	
MLLT11	4.5123	4.2933	4.1463	4.4517	5.0188	3.9437	
CEBPZ	9.5025	9.2404	9.4606	9.0135	9.3116	9.3006	
PRKACA	10.8525	10.6557	10.2742	9.6119	11.0455	10.2462	
GAPDH	15.0001	15.0001	15.0001	15.0001	15.0001	15.0001	
CBR3	5.8878	5.1168	5.1965	5.1903	6.593	4.7785	
LYRM1	4.7336	5.7576	6.121	6.2523	4.9602	6.1358	
